1 0 1.60873488775
2 0 1.60873488775
3 0 1.60873488775
4 0 1.60873488775
5 0 1.60873488775
6 0 1.60873488775
7 0 1.60873488775
8 0 1.60873488775
9 1 3.19582649238
10 2 3.09361277199
11 3 3.04877306318
12 4 3.00502967521
13 5 2.93923885276
14 6 2.9152490443
15 7 2.97046746516
16 8 3.01633525896
17 9 2.99822268383
18 10 2.96804028827
19 11 3.00955594553
20 12 2.99381445442
21 13 3.08185055954
22 14 3.08391348487
23 15 3.15938130053
24 16 3.22172417942
25 17 3.23899893065
26 18 3.14790924983
27 19 3.06898928876
28 20 2.97660722875
29 21 2.92584033599
30 22 2.94558724093
31 23 2.89699387278
32 24 2.89447922185
33 25 2.9082160084
34 26 2.9624299715
35 27 3.04355296533
36 28 3.13699398717
37 29 3.21132302231
38 30 3.32064681422
39 31 3.42173044722
40 32 3.44065007362
41 33 3.32742140188
42 34 3.26927036805
43 35 3.20732263979
44 36 3.29065654574
45 37 3.34330014331
46 38 3.24755861043
47 39 3.23299001294
48 40 3.34253648533
49 41 3.33630408986
50 42 3.23976705045
51 43 3.29983701852
52 44 3.3937794665
53 45 3.43310323666
54 46 3.34205341311
55 47 3.3091876746
56 48 3.2202710869
57 49 3.1684715072
58 50 3.13995170142
59 51 3.21715929122
60 52 3.2258045227
61 53 3.29603914763
62 54 3.3200379951
63 55 3.36732589144
64 56 3.42190464785
65 57 3.44101022406
66 58 3.46328018265
67 59 3.44599457092
68 60 3.33648968041
69 61 3.32026359616
70 62 3.23964163463
71 63 3.19346352073
72 64 3.16720380657
73 65 3.10384071251
74 66 3.11243802217
75 67 3.0794013875
76 68 3.14736442861
77 69 3.12402066559
78 70 3.20491361068
79 71 3.20129410965
80 72 3.11282139188
81 73 3.08353155303
82 74 3.00956804255
83 75 2.96432515186
84 76 2.99705572412
85 77 3.02998802574
86 78 3.08774559428
87 79 3.16750011543
88 80 3.16196193791
89 81 3.08218890009
90 82 3.09762535432
91 83 3.02769578805
92 84 3.05612583088
93 85 3.02004181019
94 86 3.08709627086
95 87 3.07788592883
96 88 3.13443653151
97 89 3.06392566035
98 90 3.10312668991
99 91 3.01683133017
100 92 3.05649269606
101 93 2.98060443893
102 94 2.90805244332
103 95 2.94326584678
104 96 2.97751255241
105 97 2.88982686305
106 98 2.84840182149
107 99 2.91921264143
108 100 2.90256482431
109 101 2.81131523146
110 102 2.82269780145
111 103 2.8754029522
112 104 2.81675406886
113 105 2.75315024253
114 106 2.80370175751
115 107 2.81733108274
116 108 2.73262138633
117 109 2.72990689375
118 110 2.66977729787
119 111 2.6874587895
120 112 2.63092422785
121 113 2.63347183853
122 114 2.70893303588
123 115 2.70339980764
124 116 2.65766994468
125 117 2.69664309003
126 118 2.76499754135
127 119 2.73186653702
128 120 2.0110334934
129 120 2.0110334934
130 120 2.0110334934
131 120 2.0110334934
132 120 2.0110334934
133 120 2.0110334934
134 120 2.0110334934
135 120 2.0110334934
136 120 2.0110334934
137 120 2.0110334934
138 120 2.0110334934
139 120 2.0110334934
140 120 2.0110334934
141 120 2.0110334934
142 120 2.0110334934
143 120 2.0110334934
144 120 2.0110334934
145 120 2.0110334934
146 120 2.0110334934
147 120 2.0110334934
148 120 2.0110334934
149 120 2.0110334934
150 120 2.0110334934
151 120 2.0110334934
152 120 2.0110334934
153 120 2.0110334934
154 120 2.0110334934
155 120 2.0110334934
156 120 2.0110334934
157 120 2.0110334934
158 120 2.0110334934
159 120 2.0110334934
160 120 2.0110334934
161 120 2.0110334934
162 120 2.0110334934
163 120 2.0110334934
164 120 2.0110334934
165 120 2.0110334934
166 120 2.0110334934
167 120 2.0110334934
168 120 2.0110334934
169 120 2.0110334934
170 120 2.0110334934
171 120 2.0110334934
172 120 2.0110334934
173 120 2.0110334934
174 120 2.0110334934
175 120 2.0110334934
176 120 2.0110334934
177 120 2.0110334934
178 120 2.0110334934
179 120 2.0110334934
180 120 2.0110334934
181 120 2.0110334934
182 120 2.0110334934
183 120 2.0110334934
184 120 2.0110334934
185 120 2.0110334934
186 120 2.0110334934
187 120 2.0110334934
188 120 2.0110334934
189 120 2.0110334934
190 120 2.0110334934
191 120 2.0110334934
192 120 2.0110334934
193 121 2.86191372785
194 121 2.86191372785
195 121 2.86191372785
196 121 2.86191372785
197 121 2.86191372785
198 121 2.86191372785
199 121 2.86191372785
200 121 2.86191372785
201 121 2.86191372785
202 121 2.86191372785
203 121 2.86191372785
204 121 2.86191372785
205 121 2.86191372785
206 121 2.86191372785
207 121 2.86191372785
208 121 2.86191372785
209 121 2.86191372785
210 121 2.86191372785
211 121 2.86191372785
212 121 2.86191372785
213 121 2.86191372785
214 121 2.86191372785
215 121 2.86191372785
216 121 2.86191372785
217 121 2.86191372785
218 121 2.86191372785
219 121 2.86191372785
220 121 2.86191372785
221 121 2.86191372785
222 121 2.86191372785
223 121 2.86191372785
224 121 2.86191372785
225 121 2.86191372785
226 121 2.86191372785
227 121 2.86191372785
228 121 2.86191372785
229 121 2.86191372785
230 121 2.86191372785
231 121 2.86191372785
232 121 2.86191372785
233 121 2.86191372785
234 121 2.86191372785
235 121 2.86191372785
236 121 2.86191372785
237 121 2.86191372785
238 121 2.86191372785
239 121 2.86191372785
240 121 2.86191372785
241 121 2.86191372785
242 121 2.86191372785
243 121 2.86191372785
244 121 2.86191372785
245 121 2.86191372785
246 121 2.86191372785
247 121 2.86191372785
248 121 2.86191372785
249 121 2.86191372785
250 121 2.86191372785
251 121 2.86191372785
252 121 2.86191372785
253 121 2.86191372785
254 121 2.86191372785
255 121 2.86191372785
256 121 2.86191372785
257 122 1.91987215459
258 123 1.91385403763
259 124 1.96852515337
260 125 1.97961300832
261 126 1.92967458545
262 127 1.99830574876
263 128 2.01610275458
264 129 1.94719633297
265 130 1.96569404457
266 131 2.04410705421
267 132 2.02334668932
268 133 1.98044556026
269 134 2.03904603208
270 135 2.09545932193
271 136 2.08857138356
272 137 2.13454662353
273 138 2.193995226
274 139 2.19830549419
275 140 2.26177540215
276 141 2.26468900035
277 142 2.29596880051
278 143 2.24242324893
279 144 2.17510400533
280 145 2.19748691939
281 146 2.18743869392
282 147 2.10571878859
283 148 2.0732903489
284 149 2.05319799916
285 150 2.10216558617
286 151 2.18096609104
287 152 2.24076486682
288 153 2.25916134861
289 154 2.18086321219
290 155 2.17556353201
291 156 2.24583752752
292 157 2.21788160293
293 158 2.14412995898
294 159 2.18423339274
295 160 2.2284098505
296 161 2.16034480088
297 162 2.12496367616
298 163 2.19480542542
299 164 2.19710450683
300 165 2.11913493485
301 166 2.14937642824
302 167 2.08873119763
303 168 2.15212316462
304 169 2.2270989833
305 170 2.29457469239
306 171 2.34458289502
307 172 2.40034502809
308 173 2.47375992283
309 174 2.54915762005
310 175 2.5439958148
311 176 2.46259936943
312 177 2.43296576918
313 178 2.36525504172
314 179 2.31376936654
315 180 2.24463552591
316 181 2.19269990773
317 182 2.118234116
318 183 2.11284094308
319 184 2.05377258364
320 185 2.03300115822
321 186 2.02048921789
322 187 1.97477126339
323 188 1.92868464836
324 189 1.92486912275
325 190 1.89624169614
326 191 1.81777318681
327 192 1.80278017654
328 193 3.03540694318
329 193 3.03540694318
330 193 3.03540694318
331 193 3.03540694318
332 193 3.03540694318
333 193 3.03540694318
334 193 3.03540694318
335 193 3.03540694318
336 193 3.03540694318
337 193 3.03540694318
338 193 3.03540694318
339 193 3.03540694318
340 193 3.03540694318
341 193 3.03540694318
342 193 3.03540694318
343 193 3.03540694318
344 193 3.03540694318
345 193 3.03540694318
346 193 3.03540694318
347 193 3.03540694318
348 193 3.03540694318
349 193 3.03540694318
350 193 3.03540694318
351 193 3.03540694318
352 193 3.03540694318
353 193 3.03540694318
354 193 3.03540694318
355 193 3.03540694318
356 194 1.03891070496
357 194 1.03891070496
358 194 1.03891070496
359 194 1.03891070496
360 194 1.03891070496
361 194 1.03891070496
362 194 1.03891070496
363 194 1.03891070496
364 194 1.03891070496
365 194 1.03891070496
366 194 1.03891070496
367 194 1.03891070496
368 194 1.03891070496
369 194 1.03891070496
370 194 1.03891070496
371 194 1.03891070496
372 194 1.03891070496
373 194 1.03891070496
374 194 1.03891070496
375 194 1.03891070496
376 194 1.03891070496
377 194 1.03891070496
378 194 1.03891070496
379 194 1.03891070496
380 194 1.03891070496
381 194 1.03891070496
382 194 1.03891070496
383 194 1.03891070496
384 194 1.03891070496
385 194 1.03891070496
386 194 1.03891070496
387 194 1.03891070496
388 194 1.03891070496
389 194 1.03891070496
390 194 1.03891070496
391 194 1.03891070496
392 194 1.03891070496
393 194 1.03891070496
394 194 1.03891070496
395 194 1.03891070496
396 194 1.03891070496
397 194 1.03891070496
398 194 1.03891070496
399 194 1.03891070496
400 194 1.03891070496
401 194 1.03891070496
402 194 1.03891070496
403 194 1.03891070496
404 194 1.03891070496
405 194 1.03891070496
406 194 1.03891070496
407 194 1.03891070496
408 194 1.03891070496
409 194 1.03891070496
410 194 1.03891070496
411 194 1.03891070496
412 194 1.03891070496
413 194 1.03891070496
414 194 1.03891070496
415 194 1.03891070496
416 194 1.03891070496
417 194 1.03891070496
418 194 1.03891070496
419 194 1.03891070496
420 194 1.03891070496
421 194 1.03891070496
422 194 1.03891070496
423 194 1.03891070496
424 194 1.03891070496
425 194 1.03891070496
426 194 1.03891070496
427 194 1.03891070496
428 194 1.03891070496
429 194 1.03891070496
430 194 1.03891070496
431 195 2.40615944664
432 195 2.40615944664
433 195 2.40615944664
434 195 2.40615944664
435 195 2.40615944664
436 195 2.40615944664
437 195 2.40615944664
438 195 2.40615944664
439 195 2.40615944664
440 195 2.40615944664
441 195 2.40615944664
442 195 2.40615944664
443 195 2.40615944664
444 195 2.40615944664
445 195 2.40615944664
446 195 2.40615944664
447 195 2.40615944664
448 195 2.40615944664
449 195 2.40615944664
450 195 2.40615944664
451 195 2.40615944664
452 195 2.40615944664
453 195 2.40615944664
454 195 2.40615944664
455 195 2.40615944664
456 195 2.40615944664
457 195 2.40615944664
458 195 2.40615944664
459 195 2.40615944664
460 195 2.40615944664
461 195 2.40615944664
462 195 2.40615944664
463 195 2.40615944664
464 195 2.40615944664
465 195 2.40615944664
466 195 2.40615944664
467 195 2.40615944664
468 195 2.40615944664
469 195 2.40615944664
470 195 2.40615944664
471 195 2.40615944664
472 195 2.40615944664
473 195 2.40615944664
474 195 2.40615944664
475 195 2.40615944664
476 195 2.40615944664
477 195 2.40615944664
478 195 2.40615944664
479 195 2.40615944664
480 195 2.40615944664
481 195 2.40615944664
482 195 2.40615944664
483 195 2.40615944664
484 195 2.40615944664
485 195 2.40615944664
486 195 2.40615944664
487 195 2.40615944664
488 195 2.40615944664
489 195 2.40615944664
490 195 2.40615944664
491 195 2.40615944664
492 195 2.40615944664
493 195 2.40615944664
494 196 3.34511357868
495 196 3.34511357868
496 196 3.34511357868
497 196 3.34511357868
498 196 3.34511357868
499 196 3.34511357868
500 196 3.34511357868
501 196 3.34511357868
502 196 3.34511357868
503 196 3.34511357868
504 196 3.34511357868
505 196 3.34511357868
506 196 3.34511357868
507 196 3.34511357868
508 196 3.34511357868
509 196 3.34511357868
510 196 3.34511357868
511 196 3.34511357868
512 196 3.34511357868
513 196 3.34511357868
514 196 3.34511357868
515 196 3.34511357868
516 196 3.34511357868
517 196 3.34511357868
518 196 3.34511357868
519 196 3.34511357868
520 196 3.34511357868
521 196 3.34511357868
522 196 3.34511357868
523 196 3.34511357868
524 196 3.34511357868
525 196 3.34511357868
526 196 3.34511357868
527 196 3.34511357868
528 196 3.34511357868
529 196 3.34511357868
530 196 3.34511357868
531 196 3.34511357868
532 196 3.34511357868
533 196 3.34511357868
534 196 3.34511357868
535 196 3.34511357868
536 196 3.34511357868
537 196 3.34511357868
538 196 3.34511357868
539 196 3.34511357868
540 196 3.34511357868
541 196 3.34511357868
542 196 3.34511357868
543 196 3.34511357868
544 196 3.34511357868
545 196 3.34511357868
546 196 3.34511357868
547 196 3.34511357868
548 196 3.34511357868
549 196 3.34511357868
550 196 3.34511357868
551 196 3.34511357868
552 196 3.34511357868
553 196 3.34511357868
554 196 3.34511357868
555 196 3.34511357868
556 196 3.34511357868
557 196 3.34511357868
558 196 3.34511357868
559 196 3.34511357868
560 196 3.34511357868
561 196 3.34511357868
562 196 3.34511357868
563 197 2.02183178032
564 198 2.07387628492
565 199 2.15965008771
566 200 2.18213081413
567 201 2.19541550526
568 202 2.29092728826
569 203 2.3469616377
570 204 2.3815891592
571 205 2.47774757878
572 206 2.4481279918
573 207 2.39484207531
574 208 2.48064520663
575 209 2.54367520352
576 210 2.48036412048
577 211 2.49086830124
578 212 2.59582696561
579 213 2.59780362543
580 214 2.54636454509
581 215 2.62566561995
582 216 2.6888741473
583 217 2.63588197262
584 218 2.62951609602
585 219 2.5728381806
586 220 2.47542171003
587 221 2.50548857512
588 222 2.59027558645
589 223 2.53169847581
590 224 2.4688576935
591 225 2.54874551345
592 226 2.59360561202
593 227 2.50709750624
594 228 2.46555260553
595 229 2.37464549501
596 230 2.31580151694
597 231 2.33390938856
598 232 2.23497654016
599 233 2.23317040495
600 234 2.32466150714
601 235 2.29635206758
602 236 2.20666949674
603 237 2.25123013742
604 238 2.32530873802
605 239 2.26219213266
606 240 2.19971280835
607 241 2.24977620898
608 242 2.171768911
609 243 2.10152104265
610 244 2.14831489087
611 245 5.58829177055
612 245 5.58829177055
613 245 5.58829177055
614 245 5.58829177055
615 245 5.58829177055
