1 0 0.563263967353
2 1 0.548620498292
3 2 0.544695024146
4 3 0.567958499014
5 4 0.59191877717
6 5 0.631895402139
7 6 0.663764856609
8 7 0.691532173004
9 8 0.707826548737
10 9 0.735115910482
11 10 0.710716373103
12 11 0.69127380453
13 12 0.718039630356
14 13 0.694161000938
15 14 0.655978152442
16 15 0.6669541484
17 16 0.654636752244
18 17 0.703201413946
19 18 0.702702770615
20 19 0.687176013792
21 20 0.641359612641
22 21 0.670542793917
23 22 0.687687209638
24 23 0.669478782141
25 24 0.710854089092
26 25 0.700620165642
27 26 0.747722577236
28 27 0.751476146775
29 28 0.802096070733
30 29 0.804268287268
31 30 0.851300529966
32 31 0.812691179042
33 32 0.790553826293
34 33 0.743226575104
35 34 0.735682946898
36 35 0.690539722838
37 36 0.704772759125
38 37 0.672061562675
39 38 0.713128121596
40 39 0.734107107755
41 40 0.754796152598
42 41 0.701073962447
43 42 0.653229172297
44 43 0.630872418309
45 44 0.631580994388
46 45 0.672820512479
47 46 0.705611966062
48 47 0.766217835303
49 48 0.799173101942
50 49 0.793128676935
51 50 0.855216973073
52 51 0.888217531951
53 52 0.92001381591
54 53 0.948777240369
55 54 0.989348711461
56 55 0.945753885617
57 56 0.873235447537
58 57 0.843192147635
59 58 0.811915278114
60 59 0.795852271246
61 60 0.78137442725
62 61 0.770078891438
63 62 0.779328616431
64 63 0.823330146713
65 64 0.808242011831
66 65 0.828262429536
67 66 0.881267849183
68 67 0.927243694241
69 68 0.920876377127
70 69 0.878055088821
71 70 0.881482024289
72 71 0.844670480969
73 72 0.871522543555
74 73 0.868283747938
75 74 0.896407951294
76 75 0.918625281693
77 76 0.958974390904
78 77 1.0182932482
79 78 1.04598412448
80 79 1.02607883224
81 80 0.975569633991
82 81 0.974852399872
83 82 0.958616837715
84 83 0.943586114461
85 84 0.951301171239
86 85 0.925763726154
87 86 0.990129313305
88 87 0.968585210938
89 88 1.0337942677
90 89 0.989843084242
91 90 0.935578452357
92 91 0.857955426012
93 92 0.827083381814
94 93 0.9019964309
95 94 0.895434679119
96 95 0.962420235885
97 96 0.928157170527
98 97 0.932452160369
99 98 1.00865587305
100 99 1.02285836152
101 100 1.05848158968
102 101 1.08401269218
103 102 1.08092399639
104 103 1.08713432641
105 104 1.13444335016
106 105 1.15805833879
107 106 1.1084279379
108 107 1.15650022888
109 108 1.09068003464
110 109 1.01265366705
111 110 0.953485559579
112 111 0.881726337539
113 112 0.84805993919
114 113 0.854838752548
115 114 0.813817805216
116 115 0.831907406372
117 116 0.82920686391
118 117 0.787524096461
119 118 0.825951212489
120 119 0.836399627079
121 120 0.889812409646
122 121 0.933055497595
123 122 0.939554475137
124 123 0.936167239008
125 124 0.909517558254
126 125 0.916947768037
127 126 0.929116385132
128 127 0.95080663815
129 128 0.984056148766
130 129 1.0400923601
131 130 1.10263698608
132 131 1.05624992653
133 132 1.06574781979
134 133 1.00094496237
135 134 1.02565918699
136 135 0.99882294316
137 136 1.02776473188
138 137 1.03548033382
139 138 1.05597169144
140 139 1.10476798073
141 140 1.13308376569
142 141 1.06468415057
143 142 1.12567549443
144 143 1.1478190995
145 144 1.07406235041
146 145 1.12550718402
147 146 1.15972697158
148 147 1.10818445794
149 148 1.14536130455
150 149 1.12516841755
151 150 1.09110964674
152 151 1.08663098562
153 152 1.10244952803
154 153 1.07932705698
155 154 1.10489918843
156 155 1.03576579858
157 156 1.0772314046
158 157 1.16478432007
159 158 1.19885285885
160 159 1.14630368556
161 160 1.18909438437
162 161 1.1996642824
163 162 1.16285506916
164 163 1.07844823183
165 164 1.00560428444
166 165 0.969489554753
167 166 0.952567743128
168 167 0.88863878044
169 168 0.878158116961
170 169 0.817505389154
171 170 0.809399378941
172 171 0.757953024733
173 172 0.770176811528
174 173 0.731252428083
175 174 0.702044790074
176 175 0.692731848902
177 176 0.72846162956
178 177 0.720074171046
179 178 0.737765696181
180 179 0.80677285288
181 180 0.837204836804
182 181 0.829900151534
183 182 0.818974808663
184 183 0.810891238475
185 184 0.857403789776
186 185 0.861456910938
187 186 0.929818982368
188 187 0.935706068007
189 188 0.935742364192
190 189 0.933460796063
191 190 0.871189149503
192 191 0.889216994439
193 192 0.857824661755
194 193 0.900484736921
195 194 0.892972999241
196 195 0.938652247521
197 196 0.98326735501
198 197 1.01151017904
199 198 1.08617637072
200 199 1.05199631398
201 200 1.05975844196
202 201 1.00316113381
203 202 1.00563085183
204 203 0.969936114922
205 204 0.910720033961
206 205 0.888814988607
207 206 0.887213473869
208 207 0.833006119021
209 208 0.883659409631
210 209 0.88204065155
211 210 0.876222721876
212 211 0.929879247582
213 212 0.916295981677
214 213 0.880331618264
215 214 0.819973964012
216 215 0.773539522895
217 216 0.729918100142
218 217 0.719443693638
219 218 0.682927714698
220 219 0.677523777516
221 220 0.624158098853
222 221 0.61733554658
223 222 0.60812733414
224 223 0.592605101008
225 224 0.572604601899
226 225 0.579490655105
227 226 0.613350306034
228 227 0.636252965943
229 228 0.65501437398
230 229 0.645726942185
231 230 0.678038381586
232 231 0.67221833307
233 232 0.71619798203
234 233 0.716407530531
235 234 0.782958804834
236 235 0.818168585365
237 236 0.84839467178
238 237 0.782568484697
239 238 0.756806660386
240 239 0.700374155422
241 240 0.714065460078
242 241 0.67539283875
243 242 0.703395005424
244 243 0.677002254806
245 244 0.711727122933
246 245 0.704268424986
247 246 0.744426637285
248 247 0.74683693358
249 248 1.26714032219
250 248 1.26714032219
251 248 1.26714032219
252 248 1.26714032219
253 248 1.26714032219
254 248 1.26714032219
255 248 1.26714032219
256 248 1.26714032219
257 248 1.26714032219
258 248 1.26714032219
259 248 1.26714032219
260 248 1.26714032219
261 248 1.26714032219
262 248 1.26714032219
263 248 1.26714032219
264 248 1.26714032219
265 248 1.26714032219
266 248 1.26714032219
267 248 1.26714032219
268 248 1.26714032219
269 248 1.26714032219
270 248 1.26714032219
271 248 1.26714032219
272 248 1.26714032219
273 248 1.26714032219
274 248 1.26714032219
275 248 1.26714032219
276 248 1.26714032219
277 248 1.26714032219
278 248 1.26714032219
279 248 1.26714032219
280 248 1.26714032219
281 248 1.26714032219
282 248 1.26714032219
283 248 1.26714032219
284 248 1.26714032219
285 248 1.26714032219
286 248 1.26714032219
287 248 1.26714032219
288 249 1.00588402823
289 250 0.994064026016
290 251 0.913852474207
291 252 0.849991018725
292 253 0.809167458208
293 254 0.785996793124
294 255 0.778308728258
295 256 0.745520663201
296 257 0.742229987156
297 258 0.6858819829
298 259 0.692529210666
299 260 0.730252091355
300 261 0.712926063365
301 262 0.747642540499
302 263 0.70877985681
303 264 0.701007697716
304 265 0.768017831757
305 266 0.771863586664
306 267 0.757413587716
307 268 0.702574621955
308 269 0.694211223478
309 270 0.650599681974
310 271 0.635695368082
311 272 0.605310429062
312 273 0.584750257817
313 274 0.562683684286
314 275 0.587258228603
315 276 0.570366356999
316 277 0.568454752616
317 278 0.542995868462
318 279 0.544676169898
319 280 0.569220380028
320 281 0.575043110743
321 282 0.609640755828
322 283 0.618714631238
323 284 0.664694325192
324 285 0.698053921033
325 286 0.67953743508
326 287 0.62773616035
327 288 0.605388554362
328 289 0.579753236807
329 290 0.583420480298
330 291 0.559790402433
331 292 0.570831996933
332 293 0.556651942348
333 294 0.568106107931
334 295 0.584366547665
335 296 0.575833353269
336 297 0.608274629708
337 298 0.598370089648
338 299 0.630598052011
339 300 0.611526431124
340 301 0.611703893792
341 302 0.603856919903
342 303 0.579014918849
343 304 0.578856915946
344 305 0.587457231054
345 306 0.564525395537
346 307 0.576431424978
347 308 0.573033714317
348 308 0.573033714317
349 308 0.573033714317
