1 0 1.52897839703
2 0 1.52897839703
3 0 1.52897839703
4 0 1.52897839703
5 0 1.52897839703
6 0 1.52897839703
7 0 1.52897839703
8 0 1.52897839703
9 0 1.52897839703
10 0 1.52897839703
11 0 1.52897839703
12 0 1.52897839703
13 0 1.52897839703
14 0 1.52897839703
15 0 1.52897839703
16 0 1.52897839703
17 0 1.52897839703
18 0 1.52897839703
19 0 1.52897839703
20 0 1.52897839703
21 0 1.52897839703
22 0 1.52897839703
23 0 1.52897839703
24 0 1.52897839703
25 0 1.52897839703
26 0 1.52897839703
27 0 1.52897839703
28 0 1.52897839703
29 0 1.52897839703
30 0 1.52897839703
31 0 1.52897839703
32 0 1.52897839703
33 0 1.52897839703
34 0 1.52897839703
35 0 1.52897839703
36 0 1.52897839703
37 0 1.52897839703
38 0 1.52897839703
39 0 1.52897839703
40 0 1.52897839703
41 0 1.52897839703
42 0 1.52897839703
43 0 1.52897839703
44 0 1.52897839703
45 1 1.1515381324
46 2 1.14002655069
47 3 1.14342999318
48 4 1.14311142307
49 5 1.12604907522
50 6 1.14909479919
51 7 1.14911707408
52 8 1.18710317071
53 9 1.21973255875
54 10 1.21023215569
55 11 1.19892351592
56 12 1.21711183396
57 13 1.19710152791
58 14 1.16807439945
59 15 1.15851859043
60 16 1.15645629232
61 17 1.19575241167
62 18 1.19165936414
63 19 1.24664327539
64 20 1.24826952974
65 21 1.21278125484
66 22 1.18175026878
67 23 1.2081611269
68 24 1.18041884937
69 25 1.20936727939
70 26 1.20474402267
71 27 1.24550425396
72 28 1.25950328772
73 29 1.29804254324
74 30 1.33338117831
75 31 1.36451022797
76 32 1.33381722129
77 33 1.29569478619
78 34 1.2693864938
79 35 1.25098592818
80 36 1.23255131704
81 37 1.22782520474
82 38 1.18350513171
83 39 1.21600909397
84 40 1.26175960879
85 41 1.22403013615
86 42 1.27305100141
87 43 1.298835341
88 44 5.81141455298
89 44 5.81141455298
90 44 5.81141455298
91 44 5.81141455298
92 44 5.81141455298
93 44 5.81141455298
94 44 5.81141455298
95 44 5.81141455298
96 44 5.81141455298
97 44 5.81141455298
98 44 5.81141455298
99 44 5.81141455298
100 44 5.81141455298
101 44 5.81141455298
102 44 5.81141455298
103 44 5.81141455298
104 44 5.81141455298
105 44 5.81141455298
106 44 5.81141455298
107 44 5.81141455298
108 44 5.81141455298
109 44 5.81141455298
110 44 5.81141455298
111 44 5.81141455298
112 44 5.81141455298
113 44 5.81141455298
114 44 5.81141455298
115 44 5.81141455298
116 44 5.81141455298
117 44 5.81141455298
118 44 5.81141455298
119 44 5.81141455298
120 44 5.81141455298
121 44 5.81141455298
122 44 5.81141455298
123 44 5.81141455298
124 45 1.30699460962
125 46 1.3466037831
126 47 1.35122310936
127 48 1.38196587859
128 49 1.41924211756
129 50 1.42221074752
130 51 1.4717456767
131 52 2.09392018297
132 52 2.09392018297
133 52 2.09392018297
134 52 2.09392018297
135 52 2.09392018297
136 52 2.09392018297
137 52 2.09392018297
138 52 2.09392018297
139 52 2.09392018297
140 52 2.09392018297
141 52 2.09392018297
142 52 2.09392018297
143 52 2.09392018297
144 52 2.09392018297
145 52 2.09392018297
146 52 2.09392018297
147 52 2.09392018297
148 52 2.09392018297
149 53 1.45855324437
150 54 1.43285009031
151 55 1.35386092384
152 56 1.32478280511
153 57 1.28174892592
154 58 1.25623515073
155 59 1.2411383562
156 60 1.21851950147
157 61 1.23381490383
158 62 1.25893507219
159 63 1.26208752732
160 64 1.31506882292
161 65 1.34953808212
162 66 1.33758645175
163 67 1.30350259661
164 68 1.30994402196
165 69 1.32114310963
166 70 1.34460730042
167 71 1.37271816755
168 72 1.36456985521
169 73 1.37895903184
170 74 1.45423184036
171 75 1.47844405756
172 76 1.45091962921
173 77 1.49250251657
174 78 1.5063968149
175 79 1.48500852065
176 80 1.41767981691
177 81 1.42640799296
178 82 1.39729954827
179 83 1.41925203106
180 84 1.41457020638
181 85 1.38736235794
182 86 1.45635764365
183 87 1.51744441225
184 88 1.46436326424
185 89 1.50138135021
186 90 1.58417185068
187 91 1.64511923311
188 92 1.74551239062
189 93 1.73358056918
190 94 1.68379516316
191 95 1.62068599657
192 96 1.54062060778
193 97 1.51134175303
194 98 1.49203087608
195 99 1.5220592154
196 100 1.5420056778
197 101 1.54692745435
198 102 1.47798673752
199 103 1.50674965853
200 104 1.57450742401
201 105 1.51326220927
202 106 1.43627114632
203 107 1.36977402897
204 108 1.31160510592
205 109 1.25851090075
206 110 1.24776670473
207 111 1.20891535867
208 112 1.21262881583
209 113 1.20032449206
210 114 1.17436659058
211 115 1.2083741298
212 116 1.24530580417
213 117 1.290703509
214 118 1.28237963619
215 119 1.29728836316
216 120 1.30238150182
217 121 1.3336964404
218 122 1.40209790026
219 123 1.48141855984
220 124 1.4636579549
221 125 1.42440840052
222 126 1.35417437566
223 127 1.37497362613
224 128 1.34096065502
225 129 1.3748022708
226 130 1.36963789886
227 131 1.39728730752
228 132 1.43691511708
229 133 1.47594507895
230 134 1.46746134508
231 135 1.40931962452
232 136 1.41252255237
233 137 1.41883254162
234 138 1.38786646947
235 139 1.45192189952
236 140 1.45250899313
237 141 1.43783312516
238 142 1.5078357992
239 143 1.47313191008
240 144 1.41626398981
241 145 1.34456139912
242 146 1.2953839193
243 147 1.24004626979
244 148 1.22306012148
245 149 1.17446554294
246 150 1.15945352033
247 151 1.13443778344
248 152 1.11470953133
249 153 1.1088541863
250 154 1.12446574233
251 155 1.1487826637
252 156 1.17304624046
253 157 1.18037366976
254 158 1.19064902481
255 159 1.21177099416
256 160 1.25813793932
257 161 1.27298920646
258 162 1.33978732974
259 163 1.39621277392
260 164 1.43971725986
261 165 1.39796266592
262 166 1.35880918437
263 167 1.2906840822
264 168 1.29233509797
265 169 1.2414507224
266 170 1.25249900612
267 171 1.2306108739
268 172 1.25635160353
269 173 1.30753990484
270 174 1.32447502832
271 175 1.38990842878
272 176 1.379280816
273 177 3.33808163305
274 177 3.33808163305
275 177 3.33808163305
276 177 3.33808163305
277 177 3.33808163305
278 177 3.33808163305
279 177 3.33808163305
280 177 3.33808163305
281 177 3.33808163305
282 177 3.33808163305
283 177 3.33808163305
284 177 3.33808163305
285 178 1.25459909742
286 179 1.31781149589
287 180 1.29759098279
288 181 1.33445909601
289 182 1.3285488575
290 183 1.38603266412
291 184 1.35162782163
292 185 1.42401287451
293 186 1.39403065447
294 187 1.46171430496
295 188 1.49551750704
296 189 1.52547016189
297 190 1.61446909627
298 191 1.66222590654
299 192 1.59982652613
300 193 1.56320958467
301 194 1.49865095339
302 195 1.4183788531
303 196 1.38430598233
304 197 1.31361062002
305 198 1.27463970644
306 199 1.21927172974
307 200 1.1935275985
308 201 1.15017512278
309 202 1.1325637468
310 203 1.12108791581
311 204 1.10729446756
312 205 1.11972555833
313 206 1.14203506607
314 207 1.15594979317
315 208 1.15046762126
316 209 1.16123992372
317 210 1.17957059645
318 211 1.18373190273
319 212 1.22620307426
320 213 1.24106467541
321 214 1.29788860125
322 215 1.3397746679
323 216 1.37922127394
324 217 1.3211754976
325 218 1.30954622488
326 219 1.25253089034
327 220 1.26082354715
328 221 1.22229568972
329 222 1.23189839302
330 223 1.21398231071
331 224 1.20732937243
332 225 1.24035386869
333 226 1.2298920909
334 227 7.12441669754
335 227 7.12441669754
336 227 7.12441669754
337 227 7.12441669754
338 227 7.12441669754
339 227 7.12441669754
340 227 7.12441669754
341 227 7.12441669754
342 227 7.12441669754
343 227 7.12441669754
344 227 7.12441669754
345 227 7.12441669754
346 227 7.12441669754
347 227 7.12441669754
348 227 7.12441669754
349 227 7.12441669754
350 227 7.12441669754
351 227 7.12441669754
352 227 7.12441669754
353 227 7.12441669754
354 227 7.12441669754
355 227 7.12441669754
356 228 1.30309863111
357 229 1.32209432411
358 230 1.29939863311
359 231 1.27646634469
360 232 1.29455905576
361 233 1.29960241701
362 234 1.27240617819
363 235 1.31067462198
364 236 1.29347905822
365 237 1.26888966366
366 238 1.30201262105
367 239 1.30654732849
368 240 1.29158189182
369 241 1.24020534728
370 242 1.21324019506
371 243 1.17931758445
372 244 1.16147885562
373 245 1.13042824993
374 246 1.12202990767
375 247 1.11236881762
376 248 1.11118154166
377 249 1.13282994774
378 250 1.14155066961
379 251 1.14892324247
380 252 1.15467526981
381 253 1.19770054841
382 254 1.21217090111
383 255 1.17997338961
384 256 1.14176946122
385 257 1.13248333381
386 258 1.15627836077
387 259 1.16181512706
388 260 1.20199409019
389 261 1.23039722131
390 262 1.23250165078
391 263 1.17969253949
392 264 1.17211424416
393 265 1.1481275222
394 266 1.17551758406
395 267 1.16788659366
396 268 1.17079567769
397 269 1.14882082751
398 270 1.12445293553
399 271 1.12085062995
400 272 1.13255808394
401 273 1.16682889233
402 274 1.16020475864
403 275 1.18711054749
404 276 1.15933584328
405 277 1.12741765872
406 278 1.11988393429
407 279 1.10929107759
408 280 1.12309301834
409 281 1.13065579697
410 282 1.15589987201
411 283 1.16781016562
412 284 1.1317125415
413 285 1.12371431951
414 286 1.10764372105
415 287 1.11167442442
416 288 1.11840018348
417 289 1.14315342184
418 290 1.14886456547
419 291 1.18159493546
420 292 1.15526332306
421 293 1.13946782364
422 294 1.12931020989
423 295 1.11588537255
424 296 1.10812233976
425 297 1.11639677901
426 298 1.12216737918
427 299 3.96363555455
428 299 3.96363555455
429 299 3.96363555455
430 299 3.96363555455
431 299 3.96363555455
432 299 3.96363555455
433 299 3.96363555455
434 299 3.96363555455
435 299 3.96363555455
436 299 3.96363555455
437 299 3.96363555455
438 299 3.96363555455
439 299 3.96363555455
440 299 3.96363555455
441 299 3.96363555455
442 299 3.96363555455
443 299 3.96363555455
444 299 3.96363555455
445 299 3.96363555455
446 299 3.96363555455
447 299 3.96363555455
448 299 3.96363555455
449 299 3.96363555455
450 299 3.96363555455
451 299 3.96363555455
452 299 3.96363555455
453 299 3.96363555455
454 299 3.96363555455
455 299 3.96363555455
456 299 3.96363555455
457 299 3.96363555455
458 299 3.96363555455
459 299 3.96363555455
460 299 3.96363555455
461 299 3.96363555455
462 299 3.96363555455
463 299 3.96363555455
464 299 3.96363555455
465 299 3.96363555455
466 299 3.96363555455
467 299 3.96363555455
468 299 3.96363555455
469 299 3.96363555455
470 299 3.96363555455
471 299 3.96363555455
472 299 3.96363555455
473 299 3.96363555455
474 299 3.96363555455
475 299 3.96363555455
476 299 3.96363555455
477 299 3.96363555455
478 299 3.96363555455
479 299 3.96363555455
480 299 3.96363555455
481 299 3.96363555455
482 299 3.96363555455
483 299 3.96363555455
484 299 3.96363555455
485 299 3.96363555455
486 299 3.96363555455
487 299 3.96363555455
488 299 3.96363555455
489 299 3.96363555455
490 299 3.96363555455
491 300 1.25452308642
492 300 1.25452308642
493 300 1.25452308642
494 300 1.25452308642
495 300 1.25452308642
496 300 1.25452308642
497 300 1.25452308642
498 300 1.25452308642
499 300 1.25452308642
500 300 1.25452308642
501 300 1.25452308642
502 300 1.25452308642
503 300 1.25452308642
504 300 1.25452308642
505 300 1.25452308642
506 300 1.25452308642
507 300 1.25452308642
508 300 1.25452308642
509 300 1.25452308642
510 300 1.25452308642
511 300 1.25452308642
512 300 1.25452308642
513 300 1.25452308642
514 300 1.25452308642
515 300 1.25452308642
516 300 1.25452308642
517 300 1.25452308642
518 300 1.25452308642
519 300 1.25452308642
520 300 1.25452308642
521 300 1.25452308642
522 300 1.25452308642
523 300 1.25452308642
524 300 1.25452308642
525 300 1.25452308642
526 300 1.25452308642
527 300 1.25452308642
528 300 1.25452308642
529 300 1.25452308642
530 300 1.25452308642
531 300 1.25452308642
532 300 1.25452308642
533 300 1.25452308642
534 300 1.25452308642
535 300 1.25452308642
536 300 1.25452308642
537 300 1.25452308642
538 300 1.25452308642
539 300 1.25452308642
540 300 1.25452308642
541 300 1.25452308642
542 300 1.25452308642
543 300 1.25452308642
544 300 1.25452308642
545 300 1.25452308642
546 300 1.25452308642
547 300 1.25452308642
548 300 1.25452308642
549 300 1.25452308642
550 300 1.25452308642
551 300 1.25452308642
552 300 1.25452308642
553 300 1.25452308642
554 300 1.25452308642
555 300 1.25452308642
556 300 1.25452308642
557 300 1.25452308642
558 300 1.25452308642
559 300 1.25452308642
560 300 1.25452308642
561 300 1.25452308642
562 300 1.25452308642
563 300 1.25452308642
564 300 1.25452308642
565 300 1.25452308642
566 300 1.25452308642
567 300 1.25452308642
568 300 1.25452308642
569 300 1.25452308642
570 300 1.25452308642
571 300 1.25452308642
572 300 1.25452308642
573 300 1.25452308642
574 300 1.25452308642
575 301 0.346696068155
576 301 0.346696068155
577 301 0.346696068155
578 301 0.346696068155
579 301 0.346696068155
580 301 0.346696068155
581 301 0.346696068155
582 301 0.346696068155
583 301 0.346696068155
584 301 0.346696068155
585 301 0.346696068155
586 301 0.346696068155
587 301 0.346696068155
588 301 0.346696068155
589 301 0.346696068155
590 301 0.346696068155
591 301 0.346696068155
592 301 0.346696068155
593 301 0.346696068155
594 301 0.346696068155
595 301 0.346696068155
596 301 0.346696068155
597 301 0.346696068155
598 301 0.346696068155
599 301 0.346696068155
600 301 0.346696068155
601 301 0.346696068155
602 301 0.346696068155
603 301 0.346696068155
604 301 0.346696068155
605 301 0.346696068155
606 301 0.346696068155
607 301 0.346696068155
608 301 0.346696068155
609 301 0.346696068155
610 301 0.346696068155
611 301 0.346696068155
612 301 0.346696068155
613 301 0.346696068155
614 301 0.346696068155
615 301 0.346696068155
616 301 0.346696068155
617 301 0.346696068155
618 301 0.346696068155
619 301 0.346696068155
620 301 0.346696068155
621 301 0.346696068155
622 301 0.346696068155
623 301 0.346696068155
624 301 0.346696068155
625 301 0.346696068155
626 301 0.346696068155
627 301 0.346696068155
628 301 0.346696068155
629 301 0.346696068155
630 301 0.346696068155
631 301 0.346696068155
632 301 0.346696068155
633 301 0.346696068155
634 301 0.346696068155
635 301 0.346696068155
636 301 0.346696068155
637 301 0.346696068155
638 301 0.346696068155
639 301 0.346696068155
640 301 0.346696068155
641 301 0.346696068155
642 301 0.346696068155
643 301 0.346696068155
644 301 0.346696068155
645 301 0.346696068155
646 301 0.346696068155
647 301 0.346696068155
648 301 0.346696068155
649 301 0.346696068155
650 301 0.346696068155
651 301 0.346696068155
652 301 0.346696068155
653 301 0.346696068155
654 301 0.346696068155
655 301 0.346696068155
656 301 0.346696068155
657 301 0.346696068155
658 301 0.346696068155
659 302 1.83442123701
660 303 1.76036708061
661 304 1.73859980108
662 305 1.71561485777
663 306 1.79088782439
664 307 1.8237912144
665 308 1.77217203009
666 309 1.79100482342
667 310 1.87188715634
668 311 1.86920414684
669 312 1.83108703635
670 313 1.89025059267
671 314 1.95384517859
672 315 1.91242139674
673 316 1.91301977997
674 317 1.830454648
675 318 1.82126663707
676 319 1.74333666073
677 320 1.71813289883
678 321 1.75864431035
679 322 1.71885618968
680 323 1.6455166348
681 324 1.65854818091
682 325 1.69113176295
683 326 1.63585110577
684 327 1.57129244256
685 328 1.58205784069
686 329 1.59886181182
687 330 1.66691029304
688 331 1.65968331534
689 332 1.68655845914
690 333 1.72072084518
691 334 1.79005019534
692 335 1.76346447978
693 336 1.7199921625
694 337 1.79157043814
695 338 1.8254919019
696 339 1.76224597468
697 340 1.77812475605
698 341 1.85907460065
699 342 1.84722076577
700 343 1.8068720482
701 344 1.86981308016
702 345 1.91939515852
703 346 1.89851060863
704 347 1.97026085494
705 348 2.00723039531
706 349 1.93559092615
707 350 1.86287138962
708 351 1.82246148827
709 352 1.75364903262
710 353 1.7055027903
711 354 1.6483224971
712 355 1.65621319782
713 356 1.62493912035
714 357 1.58940699482
715 358 1.65655654061
716 359 1.66400555116
717 360 1.58514950549
718 361 1.5841776494
719 362 1.6459925095
720 363 1.61467644019
721 364 1.5534647087
722 365 1.59034329902
723 366 1.66135202798
724 367 1.63772171681
725 368 1.6907736925
726 369 1.70873853326
727 370 1.76625566528
728 371 1.7210030213
729 372 1.65766246685
730 373 1.69667999966
731 374 1.72947363431
732 375 1.65840787425
733 376 1.62923536952
734 377 1.69395204269
735 378 1.69500697328
736 379 1.61615432507
737 380 1.63120746104
738 381 1.55773754294
739 382 1.60120059477
740 383 1.57142718628
741 384 1.50524050951
742 385 1.53802820459
743 386 1.59997811417
744 387 1.56303162844
745 388 1.51557832497
746 389 1.5531910105
747 390 1.62872227101
748 391 1.63684273326
749 392 1.69265912951
750 393 1.72848078431
751 394 1.72205176768
752 395 1.78796530105
753 396 1.76509168739
754 397 1.68670464777
755 398 1.70403282102
756 399 1.7510465792
757 400 1.69786511203
758 401 1.64191610601
759 402 1.6901728365
760 403 1.72369936033
761 404 1.65754748288
762 405 1.60726668498
763 406 1.65993915599
764 407 1.59894340637
765 408 1.53085051792
766 409 1.49682297797
767 410 1.56524440731
768 411 1.5439886869
769 412 1.48043260942
770 413 1.5183122566
771 414 1.57535927981
772 415 1.52751443404
773 416 1.49796787165
774 417 1.56883435064
775 418 1.58822840453
776 419 1.53083819235
777 420 1.55333528424
778 421 1.62459199694
779 422 1.60314756169
780 423 1.58107199483
781 424 1.65302252049
782 425 1.72049390558
783 426 5.33082107848
784 426 5.33082107848
785 426 5.33082107848
786 426 5.33082107848
787 426 5.33082107848
788 426 5.33082107848
789 426 5.33082107848
790 426 5.33082107848
791 426 5.33082107848
792 426 5.33082107848
793 426 5.33082107848
794 426 5.33082107848
795 426 5.33082107848
796 426 5.33082107848
797 426 5.33082107848
798 426 5.33082107848
799 426 5.33082107848
800 426 5.33082107848
801 426 5.33082107848
802 426 5.33082107848
803 426 5.33082107848
804 426 5.33082107848
805 426 5.33082107848
806 426 5.33082107848
807 426 5.33082107848
808 426 5.33082107848
809 427 1.62444509394
810 428 1.69845936651
811 429 1.76862582106
812 430 1.74613340114
813 431 1.66706469563
814 432 1.68132138956
815 433 1.72495289638
816 434 1.66922037601
817 435 1.61483647088
818 436 1.66616500551
819 437 1.66766910484
820 438 1.5889060695
821 439 1.56785463764
822 440 1.61805092359
823 441 1.59308382963
824 442 1.52691533626
825 443 1.47130717771
826 444 1.48129292267
827 445 1.49644687681
828 446 1.53689458468
829 447 1.59877870278
830 448 1.56477339989
831 449 1.54074493204
832 450 1.61404379645
833 451 1.62508562965
834 452 1.69666335858
835 453 1.73562847561
836 454 4.50897649578
837 454 4.50897649578
838 454 4.50897649578
839 454 4.50897649578
840 454 4.50897649578
841 454 4.50897649578
842 454 4.50897649578
843 454 4.50897649578
844 454 4.50897649578
845 454 4.50897649578
846 454 4.50897649578
847 454 4.50897649578
848 454 4.50897649578
849 454 4.50897649578
850 454 4.50897649578
851 454 4.50897649578
852 454 4.50897649578
853 454 4.50897649578
854 454 4.50897649578
855 454 4.50897649578
856 454 4.50897649578
857 454 4.50897649578
858 454 4.50897649578
859 454 4.50897649578
860 454 4.50897649578
861 454 4.50897649578
862 454 4.50897649578
863 454 4.50897649578
864 454 4.50897649578
865 454 4.50897649578
866 454 4.50897649578
867 454 4.50897649578
868 454 4.50897649578
869 454 4.50897649578
870 454 4.50897649578
871 454 4.50897649578
872 454 4.50897649578
873 454 4.50897649578
874 454 4.50897649578
875 454 4.50897649578
876 454 4.50897649578
877 454 4.50897649578
878 454 4.50897649578
879 454 4.50897649578
880 454 4.50897649578
881 454 4.50897649578
882 454 4.50897649578
883 454 4.50897649578
884 454 4.50897649578
885 454 4.50897649578
886 454 4.50897649578
887 454 4.50897649578
888 454 4.50897649578
889 455 3.91193976351
890 455 3.91193976351
891 455 3.91193976351
892 455 3.91193976351
893 455 3.91193976351
894 455 3.91193976351
895 455 3.91193976351
896 455 3.91193976351
897 455 3.91193976351
898 455 3.91193976351
899 455 3.91193976351
900 455 3.91193976351
901 455 3.91193976351
902 455 3.91193976351
903 455 3.91193976351
904 455 3.91193976351
905 455 3.91193976351
906 455 3.91193976351
907 455 3.91193976351
908 455 3.91193976351
909 455 3.91193976351
910 455 3.91193976351
911 455 3.91193976351
912 455 3.91193976351
913 455 3.91193976351
914 455 3.91193976351
915 455 3.91193976351
916 455 3.91193976351
917 455 3.91193976351
918 455 3.91193976351
919 455 3.91193976351
920 455 3.91193976351
921 455 3.91193976351
922 455 3.91193976351
923 455 3.91193976351
924 455 3.91193976351
925 455 3.91193976351
926 455 3.91193976351
927 455 3.91193976351
928 455 3.91193976351
929 455 3.91193976351
930 455 3.91193976351
931 455 3.91193976351
932 455 3.91193976351
933 455 3.91193976351
934 455 3.91193976351
935 455 3.91193976351
936 455 3.91193976351
937 455 3.91193976351
938 455 3.91193976351
939 455 3.91193976351
940 455 3.91193976351
941 455 3.91193976351
942 456 3.19695416346
943 457 3.1186273008
944 458 3.09818521135
945 459 3.03999986875
946 460 3.0948907809
947 461 3.17376766006
948 462 3.19539140729
949 463 3.22088869256
950 464 3.18087758589
951 465 3.2075125369
952 466 3.16129591303
953 467 3.13045666656
954 468 3.14139383056
955 469 3.06640895147
956 470 3.07342318287
957 471 3.15264482292
958 472 3.14158526936
959 473 3.08311089633
960 474 3.12235250379
961 475 3.07767151711
962 476 3.12237999878
963 477 3.12348366297
964 478 4.12772118133
965 478 4.12772118133
966 478 4.12772118133
967 478 4.12772118133
968 478 4.12772118133
969 478 4.12772118133
970 478 4.12772118133
971 478 4.12772118133
972 478 4.12772118133
973 478 4.12772118133
974 478 4.12772118133
975 478 4.12772118133
976 478 4.12772118133
977 478 4.12772118133
978 478 4.12772118133
979 478 4.12772118133
980 478 4.12772118133
981 478 4.12772118133
982 478 4.12772118133
983 478 4.12772118133
984 478 4.12772118133
985 478 4.12772118133
986 478 4.12772118133
987 478 4.12772118133
988 478 4.12772118133
989 478 4.12772118133
990 478 4.12772118133
991 478 4.12772118133
992 478 4.12772118133
993 478 4.12772118133
994 478 4.12772118133
995 478 4.12772118133
996 478 4.12772118133
997 478 4.12772118133
998 478 4.12772118133
999 478 4.12772118133
1000 479 3.00320971089
1001 480 3.05173529796
1002 481 3.07194127008
1003 482 3.08683722286
1004 483 3.02421246062
1005 484 3.0420810093
1006 485 2.99455648978
1007 486 2.99086542865
1008 487 3.02777059629
1009 488 3.0904706268
1010 489 3.09453284561
1011 490 3.10146129741
1012 491 3.0603719858
1013 492 3.04360569332
1014 493 2.97786179481
1015 494 2.95837761719
1016 495 2.97031879876
1017 496 2.93398499515
1018 497 2.86610242693
1019 498 2.86763880118
1020 499 2.88673499958
1021 500 2.82579985608
1022 501 2.77165121668
1023 502 2.79836503199
1024 503 2.81733762419
1025 504 2.81646095684
1026 505 2.87183296297
1027 506 2.95144303307
1028 507 2.98980079255
1029 508 3.05885380857
1030 509 3.07975158185
1031 510 3.06913702599
1032 511 2.99726621608
1033 512 2.59290054588
1034 512 2.59290054588
1035 512 2.59290054588
1036 512 2.59290054588
1037 512 2.59290054588
1038 512 2.59290054588
