1 0 1.36051403438
2 0 1.36051403438
3 0 1.36051403438
4 0 1.36051403438
5 0 1.36051403438
6 0 1.36051403438
7 0 1.36051403438
8 0 1.36051403438
9 0 1.36051403438
10 0 1.36051403438
11 0 1.36051403438
12 0 1.36051403438
13 0 1.36051403438
14 0 1.36051403438
15 0 1.36051403438
16 0 1.36051403438
17 0 1.36051403438
18 0 1.36051403438
19 0 1.36051403438
20 0 1.36051403438
21 0 1.36051403438
22 0 1.36051403438
23 0 1.36051403438
24 0 1.36051403438
25 0 1.36051403438
26 0 1.36051403438
27 0 1.36051403438
28 0 1.36051403438
29 0 1.36051403438
30 0 1.36051403438
31 0 1.36051403438
32 0 1.36051403438
33 0 1.36051403438
34 0 1.36051403438
35 0 1.36051403438
36 0 1.36051403438
37 0 1.36051403438
38 0 1.36051403438
39 0 1.36051403438
40 0 1.36051403438
41 0 1.36051403438
42 0 1.36051403438
43 0 1.36051403438
44 0 1.36051403438
45 0 1.36051403438
46 0 1.36051403438
47 0 1.36051403438
48 0 1.36051403438
49 0 1.36051403438
50 0 1.36051403438
51 1 0.171957935432
52 1 0.171957935432
53 1 0.171957935432
54 1 0.171957935432
55 1 0.171957935432
56 1 0.171957935432
57 1 0.171957935432
58 1 0.171957935432
59 1 0.171957935432
60 1 0.171957935432
61 1 0.171957935432
62 1 0.171957935432
63 1 0.171957935432
64 1 0.171957935432
65 1 0.171957935432
66 1 0.171957935432
67 1 0.171957935432
68 1 0.171957935432
69 1 0.171957935432
70 1 0.171957935432
71 1 0.171957935432
72 1 0.171957935432
73 1 0.171957935432
74 1 0.171957935432
75 1 0.171957935432
76 1 0.171957935432
77 1 0.171957935432
78 1 0.171957935432
79 1 0.171957935432
80 1 0.171957935432
81 1 0.171957935432
82 1 0.171957935432
83 1 0.171957935432
84 1 0.171957935432
85 1 0.171957935432
86 1 0.171957935432
87 1 0.171957935432
88 1 0.171957935432
89 1 0.171957935432
90 1 0.171957935432
91 1 0.171957935432
92 1 0.171957935432
93 1 0.171957935432
94 1 0.171957935432
95 1 0.171957935432
96 1 0.171957935432
97 1 0.171957935432
98 1 0.171957935432
99 1 0.171957935432
100 1 0.171957935432
101 2 2.31740385915
102 3 2.32104536763
103 4 2.36494606667
104 5 2.41483257117
105 6 2.4237721121
106 7 2.46749531569
107 8 2.44790913147
108 9 2.45460442492
109 10 2.44835578364
110 11 2.42295943642
111 12 2.40114608839
112 13 2.34464031465
113 14 2.29830436634
114 15 2.27864530483
115 16 2.27133858287
116 17 2.28690497583
117 18 2.27109808675
118 19 2.30258923751
119 20 2.30189044451
120 21 2.30442106032
121 22 2.32087339631
122 23 2.28477968892
123 24 2.3048527984
124 25 2.2968287926
125 26 2.2452819957
126 27 2.22344480882
127 28 2.20180237458
128 29 2.19585219853
129 30 2.15333029394
130 31 2.13743367863
131 32 2.14647991959
132 33 2.1755262296
133 34 2.21409911961
134 35 2.26315614023
135 36 2.30837983708
136 37 2.35938672263
137 38 2.40059448962
138 39 2.44128068095
139 40 2.43385872641
140 41 2.48227626685
141 42 2.52045891567
142 43 2.57227150371
143 44 2.56801743577
144 45 2.56517597182
145 46 2.57792969627
146 47 2.51725646991
147 48 2.46490344818
148 49 2.47340699799
149 50 2.47764842568
150 51 2.42545433245
151 52 2.37820458759
152 53 2.34365113899
153 54 2.28871923492
154 55 2.27018982211
155 56 2.22847841309
156 57 2.23997639204
157 58 2.22910009473
158 59 2.24137369883
159 60 2.29158173374
160 61 2.29742303708
161 62 2.33638907037
162 63 2.37537103927
163 64 2.41508046466
164 65 2.37199908768
165 66 2.41185296809
166 67 2.4727337903
167 68 2.51518555299
168 69 2.48719211289
169 70 2.42963002622
170 71 2.41603983148
171 72 2.41449687679
172 73 2.37554775577
173 74 2.3779662273
174 75 2.36638465957
175 76 2.37104740028
176 77 2.42711882235
177 78 2.43821324367
178 79 2.40801731062
179 80 2.37182063135
180 81 2.41660708525
181 82 2.45833601068
182 83 2.41756949544
183 84 2.40810668417
184 85 2.47136965429
185 86 2.47040528698
186 87 2.52335086675
187 88 2.52274445512
188 89 2.53191957471
189 90 2.51909143675
190 91 2.49431998401
191 92 2.4419380443
192 93 2.39984905507
193 94 2.34230719531
194 95 2.30999193791
195 96 2.25466495621
196 97 2.23320928944
197 98 2.19758351708
198 99 2.15754145126
199 100 2.16379622037
200 101 2.13442585291
201 102 2.10467157971
202 103 2.08197760103
203 104 2.08957631789
204 105 2.12493038987
205 106 2.10677884858
206 107 2.13664141206
207 108 2.17547453371
208 109 2.20639751021
209 110 2.22955029702
210 111 2.28162559727
211 112 2.29360673033
212 113 2.34672774984
213 114 2.36517746057
214 115 2.34491068838
215 116 2.31766505603
216 117 2.35203964917
217 118 2.34738065008
218 119 2.32034678031
219 120 2.28714428406
220 121 2.27400959772
221 122 2.27135705582
222 123 2.23821400879
223 124 2.20805525849
224 125 2.2038401102
225 126 2.17839492217
226 127 2.15402578971
227 128 2.16804137524
228 129 2.18158070248
229 130 2.15561709014
230 131 2.18517897241
231 132 2.20165962118
232 133 2.20341279142
233 134 2.23318420551
234 135 2.26545360952
235 136 2.29805146834
236 137 2.33984599023
237 138 2.32066784292
238 139 2.33645370719
239 140 2.30690585604
240 141 2.30172820772
241 142 2.24885836187
242 143 2.27030005598
243 144 2.32562610087
244 145 2.32393099048
245 146 2.29578740673
246 147 2.30710239612
247 148 2.29439423597
248 149 2.30529812677
249 150 2.27044420008
250 151 2.28041632607
251 152 2.2499932487
252 153 2.21019437029
253 154 2.22402879024
254 155 2.21512532301
255 156 2.1826569543
256 157 2.15962757908
257 158 2.14078956656
258 159 2.17884183713
259 160 2.21568505235
260 161 2.26201400899
261 162 2.23428673703
262 163 2.18566132423
263 164 2.15180039956
264 165 2.14066087228
265 166 2.0988583085
266 167 2.08185680525
267 168 2.06028584642
268 169 2.09513823495
269 170 2.10379339394
270 171 2.13811113677
271 172 2.16163901509
272 173 2.19484104447
273 174 2.22371334967
274 175 2.25376093839
275 176 2.2121154251
276 177 2.0228570427
277 177 2.0228570427
278 177 2.0228570427
279 178 0.61095190518
280 179 0.61355115131
281 180 0.610848246114
282 181 0.615916835919
283 182 0.612466336032
284 183 0.61560897379
285 184 0.613549642364
286 185 0.618516351365
287 186 0.61714660179
288 187 0.615304115099
289 188 0.610145337194
290 189 0.606788830076
291 190 0.60614957623
292 191 0.599363225336
293 192 0.596547109049
294 193 0.590574484848
295 194 0.590120744503
296 195 0.592058144537
297 196 0.592683387098
298 197 0.598379260141
299 198 0.602019016925
300 199 0.603175756321
301 200 0.59661679399
302 201 0.594945679375
303 202 0.599854164072
304 203 0.599262023014
305 204 0.592848187864
306 205 0.590633236934
307 206 0.594553223421
308 207 0.59715252449
309 208 0.591709359634
310 209 0.589081274804
311 210 0.593453257218
312 211 0.593979065198
313 212 0.587797466762
314 213 0.58659013238
315 214 0.591642341225
316 215 0.589830706016
317 216 0.583935671287
318 217 0.585566646319
319 218 0.589247836439
320 219 0.593737086389
321 220 0.599722809508
322 221 0.603015500314
323 222 0.607152050445
324 223 0.607748900856
325 224 0.612939382944
326 225 0.612596185997
327 226 0.618556689139
328 227 0.618340485064
329 228 0.623086449647
330 229 0.620462319206
331 230 0.626814242047
332 231 7.46995941063
333 231 7.46995941063
334 231 7.46995941063
335 231 7.46995941063
336 231 7.46995941063
337 231 7.46995941063
338 231 7.46995941063
339 231 7.46995941063
340 231 7.46995941063
341 231 7.46995941063
342 231 7.46995941063
343 231 7.46995941063
344 232 0.626553562107
345 233 0.632748814253
346 234 0.635020901761
347 235 0.63327567669
348 236 0.635190963515
349 237 0.638446202391
350 238 0.644927390151
351 239 0.646573370138
352 240 0.65379410019
353 241 0.652701985408
354 242 0.644209892969
355 243 0.641507698579
356 244 0.63437632879
357 245 0.630101149255
358 246 0.625929361258
359 247 0.62294355311
360 248 0.616499566513
361 249 0.614261865136
362 250 0.617967052807
363 251 0.615487888603
364 252 0.60997276166
365 253 0.603062633136
366 254 0.599470829056
367 255 0.596002759394
368 256 0.592425750994
369 257 0.597722979227
370 258 0.600344261918
371 259 0.594714831085
372 260 0.594191118387
373 261 0.600090839578
374 262 0.598815872926
375 263 0.592378156539
376 264 0.594426823678
377 265 1.56682336473
378 265 1.56682336473
379 265 1.56682336473
380 265 1.56682336473
381 265 1.56682336473
382 265 1.56682336473
383 265 1.56682336473
384 265 1.56682336473
385 265 1.56682336473
386 265 1.56682336473
387 265 1.56682336473
388 265 1.56682336473
389 265 1.56682336473
390 265 1.56682336473
391 265 1.56682336473
392 265 1.56682336473
393 265 1.56682336473
394 265 1.56682336473
395 265 1.56682336473
396 265 1.56682336473
397 265 1.56682336473
398 265 1.56682336473
399 265 1.56682336473
400 266 0.6030674832
401 267 0.608063455969
402 268 0.608820207036
403 269 0.612188285423
404 270 0.619314999235
405 271 0.62554856395
406 272 0.627290071646
407 273 0.631768904299
408 274 0.635092552232
409 275 0.629463669405
410 276 0.634945248427
411 277 0.637622593719
412 278 0.629903345914
413 279 0.62933849909
414 280 0.636199846665
415 281 0.633240561781
416 282 0.626488747246
417 283 0.63090010634
418 284 0.634921601745
419 285 0.628101761311
420 286 0.625888264412
421 287 0.63301052855
422 288 0.634212927596
423 289 0.626727292564
424 290 0.624993133143
425 291 0.629466483678
426 292 0.625834078962
427 293 0.619702183892
428 294 0.618640938026
429 295 0.614941364071
430 296 0.615300225699
431 297 0.608573563148
432 298 0.609923128316
433 299 0.616154668627
434 300 0.617319835677
435 301 0.615240574619
436 302 0.616640529492
437 303 0.611740644179
438 304 0.61448751432
439 305 0.610312510049
440 306 0.614166589989
441 307 0.614368342209
442 308 0.619939630426
443 309 0.622023644964
444 310 0.627603892647
445 311 0.635509615661
446 312 0.639696714728
447 313 0.647632744498
448 314 0.65169582786
449 315 0.650054823
450 316 0.647489780778
451 317 0.654948731623
452 318 0.65157029565
453 319 0.645047446782
454 320 0.649855655321
455 321 0.650979068921
456 322 0.642567381687
457 323 0.640955910347
458 324 0.646223163366
459 325 0.642196161914
460 326 0.634776626082
461 327 0.637074562857
462 328 0.640505919336
463 329 0.634208894177
464 330 0.628974794449
465 331 0.625004091629
466 332 0.620723095871
467 333 0.618630517492
468 334 0.614403142282
469 335 0.60952303461
470 336 0.608561469898
471 337 0.603267837466
472 338 0.603032412899
473 339 0.600303880872
474 340 0.567354400163
475 340 0.567354400163
476 340 0.567354400163
477 340 0.567354400163
478 340 0.567354400163
479 340 0.567354400163
480 340 0.567354400163
481 340 0.567354400163
482 340 0.567354400163
483 340 0.567354400163
484 340 0.567354400163
485 340 0.567354400163
486 340 0.567354400163
487 340 0.567354400163
488 340 0.567354400163
489 340 0.567354400163
490 340 0.567354400163
491 340 0.567354400163
492 340 0.567354400163
493 340 0.567354400163
494 340 0.567354400163
495 340 0.567354400163
496 340 0.567354400163
497 340 0.567354400163
498 340 0.567354400163
499 340 0.567354400163
500 340 0.567354400163
501 340 0.567354400163
502 340 0.567354400163
503 340 0.567354400163
504 340 0.567354400163
505 340 0.567354400163
506 340 0.567354400163
507 340 0.567354400163
508 340 0.567354400163
509 340 0.567354400163
510 340 0.567354400163
511 340 0.567354400163
512 340 0.567354400163
513 340 0.567354400163
514 340 0.567354400163
515 340 0.567354400163
516 340 0.567354400163
517 340 0.567354400163
518 340 0.567354400163
519 340 0.567354400163
520 340 0.567354400163
521 340 0.567354400163
522 340 0.567354400163
523 340 0.567354400163
524 340 0.567354400163
525 340 0.567354400163
526 340 0.567354400163
527 341 0.563950068654
528 341 0.563950068654
529 341 0.563950068654
530 341 0.563950068654
531 341 0.563950068654
532 341 0.563950068654
533 341 0.563950068654
534 341 0.563950068654
535 341 0.563950068654
536 341 0.563950068654
537 341 0.563950068654
538 341 0.563950068654
539 341 0.563950068654
540 341 0.563950068654
541 341 0.563950068654
542 341 0.563950068654
543 341 0.563950068654
544 341 0.563950068654
545 341 0.563950068654
546 341 0.563950068654
547 341 0.563950068654
548 341 0.563950068654
549 341 0.563950068654
550 341 0.563950068654
551 341 0.563950068654
552 341 0.563950068654
553 341 0.563950068654
554 341 0.563950068654
555 341 0.563950068654
556 341 0.563950068654
557 341 0.563950068654
558 341 0.563950068654
559 341 0.563950068654
560 341 0.563950068654
561 341 0.563950068654
562 341 0.563950068654
563 341 0.563950068654
564 341 0.563950068654
565 341 0.563950068654
566 341 0.563950068654
567 341 0.563950068654
568 341 0.563950068654
569 341 0.563950068654
570 341 0.563950068654
571 341 0.563950068654
572 341 0.563950068654
573 341 0.563950068654
574 341 0.563950068654
575 341 0.563950068654
576 341 0.563950068654
577 341 0.563950068654
578 341 0.563950068654
579 341 0.563950068654
580 341 0.563950068654
581 341 0.563950068654
582 341 0.563950068654
583 341 0.563950068654
584 341 0.563950068654
585 341 0.563950068654
586 341 0.563950068654
587 341 0.563950068654
588 341 0.563950068654
589 341 0.563950068654
590 341 0.563950068654
591 341 0.563950068654
592 341 0.563950068654
593 341 0.563950068654
594 341 0.563950068654
595 341 0.563950068654
596 341 0.563950068654
597 341 0.563950068654
598 341 0.563950068654
599 341 0.563950068654
600 341 0.563950068654
601 341 0.563950068654
602 341 0.563950068654
603 341 0.563950068654
604 341 0.563950068654
605 341 0.563950068654
606 341 0.563950068654
607 341 0.563950068654
608 341 0.563950068654
609 341 0.563950068654
610 342 0.553467836089
611 342 0.553467836089
612 342 0.553467836089
613 342 0.553467836089
614 342 0.553467836089
615 342 0.553467836089
616 342 0.553467836089
617 342 0.553467836089
618 342 0.553467836089
619 342 0.553467836089
620 342 0.553467836089
621 342 0.553467836089
622 342 0.553467836089
623 342 0.553467836089
624 342 0.553467836089
625 342 0.553467836089
626 342 0.553467836089
627 342 0.553467836089
628 342 0.553467836089
629 342 0.553467836089
630 342 0.553467836089
631 342 0.553467836089
632 342 0.553467836089
633 342 0.553467836089
634 342 0.553467836089
635 342 0.553467836089
636 342 0.553467836089
637 342 0.553467836089
638 342 0.553467836089
639 342 0.553467836089
640 342 0.553467836089
641 342 0.553467836089
642 342 0.553467836089
643 342 0.553467836089
644 342 0.553467836089
645 342 0.553467836089
646 342 0.553467836089
647 342 0.553467836089
648 342 0.553467836089
649 342 0.553467836089
650 342 0.553467836089
651 342 0.553467836089
652 342 0.553467836089
653 342 0.553467836089
654 342 0.553467836089
655 342 0.553467836089
656 342 0.553467836089
657 342 0.553467836089
658 342 0.553467836089
659 342 0.553467836089
660 342 0.553467836089
661 342 0.553467836089
662 342 0.553467836089
663 342 0.553467836089
664 342 0.553467836089
665 342 0.553467836089
666 342 0.553467836089
667 342 0.553467836089
668 342 0.553467836089
669 342 0.553467836089
670 342 0.553467836089
671 342 0.553467836089
672 342 0.553467836089
673 342 0.553467836089
674 342 0.553467836089
675 342 0.553467836089
676 342 0.553467836089
677 342 0.553467836089
678 342 0.553467836089
679 342 0.553467836089
680 342 0.553467836089
681 342 0.553467836089
682 342 0.553467836089
683 342 0.553467836089
684 342 0.553467836089
685 342 0.553467836089
686 342 0.553467836089
687 342 0.553467836089
688 342 0.553467836089
689 342 0.553467836089
690 342 0.553467836089
691 342 0.553467836089
692 342 0.553467836089
693 343 1.29136053999
694 343 1.29136053999
695 343 1.29136053999
696 343 1.29136053999
697 343 1.29136053999
698 343 1.29136053999
699 343 1.29136053999
700 343 1.29136053999
701 343 1.29136053999
702 343 1.29136053999
703 343 1.29136053999
704 343 1.29136053999
705 343 1.29136053999
706 343 1.29136053999
707 343 1.29136053999
708 343 1.29136053999
709 343 1.29136053999
710 343 1.29136053999
711 343 1.29136053999
712 343 1.29136053999
713 343 1.29136053999
714 343 1.29136053999
715 343 1.29136053999
716 343 1.29136053999
717 343 1.29136053999
718 343 1.29136053999
719 343 1.29136053999
720 343 1.29136053999
721 343 1.29136053999
722 343 1.29136053999
723 343 1.29136053999
724 343 1.29136053999
725 343 1.29136053999
726 343 1.29136053999
727 343 1.29136053999
728 343 1.29136053999
729 343 1.29136053999
730 343 1.29136053999
731 343 1.29136053999
732 343 1.29136053999
733 343 1.29136053999
734 343 1.29136053999
735 343 1.29136053999
736 343 1.29136053999
737 343 1.29136053999
738 343 1.29136053999
739 343 1.29136053999
740 343 1.29136053999
741 343 1.29136053999
742 343 1.29136053999
743 343 1.29136053999
744 343 1.29136053999
745 343 1.29136053999
746 343 1.29136053999
747 343 1.29136053999
748 343 1.29136053999
749 343 1.29136053999
750 343 1.29136053999
751 343 1.29136053999
752 343 1.29136053999
753 343 1.29136053999
754 343 1.29136053999
755 343 1.29136053999
756 343 1.29136053999
757 343 1.29136053999
758 343 1.29136053999
759 343 1.29136053999
760 343 1.29136053999
761 343 1.29136053999
762 343 1.29136053999
763 343 1.29136053999
764 343 1.29136053999
765 343 1.29136053999
766 343 1.29136053999
767 343 1.29136053999
768 343 1.29136053999
769 343 1.29136053999
770 343 1.29136053999
771 343 1.29136053999
772 343 1.29136053999
773 343 1.29136053999
774 343 1.29136053999
775 343 1.29136053999
776 344 0.571048631157
777 344 0.571048631157
778 344 0.571048631157
779 344 0.571048631157
780 344 0.571048631157
781 344 0.571048631157
782 344 0.571048631157
783 344 0.571048631157
784 344 0.571048631157
785 344 0.571048631157
786 344 0.571048631157
787 344 0.571048631157
788 344 0.571048631157
789 344 0.571048631157
790 344 0.571048631157
791 344 0.571048631157
792 344 0.571048631157
793 344 0.571048631157
794 344 0.571048631157
795 344 0.571048631157
796 344 0.571048631157
797 344 0.571048631157
798 344 0.571048631157
799 344 0.571048631157
800 344 0.571048631157
801 344 0.571048631157
802 344 0.571048631157
803 344 0.571048631157
804 344 0.571048631157
805 344 0.571048631157
806 344 0.571048631157
807 344 0.571048631157
808 344 0.571048631157
809 344 0.571048631157
810 344 0.571048631157
811 344 0.571048631157
812 344 0.571048631157
813 344 0.571048631157
814 344 0.571048631157
815 344 0.571048631157
816 344 0.571048631157
817 344 0.571048631157
818 344 0.571048631157
819 344 0.571048631157
820 344 0.571048631157
821 344 0.571048631157
822 344 0.571048631157
823 344 0.571048631157
824 344 0.571048631157
825 344 0.571048631157
826 344 0.571048631157
827 344 0.571048631157
828 344 0.571048631157
829 344 0.571048631157
830 344 0.571048631157
831 344 0.571048631157
832 344 0.571048631157
833 344 0.571048631157
834 344 0.571048631157
835 344 0.571048631157
836 344 0.571048631157
837 344 0.571048631157
838 344 0.571048631157
839 344 0.571048631157
840 344 0.571048631157
841 344 0.571048631157
842 344 0.571048631157
843 344 0.571048631157
844 344 0.571048631157
845 344 0.571048631157
846 344 0.571048631157
847 344 0.571048631157
848 344 0.571048631157
849 344 0.571048631157
850 344 0.571048631157
851 344 0.571048631157
852 344 0.571048631157
853 344 0.571048631157
854 344 0.571048631157
855 344 0.571048631157
856 344 0.571048631157
857 344 0.571048631157
858 344 0.571048631157
859 345 2.34725974152
860 346 0.744767340099
861 346 0.744767340099
862 346 0.744767340099
863 346 0.744767340099
864 346 0.744767340099
865 346 0.744767340099
866 346 0.744767340099
867 346 0.744767340099
868 346 0.744767340099
869 346 0.744767340099
870 346 0.744767340099
871 346 0.744767340099
872 346 0.744767340099
873 346 0.744767340099
874 346 0.744767340099
875 346 0.744767340099
876 346 0.744767340099
877 346 0.744767340099
878 346 0.744767340099
879 346 0.744767340099
880 346 0.744767340099
881 346 0.744767340099
882 346 0.744767340099
883 346 0.744767340099
884 346 0.744767340099
885 346 0.744767340099
886 346 0.744767340099
887 346 0.744767340099
888 346 0.744767340099
889 346 0.744767340099
890 346 0.744767340099
891 346 0.744767340099
892 346 0.744767340099
893 346 0.744767340099
894 346 0.744767340099
895 346 0.744767340099
896 346 0.744767340099
897 346 0.744767340099
898 346 0.744767340099
899 346 0.744767340099
900 346 0.744767340099
901 346 0.744767340099
902 346 0.744767340099
903 346 0.744767340099
904 346 0.744767340099
905 346 0.744767340099
906 346 0.744767340099
907 346 0.744767340099
908 346 0.744767340099
909 346 0.744767340099
910 346 0.744767340099
911 346 0.744767340099
912 346 0.744767340099
913 346 0.744767340099
914 346 0.744767340099
915 346 0.744767340099
916 346 0.744767340099
917 346 0.744767340099
918 346 0.744767340099
919 346 0.744767340099
920 346 0.744767340099
921 346 0.744767340099
922 346 0.744767340099
923 346 0.744767340099
924 346 0.744767340099
925 346 0.744767340099
926 346 0.744767340099
927 346 0.744767340099
928 346 0.744767340099
929 346 0.744767340099
930 346 0.744767340099
931 346 0.744767340099
932 346 0.744767340099
933 346 0.744767340099
934 346 0.744767340099
935 346 0.744767340099
936 346 0.744767340099
937 346 0.744767340099
938 346 0.744767340099
939 346 0.744767340099
940 346 0.744767340099
941 346 0.744767340099
942 346 0.744767340099
943 346 0.744767340099
944 346 0.744767340099
945 346 0.744767340099
946 346 0.744767340099
947 346 0.744767340099
948 346 0.744767340099
949 347 0.593234152475
950 347 0.593234152475
951 347 0.593234152475
952 347 0.593234152475
953 347 0.593234152475
954 347 0.593234152475
955 347 0.593234152475
956 347 0.593234152475
957 347 0.593234152475
958 347 0.593234152475
959 347 0.593234152475
960 347 0.593234152475
961 347 0.593234152475
962 347 0.593234152475
963 347 0.593234152475
964 347 0.593234152475
965 347 0.593234152475
966 347 0.593234152475
967 347 0.593234152475
968 347 0.593234152475
969 347 0.593234152475
970 347 0.593234152475
971 347 0.593234152475
972 347 0.593234152475
973 347 0.593234152475
974 347 0.593234152475
975 347 0.593234152475
976 347 0.593234152475
977 347 0.593234152475
978 347 0.593234152475
979 347 0.593234152475
980 347 0.593234152475
981 347 0.593234152475
982 347 0.593234152475
983 347 0.593234152475
984 347 0.593234152475
985 347 0.593234152475
986 347 0.593234152475
987 347 0.593234152475
988 347 0.593234152475
989 347 0.593234152475
990 347 0.593234152475
991 347 0.593234152475
992 347 0.593234152475
993 347 0.593234152475
994 347 0.593234152475
995 347 0.593234152475
996 347 0.593234152475
997 347 0.593234152475
998 347 0.593234152475
999 347 0.593234152475
1000 347 0.593234152475
1001 347 0.593234152475
1002 347 0.593234152475
1003 347 0.593234152475
1004 347 0.593234152475
1005 347 0.593234152475
1006 347 0.593234152475
1007 347 0.593234152475
1008 347 0.593234152475
1009 347 0.593234152475
1010 347 0.593234152475
1011 347 0.593234152475
1012 347 0.593234152475
1013 347 0.593234152475
1014 347 0.593234152475
1015 347 0.593234152475
1016 347 0.593234152475
1017 347 0.593234152475
1018 347 0.593234152475
1019 347 0.593234152475
1020 347 0.593234152475
1021 347 0.593234152475
1022 347 0.593234152475
1023 347 0.593234152475
1024 347 0.593234152475
1025 347 0.593234152475
1026 347 0.593234152475
1027 347 0.593234152475
1028 347 0.593234152475
1029 347 0.593234152475
1030 347 0.593234152475
1031 347 0.593234152475
1032 347 0.593234152475
1033 347 0.593234152475
1034 347 0.593234152475
1035 347 0.593234152475
1036 347 0.593234152475
1037 347 0.593234152475
1038 348 1.86195417304
1039 348 1.86195417304
1040 348 1.86195417304
1041 348 1.86195417304
1042 348 1.86195417304
1043 348 1.86195417304
1044 348 1.86195417304
1045 348 1.86195417304
1046 348 1.86195417304
1047 348 1.86195417304
1048 348 1.86195417304
1049 348 1.86195417304
1050 348 1.86195417304
1051 348 1.86195417304
1052 348 1.86195417304
1053 348 1.86195417304
1054 348 1.86195417304
1055 348 1.86195417304
1056 348 1.86195417304
1057 348 1.86195417304
1058 348 1.86195417304
1059 348 1.86195417304
1060 348 1.86195417304
1061 348 1.86195417304
1062 348 1.86195417304
1063 348 1.86195417304
1064 348 1.86195417304
1065 348 1.86195417304
1066 348 1.86195417304
1067 348 1.86195417304
1068 348 1.86195417304
1069 348 1.86195417304
1070 348 1.86195417304
1071 348 1.86195417304
1072 348 1.86195417304
1073 348 1.86195417304
1074 348 1.86195417304
1075 348 1.86195417304
1076 348 1.86195417304
1077 348 1.86195417304
1078 348 1.86195417304
1079 348 1.86195417304
1080 348 1.86195417304
1081 348 1.86195417304
1082 348 1.86195417304
1083 348 1.86195417304
1084 348 1.86195417304
1085 348 1.86195417304
1086 348 1.86195417304
1087 348 1.86195417304
1088 348 1.86195417304
1089 348 1.86195417304
1090 348 1.86195417304
1091 348 1.86195417304
1092 348 1.86195417304
1093 348 1.86195417304
1094 348 1.86195417304
1095 348 1.86195417304
1096 348 1.86195417304
1097 348 1.86195417304
1098 348 1.86195417304
1099 348 1.86195417304
1100 348 1.86195417304
1101 348 1.86195417304
1102 348 1.86195417304
1103 348 1.86195417304
1104 348 1.86195417304
1105 348 1.86195417304
1106 348 1.86195417304
1107 348 1.86195417304
1108 348 1.86195417304
1109 348 1.86195417304
1110 348 1.86195417304
1111 348 1.86195417304
1112 348 1.86195417304
1113 348 1.86195417304
1114 348 1.86195417304
1115 348 1.86195417304
1116 348 1.86195417304
1117 348 1.86195417304
1118 348 1.86195417304
1119 348 1.86195417304
1120 348 1.86195417304
1121 348 1.86195417304
1122 348 1.86195417304
1123 348 1.86195417304
1124 348 1.86195417304
1125 348 1.86195417304
1126 348 1.86195417304
1127 349 4.79521282524
1128 349 4.79521282524
1129 349 4.79521282524
1130 349 4.79521282524
1131 349 4.79521282524
1132 349 4.79521282524
1133 349 4.79521282524
1134 349 4.79521282524
1135 349 4.79521282524
1136 349 4.79521282524
1137 349 4.79521282524
1138 349 4.79521282524
1139 349 4.79521282524
1140 349 4.79521282524
1141 349 4.79521282524
1142 349 4.79521282524
1143 349 4.79521282524
1144 349 4.79521282524
1145 349 4.79521282524
1146 349 4.79521282524
1147 349 4.79521282524
1148 349 4.79521282524
1149 349 4.79521282524
1150 349 4.79521282524
1151 349 4.79521282524
1152 349 4.79521282524
1153 349 4.79521282524
1154 349 4.79521282524
1155 349 4.79521282524
1156 349 4.79521282524
1157 349 4.79521282524
1158 349 4.79521282524
1159 349 4.79521282524
1160 349 4.79521282524
1161 349 4.79521282524
1162 349 4.79521282524
1163 349 4.79521282524
1164 349 4.79521282524
1165 349 4.79521282524
1166 349 4.79521282524
1167 349 4.79521282524
1168 349 4.79521282524
1169 349 4.79521282524
1170 349 4.79521282524
1171 349 4.79521282524
1172 349 4.79521282524
1173 349 4.79521282524
1174 349 4.79521282524
1175 349 4.79521282524
1176 349 4.79521282524
1177 349 4.79521282524
1178 350 1.47096450759
1179 351 1.43543822581
1180 352 1.43747977551
1181 353 1.46783640978
1182 354 1.38938901413
1183 355 1.31862574777
1184 356 1.24844797543
1185 357 1.25888410685
1186 358 1.33844814245
1187 359 1.36753509604
1188 360 1.32145239476
1189 361 1.39266682082
1190 362 1.43119168342
1191 363 1.37360343985
1192 364 1.38165655869
1193 365 1.46699790463
1194 366 1.46398864468
1195 367 1.41817572708
1196 368 1.47357274868
1197 369 1.54044993933
1198 370 1.56579694482
1199 371 1.57193311489
1200 372 1.49167277487
1201 373 1.43895807398
1202 374 1.38834052545
1203 375 1.45455270593
1204 376 1.43072593471
1205 377 1.47721285589
1206 378 1.4533690837
1207 379 1.37218732558
1208 380 1.3224663556
1209 381 1.24404421736
1210 382 1.19150350778
1211 383 1.25044181643
1212 384 1.30676816732
1213 385 1.38112697036
1214 386 1.4033565746
1215 387 1.47021346503
1216 388 1.42092623445
1217 389 1.34015497705
1218 390 1.29963151866
1219 391 1.23241810084
1220 392 1.18818637681
1221 393 1.16213120448
1222 394 1.2406426985
1223 395 1.26061357625
1224 396 1.20019139166
1225 397 1.22162368529
1226 398 1.29908046813
1227 399 1.27880263971
1228 400 1.23853534098
1229 401 1.29934093121
1230 402 1.36956712334
1231 403 1.33963994788
1232 404 1.26472630708
1233 405 1.22322494401
1234 406 1.14662838242
1235 407 1.08817387688
1236 408 1.05420072606
1237 409 1.04167169606
1238 410 0.998666734996
1239 411 1.05797129163
1240 412 1.11416157588
1241 413 1.07458124616
1242 414 1.06491250163
1243 415 1.14685762644
1244 416 1.17099155405
1245 417 1.1198574977
1246 418 1.14832591596
1247 419 1.22736737565
1248 420 1.21577499411
1249 421 1.17951182355
1250 422 1.24369209191
1251 423 1.29225258563
1252 424 1.32618935013
1253 425 1.30700826374
1254 426 1.30388889668
1255 427 1.24477920202
1256 428 1.24539387603
1257 429 1.19051944741
1258 430 1.21170383542
1259 431 1.18764410932
1260 432 1.18861525904
1261 433 1.10535246149
1262 434 1.1110939109
1263 435 1.08204137148
1264 436 1.10737437872
1265 437 1.09684376209
1266 438 1.14059276924
1267 439 1.2076108
1268 440 1.2864119975
1269 441 1.27336012786
1270 442 1.34984930431
1271 443 1.3793574556
1272 444 1.38688572955
1273 445 1.44314069775
1274 446 4.80754677606
1275 446 4.80754677606
1276 446 4.80754677606
1277 446 4.80754677606
1278 446 4.80754677606
1279 446 4.80754677606
1280 446 4.80754677606
1281 446 4.80754677606
1282 446 4.80754677606
1283 446 4.80754677606
1284 446 4.80754677606
1285 446 4.80754677606
1286 446 4.80754677606
1287 446 4.80754677606
1288 446 4.80754677606
1289 446 4.80754677606
1290 446 4.80754677606
1291 446 4.80754677606
1292 446 4.80754677606
1293 446 4.80754677606
1294 446 4.80754677606
1295 446 4.80754677606
1296 446 4.80754677606
1297 446 4.80754677606
1298 446 4.80754677606
1299 446 4.80754677606
1300 446 4.80754677606
1301 446 4.80754677606
1302 446 4.80754677606
1303 446 4.80754677606
1304 446 4.80754677606
1305 446 4.80754677606
1306 446 4.80754677606
1307 446 4.80754677606
1308 446 4.80754677606
1309 446 4.80754677606
1310 446 4.80754677606
1311 446 4.80754677606
1312 446 4.80754677606
1313 446 4.80754677606
1314 446 4.80754677606
1315 446 4.80754677606
1316 446 4.80754677606
1317 446 4.80754677606
1318 446 4.80754677606
1319 446 4.80754677606
1320 446 4.80754677606
1321 446 4.80754677606
1322 446 4.80754677606
1323 446 4.80754677606
1324 446 4.80754677606
1325 446 4.80754677606
1326 446 4.80754677606
1327 446 4.80754677606
1328 446 4.80754677606
1329 446 4.80754677606
1330 446 4.80754677606
1331 446 4.80754677606
1332 446 4.80754677606
1333 446 4.80754677606
1334 446 4.80754677606
1335 446 4.80754677606
1336 446 4.80754677606
1337 446 4.80754677606
1338 446 4.80754677606
1339 446 4.80754677606
1340 446 4.80754677606
1341 447 2.42350911034
1342 447 2.42350911034
1343 447 2.42350911034
1344 447 2.42350911034
1345 447 2.42350911034
1346 447 2.42350911034
1347 447 2.42350911034
1348 447 2.42350911034
1349 447 2.42350911034
1350 447 2.42350911034
1351 447 2.42350911034
1352 447 2.42350911034
1353 447 2.42350911034
1354 447 2.42350911034
1355 447 2.42350911034
1356 447 2.42350911034
1357 447 2.42350911034
1358 447 2.42350911034
1359 447 2.42350911034
1360 447 2.42350911034
1361 447 2.42350911034
1362 447 2.42350911034
1363 447 2.42350911034
1364 447 2.42350911034
1365 447 2.42350911034
1366 447 2.42350911034
1367 447 2.42350911034
1368 447 2.42350911034
1369 447 2.42350911034
1370 447 2.42350911034
1371 447 2.42350911034
1372 447 2.42350911034
1373 447 2.42350911034
1374 447 2.42350911034
1375 447 2.42350911034
1376 447 2.42350911034
1377 447 2.42350911034
1378 447 2.42350911034
1379 447 2.42350911034
1380 447 2.42350911034
1381 447 2.42350911034
1382 447 2.42350911034
1383 447 2.42350911034
1384 447 2.42350911034
1385 447 2.42350911034
1386 447 2.42350911034
1387 447 2.42350911034
1388 447 2.42350911034
1389 447 2.42350911034
1390 447 2.42350911034
1391 447 2.42350911034
1392 447 2.42350911034
1393 447 2.42350911034
1394 447 2.42350911034
1395 447 2.42350911034
1396 447 2.42350911034
1397 447 2.42350911034
1398 447 2.42350911034
1399 447 2.42350911034
1400 447 2.42350911034
1401 447 2.42350911034
1402 447 2.42350911034
1403 447 2.42350911034
1404 447 2.42350911034
1405 447 2.42350911034
1406 447 2.42350911034
1407 447 2.42350911034
1408 447 2.42350911034
1409 447 2.42350911034
1410 447 2.42350911034
1411 447 2.42350911034
1412 447 2.42350911034
1413 447 2.42350911034
1414 447 2.42350911034
1415 447 2.42350911034
1416 447 2.42350911034
1417 447 2.42350911034
1418 447 2.42350911034
1419 447 2.42350911034
1420 447 2.42350911034
1421 447 2.42350911034
1422 448 2.08313255141
1423 448 2.08313255141
1424 448 2.08313255141
1425 448 2.08313255141
1426 448 2.08313255141
1427 448 2.08313255141
1428 448 2.08313255141
1429 448 2.08313255141
1430 448 2.08313255141
1431 448 2.08313255141
1432 448 2.08313255141
1433 448 2.08313255141
1434 448 2.08313255141
1435 448 2.08313255141
1436 448 2.08313255141
1437 448 2.08313255141
1438 448 2.08313255141
1439 448 2.08313255141
1440 448 2.08313255141
1441 448 2.08313255141
1442 448 2.08313255141
1443 448 2.08313255141
1444 448 2.08313255141
1445 448 2.08313255141
1446 448 2.08313255141
1447 448 2.08313255141
1448 448 2.08313255141
1449 448 2.08313255141
1450 448 2.08313255141
1451 448 2.08313255141
1452 448 2.08313255141
1453 448 2.08313255141
1454 448 2.08313255141
1455 448 2.08313255141
1456 448 2.08313255141
1457 448 2.08313255141
1458 448 2.08313255141
1459 448 2.08313255141
1460 448 2.08313255141
1461 448 2.08313255141
1462 448 2.08313255141
1463 448 2.08313255141
1464 448 2.08313255141
1465 448 2.08313255141
1466 448 2.08313255141
1467 448 2.08313255141
1468 448 2.08313255141
1469 448 2.08313255141
1470 448 2.08313255141
1471 448 2.08313255141
1472 448 2.08313255141
1473 448 2.08313255141
1474 448 2.08313255141
1475 448 2.08313255141
1476 448 2.08313255141
1477 448 2.08313255141
1478 448 2.08313255141
1479 448 2.08313255141
1480 448 2.08313255141
1481 448 2.08313255141
1482 448 2.08313255141
1483 448 2.08313255141
1484 448 2.08313255141
1485 448 2.08313255141
1486 448 2.08313255141
1487 448 2.08313255141
1488 448 2.08313255141
1489 448 2.08313255141
1490 448 2.08313255141
1491 448 2.08313255141
1492 448 2.08313255141
1493 448 2.08313255141
1494 448 2.08313255141
1495 448 2.08313255141
1496 448 2.08313255141
1497 448 2.08313255141
1498 448 2.08313255141
1499 448 2.08313255141
1500 448 2.08313255141
1501 448 2.08313255141
1502 448 2.08313255141
1503 449 2.39215380919
1504 449 2.39215380919
1505 449 2.39215380919
1506 449 2.39215380919
1507 449 2.39215380919
1508 449 2.39215380919
1509 449 2.39215380919
1510 449 2.39215380919
1511 449 2.39215380919
1512 449 2.39215380919
1513 449 2.39215380919
1514 449 2.39215380919
1515 449 2.39215380919
1516 449 2.39215380919
1517 449 2.39215380919
1518 449 2.39215380919
1519 449 2.39215380919
1520 449 2.39215380919
1521 449 2.39215380919
1522 449 2.39215380919
1523 449 2.39215380919
1524 449 2.39215380919
1525 449 2.39215380919
1526 449 2.39215380919
1527 449 2.39215380919
1528 449 2.39215380919
1529 449 2.39215380919
1530 449 2.39215380919
1531 449 2.39215380919
1532 449 2.39215380919
1533 449 2.39215380919
1534 449 2.39215380919
1535 449 2.39215380919
1536 449 2.39215380919
1537 449 2.39215380919
1538 449 2.39215380919
1539 449 2.39215380919
1540 449 2.39215380919
1541 449 2.39215380919
1542 449 2.39215380919
1543 449 2.39215380919
1544 449 2.39215380919
1545 449 2.39215380919
1546 449 2.39215380919
1547 449 2.39215380919
1548 449 2.39215380919
1549 449 2.39215380919
1550 449 2.39215380919
1551 449 2.39215380919
1552 449 2.39215380919
1553 449 2.39215380919
1554 449 2.39215380919
1555 449 2.39215380919
1556 449 2.39215380919
1557 449 2.39215380919
1558 449 2.39215380919
1559 449 2.39215380919
1560 449 2.39215380919
1561 449 2.39215380919
1562 449 2.39215380919
1563 449 2.39215380919
1564 449 2.39215380919
1565 449 2.39215380919
1566 449 2.39215380919
1567 449 2.39215380919
1568 449 2.39215380919
1569 449 2.39215380919
1570 449 2.39215380919
1571 449 2.39215380919
1572 449 2.39215380919
1573 449 2.39215380919
1574 449 2.39215380919
1575 449 2.39215380919
1576 449 2.39215380919
1577 449 2.39215380919
1578 449 2.39215380919
1579 449 2.39215380919
1580 449 2.39215380919
1581 449 2.39215380919
1582 449 2.39215380919
1583 449 2.39215380919
1584 450 4.36871335421
