1 0 3.52617792384
2 1 0.580119013394
3 2 0.580121378877
4 3 0.580668510718
5 4 0.579065013711
6 5 0.580721745239
7 6 0.584209329031
8 7 0.586781657366
9 8 0.586142403257
10 9 0.59215879
11 10 0.595365423628
12 11 0.596446272468
13 12 0.602945581202
14 13 0.603100967756
15 14 0.598914768226
16 15 0.601949236951
17 16 0.599477062781
18 17 0.602964960959
19 18 0.607047260594
20 19 0.601196802272
21 20 0.597256309514
22 21 0.592877321742
23 22 0.594050177278
24 23 0.594823194999
25 24 0.597437587896
26 25 0.596641361027
27 26 0.5999737496
28 27 0.598968033913
29 28 0.601086604893
30 29 0.59633915487
31 30 0.601085536077
32 31 0.597791169855
33 32 0.597994400094
34 33 0.592315262659
35 34 0.592430020517
36 35 0.587991223948
37 36 0.587093409014
38 37 0.585096742222
39 38 0.582645021878
40 39 0.579654528715
41 40 0.576560094888
42 41 0.576275517145
43 42 0.579550520633
44 43 0.579756505922
45 44 0.582561245032
46 45 0.585975849353
47 46 0.588620364618
48 47 0.591091728132
49 48 0.597361962996
50 49 0.599069153634
51 50 0.605307202734
52 51 0.608651335267
53 52 0.609641177299
54 53 0.609661149857
55 54 0.607568874355
56 55 0.60803565411
57 56 0.611342313775
58 57 0.611376741219
59 58 0.60996703096
60 59 0.612271380775
61 60 0.610912172794
62 61 0.616343446763
63 62 0.617355381067
64 63 0.613063136359
65 64 0.61926403326
66 65 0.619929373058
67 66 0.612734242914
68 67 0.60716065989
69 68 0.610663464845
70 69 0.609827688696
71 70 0.614346344429
72 71 0.612671781294
73 72 0.616980459421
74 73 0.615556401173
75 74 0.618010443919
76 75 0.619205985936
77 76 0.625586924745
78 77 0.623024993108
79 78 0.621338917749
80 79 0.616218999649
81 80 0.615418250202
82 81 0.60882958389
83 82 0.607300005356
84 83 0.601711501703
85 84 0.602361469292
86 85 0.596895725976
87 86 0.59238836219
88 87 0.594243417213
89 88 0.598387596183
90 89 0.603000723439
91 90 0.608639445708
92 91 0.614544566961
93 92 0.620192985655
94 93 0.622393566627
95 94 0.62863231797
96 95 0.63089753579
97 96 0.638682482647
98 97 0.637279195871
99 98 0.638357320372
100 99 0.633074693553
101 100 0.626529152606
102 101 0.625918403797
103 102 0.623307794336
104 103 0.623016265194
105 104 0.623257336842
106 105 0.623770706607
107 106 0.62473200719
108 107 0.631094057432
109 108 0.631100630483
110 109 0.629869951961
111 110 0.637296090382
112 111 0.640259658188
113 112 0.635873743868
114 113 0.630151764671
115 114 0.633524526097
116 115 0.63082359847
117 116 0.633718918119
118 117 0.632337335295
119 118 0.633566100043
120 119 0.634112628434
121 120 0.635534300441
122 121 0.641963450277
123 122 0.646224477894
124 123 0.646286423705
125 124 0.643028490612
126 125 0.642232773241
127 126 0.641929340276
128 127 0.63828496876
129 128 0.637982479782
130 129 0.635215912623
131 130 0.640244415345
132 131 0.639073608319
133 132 0.636182956698
134 133 0.630696002207
135 134 0.633720266074
136 135 0.637546164769
137 136 0.645406224705
138 137 0.645402006596
139 138 0.651109315424
140 139 0.651488255785
141 140 0.655467833339
142 141 0.656601344802
143 142 0.653188077908
144 143 0.651797503692
145 144 0.654067078187
146 145 0.647329368413
147 146 0.641285618467
148 147 0.638076100797
149 148 0.63043536773
150 149 0.62969932572
151 150 0.63338006815
152 151 0.631060631361
153 152 0.634649805315
154 153 0.637794993355
155 154 0.635559360104
156 155 0.640484968631
157 156 0.646883115929
158 157 0.645861428584
159 158 5.9731692343
160 158 5.9731692343
161 158 5.9731692343
162 158 5.9731692343
163 158 5.9731692343
164 158 5.9731692343
165 158 5.9731692343
166 159 0.653605458313
167 160 0.660010437195
168 161 0.658091084113
169 162 0.663195322222
170 163 0.657253896319
171 164 0.650851553333
172 165 0.648751110626
173 166 0.64278084682
174 167 0.641600303823
175 168 0.640432353521
176 169 0.63854062997
177 170 0.640534211569
178 171 0.640526351508
179 172 0.64862869376
180 173 0.645303558865
181 174 0.648743092283
182 175 0.645510519628
183 176 0.650561445224
184 177 0.651837020779
185 178 0.654689149909
186 179 0.65819408375
187 180 0.660245577584
188 181 0.669268597103
189 182 0.672772549099
190 183 0.680462954421
191 184 0.675855304239
192 185 0.669093128479
193 186 0.662668599242
194 187 0.659123065879
195 188 0.664727321801
196 189 0.663856426231
197 190 0.66381960357
198 191 0.661387473017
199 192 0.658832922894
200 193 0.6532067552
201 194 0.653573613261
202 195 0.647401595907
203 196 0.642648741291
204 197 0.644501055069
205 198 0.639425063009
206 199 0.636244256765
207 200 0.63381496507
208 201 0.626504713504
209 202 0.625391703765
210 203 0.629465531565
211 204 0.62657083221
212 205 0.630878633297
213 206 0.627174505539
214 207 0.62663065289
215 208 0.627011909366
216 209 0.632027901844
217 210 0.635143821053
218 211 0.642597417528
219 212 0.641411426549
220 213 0.639947748039
221 214 0.634522571304
222 215 0.633672796175
223 216 0.629346400635
224 217 0.631331876916
225 218 0.626150260875
226 219 0.628689261769
227 220 0.627534416413
228 221 0.631681754434
229 222 0.624745913923
230 223 0.627619644152
231 224 0.626632840518
232 225 0.633096087238
233 226 0.632794782415
234 227 0.640143381378
235 228 0.642563395763
236 229 0.649339855463
237 230 0.652114491365
238 231 0.659914809869
239 232 0.660760144157
240 233 0.66750672459
241 234 0.665296388902
242 235 0.661926936636
243 236 0.653181534718
244 237 0.64971484357
245 238 0.645314066976
246 239 0.638135272916
247 240 0.633029429579
248 241 0.62529411615
249 242 0.624050945408
250 243 0.628995736178
251 244 0.625643991854
252 245 0.624653627908
253 246 0.617601637034
254 247 0.61360902579
255 248 0.614856758426
256 249 0.618388040834
257 250 0.617282682297
258 251 0.616074787332
259 252 0.615279919023
260 253 0.616519480962
261 254 0.614204797023
262 255 0.61568053809
263 256 0.611236376688
264 257 0.613591883714
265 258 0.614166126252
266 259 0.614024757653
267 260 0.618157985775
268 261 0.612559205812
269 262 0.613846329078
270 263 0.608704705983
271 264 0.610763798571
272 265 0.608033563669
273 266 0.609474211931
274 267 0.608465149351
275 268 0.603431091756
276 269 0.599890726218
277 270 0.600053931402
278 271 0.601414335436
279 272 0.60425790446
280 273 0.605467182429
281 274 0.611255216411
282 275 0.614329812996
283 276 0.62076469435
284 277 0.620731779333
285 278 0.625905286025
286 279 0.629638105024
287 280 0.631306586152
288 281 0.627056442783
289 282 0.620739696588
290 283 0.613584802991
291 284 0.606853870343
292 285 0.604625424051
293 286 0.597851223639
294 287 0.594140699238
295 288 0.59774953463
296 289 0.59510494962
297 290 5.42120488761
