1 0 5.23483806878
2 1 5.18395199575
3 2 5.10186700632
4 3 5.08089268212
5 4 5.01651704572
6 5 4.92745281973
7 6 4.9077627455
8 7 4.95773775584
9 8 4.95471344255
10 9 5.01117274667
11 10 4.98267870482
12 11 5.01287899988
13 12 4.97207788083
14 13 4.93135490931
15 14 4.93133864502
16 15 4.88286083236
17 16 4.91939268766
18 17 4.86160132887
19 18 4.90496145089
20 19 4.92348706096
21 20 4.99746867421
22 21 5.03719486248
23 22 5.02715126322
24 23 4.95755913746
25 24 4.92500291032
26 25 4.82559414569
27 26 4.81095815246
28 27 4.87122735954
29 28 4.84756335908
30 29 4.83673637394
31 30 4.79806684671
32 31 1.52111667815
33 31 1.52111667815
34 31 1.52111667815
35 31 1.52111667815
36 31 1.52111667815
37 31 1.52111667815
38 31 1.52111667815
39 31 1.52111667815
40 31 1.52111667815
41 31 1.52111667815
42 31 1.52111667815
43 31 1.52111667815
44 31 1.52111667815
45 31 1.52111667815
46 31 1.52111667815
47 31 1.52111667815
48 31 1.52111667815
49 31 1.52111667815
50 31 1.52111667815
51 31 1.52111667815
52 31 1.52111667815
53 31 1.52111667815
54 31 1.52111667815
55 31 1.52111667815
56 31 1.52111667815
57 31 1.52111667815
58 31 1.52111667815
59 31 1.52111667815
60 31 1.52111667815
61 31 1.52111667815
62 31 1.52111667815
63 31 1.52111667815
64 31 1.52111667815
65 31 1.52111667815
66 31 1.52111667815
67 31 1.52111667815
68 31 1.52111667815
69 31 1.52111667815
70 31 1.52111667815
71 31 1.52111667815
72 31 1.52111667815
73 31 1.52111667815
74 31 1.52111667815
75 31 1.52111667815
76 31 1.52111667815
77 31 1.52111667815
78 31 1.52111667815
79 31 1.52111667815
80 31 1.52111667815
81 31 1.52111667815
82 31 1.52111667815
83 31 1.52111667815
84 31 1.52111667815
85 31 1.52111667815
86 31 1.52111667815
87 31 1.52111667815
88 31 1.52111667815
89 31 1.52111667815
90 31 1.52111667815
91 31 1.52111667815
92 31 1.52111667815
93 31 1.52111667815
94 31 1.52111667815
95 31 1.52111667815
96 31 1.52111667815
97 31 1.52111667815
98 31 1.52111667815
99 31 1.52111667815
100 31 1.52111667815
101 31 1.52111667815
102 31 1.52111667815
103 31 1.52111667815
104 31 1.52111667815
105 31 1.52111667815
106 31 1.52111667815
107 31 1.52111667815
108 31 1.52111667815
109 31 1.52111667815
110 31 1.52111667815
111 31 1.52111667815
112 31 1.52111667815
113 31 1.52111667815
114 31 1.52111667815
115 31 1.52111667815
116 31 1.52111667815
117 31 1.52111667815
118 31 1.52111667815
119 31 1.52111667815
120 31 1.52111667815
121 31 1.52111667815
122 31 1.52111667815
123 31 1.52111667815
124 31 1.52111667815
125 31 1.52111667815
126 31 1.52111667815
127 31 1.52111667815
128 31 1.52111667815
129 32 1.43332377696
130 32 1.43332377696
131 32 1.43332377696
132 32 1.43332377696
133 32 1.43332377696
134 32 1.43332377696
135 32 1.43332377696
136 32 1.43332377696
137 32 1.43332377696
138 32 1.43332377696
139 32 1.43332377696
140 32 1.43332377696
141 32 1.43332377696
142 32 1.43332377696
143 32 1.43332377696
144 32 1.43332377696
145 32 1.43332377696
146 32 1.43332377696
147 32 1.43332377696
148 32 1.43332377696
149 32 1.43332377696
150 32 1.43332377696
151 32 1.43332377696
152 32 1.43332377696
153 32 1.43332377696
154 32 1.43332377696
155 32 1.43332377696
156 32 1.43332377696
157 32 1.43332377696
158 32 1.43332377696
159 32 1.43332377696
160 32 1.43332377696
161 32 1.43332377696
162 32 1.43332377696
163 32 1.43332377696
164 32 1.43332377696
165 32 1.43332377696
166 32 1.43332377696
167 32 1.43332377696
168 32 1.43332377696
169 32 1.43332377696
170 32 1.43332377696
171 32 1.43332377696
172 32 1.43332377696
173 32 1.43332377696
174 32 1.43332377696
175 32 1.43332377696
176 32 1.43332377696
177 32 1.43332377696
178 32 1.43332377696
179 32 1.43332377696
180 32 1.43332377696
181 32 1.43332377696
182 32 1.43332377696
183 32 1.43332377696
184 32 1.43332377696
185 32 1.43332377696
186 32 1.43332377696
187 32 1.43332377696
188 32 1.43332377696
189 32 1.43332377696
190 32 1.43332377696
191 32 1.43332377696
192 32 1.43332377696
193 32 1.43332377696
194 32 1.43332377696
195 32 1.43332377696
196 32 1.43332377696
197 32 1.43332377696
198 32 1.43332377696
199 32 1.43332377696
200 32 1.43332377696
201 32 1.43332377696
202 32 1.43332377696
203 32 1.43332377696
204 32 1.43332377696
205 32 1.43332377696
206 32 1.43332377696
207 32 1.43332377696
208 32 1.43332377696
209 32 1.43332377696
210 32 1.43332377696
211 32 1.43332377696
212 32 1.43332377696
213 32 1.43332377696
214 32 1.43332377696
215 32 1.43332377696
216 32 1.43332377696
217 32 1.43332377696
218 32 1.43332377696
219 32 1.43332377696
220 32 1.43332377696
221 32 1.43332377696
222 32 1.43332377696
223 32 1.43332377696
224 32 1.43332377696
225 32 1.43332377696
226 33 2.59852798241
227 33 2.59852798241
228 33 2.59852798241
229 33 2.59852798241
230 33 2.59852798241
231 33 2.59852798241
232 33 2.59852798241
233 33 2.59852798241
234 33 2.59852798241
235 33 2.59852798241
236 33 2.59852798241
237 33 2.59852798241
238 33 2.59852798241
239 33 2.59852798241
240 33 2.59852798241
241 33 2.59852798241
242 33 2.59852798241
243 33 2.59852798241
244 33 2.59852798241
245 33 2.59852798241
246 33 2.59852798241
247 33 2.59852798241
248 33 2.59852798241
249 33 2.59852798241
250 33 2.59852798241
251 33 2.59852798241
252 33 2.59852798241
253 33 2.59852798241
254 33 2.59852798241
255 33 2.59852798241
256 33 2.59852798241
257 33 2.59852798241
258 33 2.59852798241
259 33 2.59852798241
260 33 2.59852798241
261 33 2.59852798241
262 33 2.59852798241
263 33 2.59852798241
264 33 2.59852798241
265 33 2.59852798241
266 33 2.59852798241
267 33 2.59852798241
268 33 2.59852798241
269 33 2.59852798241
270 33 2.59852798241
271 33 2.59852798241
272 33 2.59852798241
273 33 2.59852798241
274 33 2.59852798241
275 33 2.59852798241
276 33 2.59852798241
277 33 2.59852798241
278 33 2.59852798241
279 33 2.59852798241
280 33 2.59852798241
281 33 2.59852798241
282 33 2.59852798241
283 33 2.59852798241
284 33 2.59852798241
285 33 2.59852798241
286 33 2.59852798241
287 33 2.59852798241
288 33 2.59852798241
289 33 2.59852798241
290 33 2.59852798241
291 33 2.59852798241
292 33 2.59852798241
293 33 2.59852798241
294 33 2.59852798241
295 33 2.59852798241
296 33 2.59852798241
297 33 2.59852798241
298 33 2.59852798241
299 33 2.59852798241
300 33 2.59852798241
301 33 2.59852798241
302 33 2.59852798241
303 33 2.59852798241
304 33 2.59852798241
305 33 2.59852798241
306 33 2.59852798241
307 33 2.59852798241
308 33 2.59852798241
309 33 2.59852798241
310 33 2.59852798241
311 33 2.59852798241
312 33 2.59852798241
313 33 2.59852798241
314 33 2.59852798241
315 33 2.59852798241
316 33 2.59852798241
317 33 2.59852798241
318 33 2.59852798241
319 33 2.59852798241
320 33 2.59852798241
321 33 2.59852798241
322 34 1.68824600406
323 35 1.72844476071
324 36 1.70552090644
325 37 1.62528234983
326 38 1.71178876283
327 39 1.82516412387
328 40 1.88856999587
329 41 1.92216596784
330 42 2.04109844287
331 43 2.1122019384
332 44 2.1918690965
333 45 2.24671325796
334 46 2.30374717675
335 47 2.36154504395
336 48 2.31037651026
337 49 2.35425293504
338 50 2.26370805517
339 51 2.27832840782
340 52 2.19506196676
341 53 2.07259314349
342 54 2.03477241815
343 55 1.95178256523
344 56 1.97897817489
345 57 2.00397596612
346 58 2.04074930241
347 59 1.95329688463
348 60 1.88803605265
349 61 1.94592635672
350 62 2.0689828569
351 63 2.15182228517
352 64 3.4160306145
353 64 3.4160306145
354 64 3.4160306145
355 64 3.4160306145
356 64 3.4160306145
357 64 3.4160306145
358 64 3.4160306145
359 64 3.4160306145
360 64 3.4160306145
361 64 3.4160306145
362 64 3.4160306145
363 64 3.4160306145
364 64 3.4160306145
365 64 3.4160306145
366 64 3.4160306145
367 64 3.4160306145
368 64 3.4160306145
369 64 3.4160306145
370 64 3.4160306145
371 64 3.4160306145
372 64 3.4160306145
373 64 3.4160306145
374 64 3.4160306145
375 64 3.4160306145
376 64 3.4160306145
377 64 3.4160306145
378 64 3.4160306145
379 64 3.4160306145
380 64 3.4160306145
381 64 3.4160306145
382 64 3.4160306145
383 64 3.4160306145
384 64 3.4160306145
385 64 3.4160306145
386 64 3.4160306145
387 64 3.4160306145
388 64 3.4160306145
389 64 3.4160306145
390 64 3.4160306145
391 64 3.4160306145
392 64 3.4160306145
393 64 3.4160306145
394 64 3.4160306145
395 64 3.4160306145
396 64 3.4160306145
397 64 3.4160306145
398 64 3.4160306145
399 64 3.4160306145
400 65 2.03232024654
401 66 2.02554881744
402 67 2.135876109
403 68 2.1883997577
404 69 2.10959418866
405 70 2.03981728872
406 71 2.1444619476
407 72 2.15791291235
408 73 2.03867377758
409 74 2.07228964999
410 75 2.17503207558
411 76 2.13422395583
412 77 2.15664674888
413 78 2.07833684642
414 79 2.07846864981
415 80 2.10622474464
416 81 1.99639341015
417 82 1.90995429768
418 83 1.84898530451
419 84 1.79389546826
420 85 1.82921285152
421 86 1.76044076419
422 87 1.80444505225
423 88 1.73266354809
424 89 1.76384171815
425 90 1.69481753927
426 91 1.60298831818
427 92 1.63524515862
428 93 1.64723490747
429 94 1.69408760015
430 95 1.70750104675
431 96 1.81267416143
432 97 1.82035744277
433 98 1.92197363214
434 99 2.00385907132
435 100 2.069669135
436 101 2.19209585974
437 102 2.25096455659
438 103 2.30802308993
439 104 1.85972010273
440 104 1.85972010273
441 104 1.85972010273
442 104 1.85972010273
443 104 1.85972010273
444 104 1.85972010273
445 104 1.85972010273
446 104 1.85972010273
447 104 1.85972010273
448 104 1.85972010273
449 104 1.85972010273
450 104 1.85972010273
451 104 1.85972010273
452 104 1.85972010273
453 104 1.85972010273
454 104 1.85972010273
455 104 1.85972010273
456 104 1.85972010273
457 104 1.85972010273
458 104 1.85972010273
459 104 1.85972010273
460 104 1.85972010273
461 104 1.85972010273
462 104 1.85972010273
463 104 1.85972010273
464 104 1.85972010273
465 104 1.85972010273
466 104 1.85972010273
467 104 1.85972010273
468 104 1.85972010273
469 104 1.85972010273
470 104 1.85972010273
471 104 1.85972010273
472 104 1.85972010273
473 104 1.85972010273
474 104 1.85972010273
475 104 1.85972010273
476 104 1.85972010273
477 104 1.85972010273
478 104 1.85972010273
479 104 1.85972010273
480 104 1.85972010273
481 104 1.85972010273
482 104 1.85972010273
483 104 1.85972010273
484 104 1.85972010273
485 104 1.85972010273
486 104 1.85972010273
487 104 1.85972010273
488 104 1.85972010273
489 104 1.85972010273
490 104 1.85972010273
491 104 1.85972010273
492 104 1.85972010273
493 104 1.85972010273
494 104 1.85972010273
495 104 1.85972010273
496 104 1.85972010273
497 104 1.85972010273
498 104 1.85972010273
499 104 1.85972010273
500 104 1.85972010273
501 104 1.85972010273
502 104 1.85972010273
503 104 1.85972010273
504 104 1.85972010273
505 104 1.85972010273
506 104 1.85972010273
507 104 1.85972010273
508 104 1.85972010273
509 104 1.85972010273
510 104 1.85972010273
511 104 1.85972010273
512 104 1.85972010273
513 104 1.85972010273
514 104 1.85972010273
515 104 1.85972010273
516 104 1.85972010273
517 104 1.85972010273
518 104 1.85972010273
519 104 1.85972010273
520 104 1.85972010273
521 104 1.85972010273
522 104 1.85972010273
523 104 1.85972010273
524 104 1.85972010273
525 104 1.85972010273
526 104 1.85972010273
527 104 1.85972010273
528 104 1.85972010273
529 104 1.85972010273
530 104 1.85972010273
531 105 0.29711917746
532 106 0.304470602571
533 107 0.339480823741
534 108 0.362798750085
535 109 0.345003821311
536 110 0.358564557088
537 111 0.343229162984
538 112 0.357527079194
539 113 0.354748093245
540 114 0.37939384454
541 115 0.375813708429
542 116 0.368172851591
543 117 0.350075255016
544 118 0.317779298023
545 119 0.29196235129
546 120 0.294953077413
547 121 0.329412244848
548 122 0.341140482954
549 123 0.380249150251
550 124 0.407061990133
551 125 0.431311806069
552 126 0.399913193545
553 127 0.386114557104
554 128 0.420749963968
555 129 0.422047834463
556 130 0.382041308332
557 131 0.384140550876
558 132 0.417117363723
559 133 0.402652490292
560 134 0.368528322204
561 135 0.390810775351
562 136 0.417476569809
563 137 0.387900861506
564 138 0.375275313701
565 139 0.414278358138
566 140 0.418274666209
567 141 0.384774223423
568 142 0.378677853734
569 143 0.339488812984
570 144 0.338912434671
571 145 0.354222036065
572 146 0.335719726551
573 147 0.304296102767
574 148 0.313152667362
575 149 0.324341160464
576 151 0.552999686306
577 152 0.551218946687
578 151 0.672815675442
579 151 0.672815675442
580 151 0.672815675442
581 151 0.672815675442
582 151 0.672815675442
583 151 0.672815675442
584 151 0.672815675442
585 151 0.672815675442
586 151 0.672815675442
587 151 0.672815675442
588 151 0.672815675442
589 151 0.672815675442
590 151 0.672815675442
591 151 0.672815675442
592 151 0.672815675442
593 151 0.672815675442
594 151 0.672815675442
595 151 0.672815675442
596 151 0.672815675442
597 151 0.672815675442
598 151 0.672815675442
599 151 0.672815675442
600 151 0.672815675442
601 151 0.672815675442
602 151 0.672815675442
603 151 0.672815675442
604 151 0.672815675442
605 151 0.672815675442
606 151 0.672815675442
607 151 0.672815675442
608 151 0.672815675442
609 151 0.672815675442
610 151 0.672815675442
611 151 0.672815675442
612 151 0.672815675442
613 151 0.672815675442
614 151 0.672815675442
615 151 0.672815675442
616 151 0.672815675442
617 151 0.672815675442
618 151 0.672815675442
619 151 0.672815675442
620 151 0.672815675442
621 151 0.672815675442
622 151 0.672815675442
623 151 0.672815675442
624 151 0.672815675442
625 151 0.672815675442
626 151 0.672815675442
627 151 0.672815675442
628 151 0.672815675442
629 151 0.672815675442
630 151 0.672815675442
631 151 0.672815675442
632 151 0.672815675442
633 151 0.672815675442
634 151 0.672815675442
635 151 0.672815675442
636 151 0.672815675442
637 151 0.672815675442
638 151 0.672815675442
639 151 0.672815675442
640 151 0.672815675442
641 151 0.672815675442
642 151 0.672815675442
643 151 0.672815675442
644 151 0.672815675442
645 151 0.672815675442
646 151 0.672815675442
647 151 0.672815675442
648 151 0.672815675442
649 151 0.672815675442
650 151 0.672815675442
651 151 0.672815675442
652 151 0.672815675442
653 151 0.672815675442
654 151 0.672815675442
655 151 0.672815675442
656 151 0.672815675442
657 151 0.672815675442
658 151 0.672815675442
659 151 0.672815675442
660 151 0.672815675442
661 151 0.672815675442
662 151 0.672815675442
663 151 0.672815675442
664 151 0.672815675442
665 151 0.672815675442
666 151 0.672815675442
667 151 0.672815675442
668 151 0.672815675442
669 153 0.604513021014
670 153 0.604513021014
671 153 0.604513021014
672 153 0.604513021014
673 153 0.604513021014
674 153 0.604513021014
675 153 0.604513021014
676 153 0.604513021014
677 153 0.604513021014
678 153 0.604513021014
679 153 0.604513021014
680 153 0.604513021014
681 153 0.604513021014
682 153 0.604513021014
683 153 0.604513021014
684 153 0.604513021014
685 153 0.604513021014
686 153 0.604513021014
687 153 0.604513021014
688 153 0.604513021014
689 153 0.604513021014
690 153 0.604513021014
691 153 0.604513021014
692 153 0.604513021014
693 153 0.604513021014
694 153 0.604513021014
695 153 0.604513021014
696 153 0.604513021014
697 153 0.604513021014
698 153 0.604513021014
699 153 0.604513021014
700 153 0.604513021014
701 153 0.604513021014
702 153 0.604513021014
703 153 0.604513021014
704 153 0.604513021014
705 153 0.604513021014
706 153 0.604513021014
707 153 0.604513021014
708 153 0.604513021014
709 153 0.604513021014
710 153 0.604513021014
711 153 0.604513021014
712 153 0.604513021014
713 153 0.604513021014
714 153 0.604513021014
715 153 0.604513021014
716 153 0.604513021014
717 153 0.604513021014
718 153 0.604513021014
719 153 0.604513021014
720 153 0.604513021014
721 153 0.604513021014
722 153 0.604513021014
723 153 0.604513021014
724 153 0.604513021014
725 153 0.604513021014
726 153 0.604513021014
727 153 0.604513021014
728 153 0.604513021014
729 153 0.604513021014
730 153 0.604513021014
731 153 0.604513021014
732 153 0.604513021014
733 153 0.604513021014
734 153 0.604513021014
735 153 0.604513021014
736 153 0.604513021014
737 153 0.604513021014
738 153 0.604513021014
739 153 0.604513021014
740 153 0.604513021014
741 153 0.604513021014
742 153 0.604513021014
743 153 0.604513021014
744 153 0.604513021014
745 153 0.604513021014
746 153 0.604513021014
747 153 0.604513021014
748 153 0.604513021014
749 153 0.604513021014
750 153 0.604513021014
751 153 0.604513021014
752 153 0.604513021014
753 153 0.604513021014
754 153 0.604513021014
755 153 0.604513021014
756 153 0.604513021014
757 153 0.604513021014
758 153 0.604513021014
759 153 0.604513021014
760 153 0.604513021014
761 153 0.604513021014
762 154 3.22370291498
763 154 3.22370291498
764 154 3.22370291498
765 154 3.22370291498
766 154 3.22370291498
767 154 3.22370291498
768 154 3.22370291498
769 154 3.22370291498
770 154 3.22370291498
771 154 3.22370291498
772 154 3.22370291498
773 154 3.22370291498
774 154 3.22370291498
775 154 3.22370291498
776 154 3.22370291498
777 154 3.22370291498
778 154 3.22370291498
779 154 3.22370291498
780 154 3.22370291498
781 154 3.22370291498
782 154 3.22370291498
783 154 3.22370291498
784 154 3.22370291498
785 154 3.22370291498
786 154 3.22370291498
787 154 3.22370291498
788 154 3.22370291498
789 154 3.22370291498
790 154 3.22370291498
791 154 3.22370291498
792 154 3.22370291498
793 154 3.22370291498
794 154 3.22370291498
795 154 3.22370291498
796 154 3.22370291498
797 154 3.22370291498
798 154 3.22370291498
799 154 3.22370291498
800 154 3.22370291498
801 154 3.22370291498
802 154 3.22370291498
803 154 3.22370291498
804 154 3.22370291498
805 154 3.22370291498
806 154 3.22370291498
807 154 3.22370291498
808 154 3.22370291498
809 154 3.22370291498
810 154 3.22370291498
811 154 3.22370291498
812 154 3.22370291498
813 154 3.22370291498
814 154 3.22370291498
815 154 3.22370291498
816 154 3.22370291498
817 154 3.22370291498
818 154 3.22370291498
819 154 3.22370291498
820 154 3.22370291498
821 154 3.22370291498
822 154 3.22370291498
823 154 3.22370291498
824 154 3.22370291498
825 154 3.22370291498
826 154 3.22370291498
827 154 3.22370291498
828 154 3.22370291498
829 154 3.22370291498
830 154 3.22370291498
831 154 3.22370291498
832 154 3.22370291498
833 154 3.22370291498
834 154 3.22370291498
835 154 3.22370291498
836 154 3.22370291498
837 154 3.22370291498
838 154 3.22370291498
839 154 3.22370291498
840 154 3.22370291498
841 154 3.22370291498
842 154 3.22370291498
843 154 3.22370291498
844 154 3.22370291498
845 154 3.22370291498
846 154 3.22370291498
847 154 3.22370291498
848 154 3.22370291498
849 154 3.22370291498
850 154 3.22370291498
851 154 3.22370291498
852 154 3.22370291498
853 154 3.22370291498
854 154 3.22370291498
855 155 1.49363424093
856 155 1.49363424093
857 155 1.49363424093
858 155 1.49363424093
859 155 1.49363424093
860 155 1.49363424093
861 155 1.49363424093
862 155 1.49363424093
863 155 1.49363424093
864 155 1.49363424093
865 155 1.49363424093
866 155 1.49363424093
867 155 1.49363424093
868 155 1.49363424093
869 155 1.49363424093
870 155 1.49363424093
871 155 1.49363424093
872 155 1.49363424093
873 155 1.49363424093
874 155 1.49363424093
875 155 1.49363424093
876 155 1.49363424093
877 155 1.49363424093
878 155 1.49363424093
879 155 1.49363424093
880 155 1.49363424093
881 155 1.49363424093
882 155 1.49363424093
883 155 1.49363424093
884 155 1.49363424093
885 155 1.49363424093
886 155 1.49363424093
887 155 1.49363424093
888 155 1.49363424093
889 155 1.49363424093
890 155 1.49363424093
891 155 1.49363424093
892 155 1.49363424093
893 155 1.49363424093
894 155 1.49363424093
895 155 1.49363424093
896 155 1.49363424093
897 155 1.49363424093
898 155 1.49363424093
899 155 1.49363424093
900 155 1.49363424093
901 155 1.49363424093
902 155 1.49363424093
903 155 1.49363424093
904 155 1.49363424093
905 155 1.49363424093
906 155 1.49363424093
907 155 1.49363424093
908 155 1.49363424093
909 155 1.49363424093
910 155 1.49363424093
911 155 1.49363424093
912 155 1.49363424093
913 155 1.49363424093
914 155 1.49363424093
915 155 1.49363424093
916 155 1.49363424093
917 155 1.49363424093
918 155 1.49363424093
919 155 1.49363424093
920 155 1.49363424093
921 155 1.49363424093
922 155 1.49363424093
923 155 1.49363424093
924 155 1.49363424093
925 155 1.49363424093
926 155 1.49363424093
927 155 1.49363424093
928 155 1.49363424093
929 155 1.49363424093
930 155 1.49363424093
931 155 1.49363424093
932 155 1.49363424093
933 155 1.49363424093
934 155 1.49363424093
935 155 1.49363424093
936 155 1.49363424093
937 155 1.49363424093
938 155 1.49363424093
939 155 1.49363424093
940 155 1.49363424093
941 155 1.49363424093
942 155 1.49363424093
943 155 1.49363424093
944 155 1.49363424093
945 155 1.49363424093
946 155 1.49363424093
947 155 1.49363424093
948 156 2.58310303933
949 156 2.58310303933
950 157 1.45551769062
951 158 1.45151912991
952 159 1.43609944808
953 160 1.42617987105
954 161 1.37179739273
955 162 1.32846441881
956 163 1.31448400958
957 164 1.23374672604
958 165 1.24514219526
959 166 1.15693895867
960 167 1.13063332768
961 168 1.04546684671
962 169 1.03199584482
963 170 0.96274635018
964 171 1.00877272546
965 172 1.07689716622
966 173 1.02766043028
967 174 1.00368188559
968 175 1.08980305449
969 176 1.11782097915
970 177 1.06359294094
971 178 1.08321546933
972 179 1.17169800137
973 180 1.15863222368
974 181 1.1197549336
975 182 1.18908680872
976 183 1.24863131149
977 184 1.28291549694
978 185 1.28420481979
979 186 1.26805483666
980 187 1.33860255779
981 188 1.32860526519
982 189 1.37681895303
983 190 1.38456786505
984 191 1.47454630633
985 192 1.48719471358
986 193 1.43275388848
987 194 1.45393627701
988 195 1.39484990719
989 196 0.68375373365
990 196 0.68375373365
991 196 0.68375373365
992 196 0.68375373365
993 196 0.68375373365
994 196 0.68375373365
995 196 0.68375373365
996 196 0.68375373365
997 196 0.68375373365
998 196 0.68375373365
999 196 0.68375373365
1000 196 0.68375373365
1001 196 0.68375373365
1002 196 0.68375373365
1003 196 0.68375373365
1004 196 0.68375373365
1005 196 0.68375373365
1006 196 0.68375373365
1007 196 0.68375373365
1008 196 0.68375373365
1009 196 0.68375373365
1010 196 0.68375373365
1011 196 0.68375373365
1012 196 0.68375373365
1013 196 0.68375373365
1014 196 0.68375373365
1015 196 0.68375373365
1016 196 0.68375373365
1017 196 0.68375373365
1018 196 0.68375373365
1019 196 0.68375373365
1020 196 0.68375373365
1021 196 0.68375373365
1022 196 0.68375373365
1023 196 0.68375373365
1024 196 0.68375373365
1025 196 0.68375373365
1026 196 0.68375373365
1027 196 0.68375373365
1028 196 0.68375373365
1029 196 0.68375373365
1030 196 0.68375373365
1031 196 0.68375373365
1032 196 0.68375373365
1033 196 0.68375373365
1034 196 0.68375373365
1035 196 0.68375373365
1036 196 0.68375373365
1037 196 0.68375373365
1038 196 0.68375373365
1039 196 0.68375373365
1040 196 0.68375373365
1041 196 0.68375373365
1042 196 0.68375373365
1043 196 0.68375373365
1044 196 0.68375373365
1045 196 0.68375373365
1046 196 0.68375373365
1047 196 0.68375373365
1048 196 0.68375373365
1049 196 0.68375373365
1050 196 0.68375373365
1051 196 0.68375373365
1052 196 0.68375373365
1053 196 0.68375373365
1054 196 0.68375373365
1055 196 0.68375373365
1056 196 0.68375373365
1057 196 0.68375373365
1058 196 0.68375373365
1059 196 0.68375373365
1060 196 0.68375373365
1061 196 0.68375373365
1062 196 0.68375373365
1063 196 0.68375373365
1064 196 0.68375373365
1065 196 0.68375373365
1066 196 0.68375373365
1067 196 0.68375373365
1068 196 0.68375373365
1069 196 0.68375373365
1070 196 0.68375373365
1071 196 0.68375373365
1072 196 0.68375373365
1073 196 0.68375373365
1074 196 0.68375373365
1075 196 0.68375373365
1076 196 0.68375373365
1077 196 0.68375373365
1078 196 0.68375373365
1079 196 0.68375373365
1080 196 0.68375373365
1081 196 0.68375373365
1082 196 0.68375373365
1083 197 1.00955565503
1084 198 0.985118307893
1085 199 1.0244211928
1086 200 1.00904018161
1087 201 0.953778764773
1088 202 0.973380456424
1089 203 1.00746337853
1090 204 0.963807828647
1091 205 0.933778955405
1092 206 0.979509470937
1093 207 0.993556106929
1094 208 0.948159546507
1095 209 0.960298024867
1096 210 0.946647749285
1097 211 0.916618312404
1098 212 0.892677914397
1099 213 0.891024574167
1100 214 0.874416705642
1101 215 0.848116795334
1102 216 0.840700636524
1103 217 0.809457197522
1104 218 0.818059720419
1105 219 0.833867237112
1106 220 0.819840593816
1107 221 0.793639335092
1108 222 0.79294569108
1109 223 0.806098998721
1110 224 0.79630220692
1111 225 0.778303902288
1112 226 0.784937217879
1113 227 0.785050351437
1114 228 0.788609093603
1115 229 0.805954531228
1116 230 0.82095845566
1117 231 0.820012603591
1118 232 0.831642824977
1119 233 0.856252347585
1120 234 0.875955344792
1121 235 0.875498707454
1122 236 0.892676342897
1123 237 0.922920216041
1124 238 0.909024138568
1125 239 0.891794933033
1126 240 0.850783483673
1127 241 0.844562350435
1128 242 0.862693499064
1129 243 0.838963647162
1130 244 0.812573234454
1131 245 0.831342494408
1132 246 0.84956619927
1133 247 0.822106390965
1134 248 0.82140229123
1135 249 0.858480251953
1136 250 0.861453657687
1137 251 0.846156452031
1138 252 0.864787021632
1139 253 0.905736611235
1140 254 0.90420533884
1141 255 3.58158861562
1142 255 3.58158861562
1143 255 3.58158861562
1144 255 3.58158861562
1145 255 3.58158861562
1146 255 3.58158861562
