1 0 1.6053244277
2 0 1.6053244277
3 0 1.6053244277
4 0 1.6053244277
5 0 1.6053244277
6 0 1.6053244277
7 0 1.6053244277
8 0 1.6053244277
9 0 1.6053244277
10 0 1.6053244277
11 0 1.6053244277
12 0 1.6053244277
13 0 1.6053244277
14 0 1.6053244277
15 0 1.6053244277
16 0 1.6053244277
17 0 1.6053244277
18 0 1.6053244277
19 0 1.6053244277
20 0 1.6053244277
21 0 1.6053244277
22 0 1.6053244277
23 0 1.6053244277
24 0 1.6053244277
25 0 1.6053244277
26 0 1.6053244277
27 0 1.6053244277
28 0 1.6053244277
29 0 1.6053244277
30 0 1.6053244277
31 0 1.6053244277
32 0 1.6053244277
33 0 1.6053244277
34 0 1.6053244277
35 0 1.6053244277
36 0 1.6053244277
37 0 1.6053244277
38 0 1.6053244277
39 0 1.6053244277
40 0 1.6053244277
41 0 1.6053244277
42 0 1.6053244277
43 0 1.6053244277
44 0 1.6053244277
45 1 1.00187361106
46 2 1.00345342016
47 3 1.0203782427
48 4 1.037007134
49 5 1.03096883544
50 6 1.06928077702
51 7 1.07759571935
52 8 1.12806931989
53 9 1.16905698358
54 10 1.1572735824
55 11 1.1442752879
56 12 1.16549836109
57 13 1.14210277984
58 14 1.10367602292
59 15 1.08660459753
60 16 1.07200701239
61 17 1.11111635638
62 18 1.09511794032
63 19 1.14676789398
64 20 1.14895351229
65 21 1.10431614973
66 22 1.07998585425
67 23 1.12047285987
68 24 1.10200264954
69 25 1.14476286237
70 26 1.14632802283
71 27 1.19726891469
72 28 1.21449166531
73 29 1.25765034954
74 30 1.29596955217
75 31 1.32846567209
76 32 1.2929068724
77 33 1.24884896378
78 34 1.21369750487
79 35 1.18514660307
80 36 1.15584057373
81 37 1.13656560751
82 38 1.08394366229
83 39 1.10226249238
84 40 1.15595390362
85 41 1.12793708453
86 42 1.18702425244
87 43 1.21919927414
88 44 5.73425517241
89 44 5.73425517241
90 44 5.73425517241
91 44 5.73425517241
92 44 5.73425517241
93 44 5.73425517241
94 44 5.73425517241
95 44 5.73425517241
96 44 5.73425517241
97 44 5.73425517241
98 44 5.73425517241
99 44 5.73425517241
100 44 5.73425517241
101 44 5.73425517241
102 44 5.73425517241
103 44 5.73425517241
104 44 5.73425517241
105 44 5.73425517241
106 44 5.73425517241
107 44 5.73425517241
108 44 5.73425517241
109 44 5.73425517241
110 44 5.73425517241
111 44 5.73425517241
112 44 5.73425517241
113 44 5.73425517241
114 44 5.73425517241
115 44 5.73425517241
116 44 5.73425517241
117 44 5.73425517241
118 44 5.73425517241
119 44 5.73425517241
120 44 5.73425517241
121 44 5.73425517241
122 44 5.73425517241
123 44 5.73425517241
124 45 1.23896747383
125 46 1.28522123926
126 47 1.29914292559
127 48 1.33631183344
128 49 1.38010342791
129 50 1.38570437203
130 51 1.43863355318
131 52 2.21248717011
132 52 2.21248717011
133 52 2.21248717011
134 52 2.21248717011
135 52 2.21248717011
136 52 2.21248717011
137 52 2.21248717011
138 52 2.21248717011
139 52 2.21248717011
140 52 2.21248717011
141 52 2.21248717011
142 52 2.21248717011
143 52 2.21248717011
144 52 2.21248717011
145 52 2.21248717011
146 52 2.21248717011
147 52 2.21248717011
148 52 2.21248717011
149 53 1.42719380325
150 54 1.40090640245
151 55 1.31803177462
152 56 1.28683780412
153 57 1.23975186345
154 58 1.21127752238
155 59 1.19149559414
156 60 1.16192686386
157 61 1.17109769574
158 62 1.19547909258
159 63 1.18691053389
160 64 1.24098714386
161 65 1.28681875493
162 66 1.27738787558
163 67 1.24887766648
164 68 1.26318475927
165 69 1.2795862309
166 70 1.30774143645
167 71 1.33814106793
168 72 1.32889129921
169 73 1.34242765795
170 74 1.41920416039
171 75 1.44641469437
172 76 1.41947562059
173 77 1.46210006859
174 78 1.47646706234
175 79 1.45371860151
176 80 1.38314962053
177 81 1.3888072303
178 82 1.35344328112
179 83 1.37064844405
180 84 1.35718706358
181 85 1.32432368205
182 86 1.38710697803
183 87 1.45533339612
184 88 1.40854721428
185 89 1.45074954374
186 90 1.52995818351
187 91 1.59383281016
188 92 1.69286519294
189 93 1.6864968734
190 94 1.6421979203
191 95 1.57966529312
192 96 1.49684286649
193 97 1.46387881059
194 98 1.45056844092
195 99 1.485671257
196 100 1.50916119685
197 101 1.51662496732
198 102 1.44735989122
199 103 1.47702011453
200 104 1.54484619028
201 105 1.48213265369
202 106 1.40338834083
203 107 1.33479239712
204 108 1.27100602951
205 109 1.21351083648
206 110 1.20176910262
207 111 1.15620987245
208 112 1.15697267376
209 113 1.14113918857
210 114 1.10229140991
211 115 1.13794868956
212 116 1.18743686149
213 117 1.24042740553
214 118 1.23752798771
215 119 1.2562027681
216 120 1.26301815137
217 121 1.2958351013
218 122 1.36735431477
219 123 1.44776806057
220 124 1.42674988137
221 125 1.38950953426
222 126 1.31749273627
223 127 1.34113189244
224 128 1.30468788017
225 129 1.33849665393
226 130 1.32932940108
227 131 1.35305512463
228 132 1.39278504463
229 133 1.43800109516
230 134 1.43377127747
231 135 1.37601700375
232 136 1.38086828187
233 137 1.38697731748
234 138 1.35258827467
235 139 1.41641138089
236 140 1.41167042639
237 141 1.3937853022
238 142 1.46248207397
239 143 1.42886232425
240 144 1.37463655081
241 145 1.30099759917
242 146 1.24692469485
243 147 1.18754991153
244 148 1.17069744107
245 149 1.11259464639
246 150 1.09464088069
247 151 1.05784472171
248 152 1.02686805617
249 153 1.01362191901
250 154 1.04430199853
251 155 1.07993377802
252 156 1.11287235345
253 157 1.12054557779
254 158 1.13216068097
255 159 1.15220718179
256 160 1.20525335433
257 161 1.21551010341
258 162 1.28728631953
259 163 1.34230661161
260 164 1.3848187953
261 165 1.33379919148
262 166 1.29572615676
263 167 1.22772619042
264 168 1.23616663521
265 169 1.18311200935
266 170 1.20241759925
267 171 1.18101318335
268 172 1.21243170745
269 173 1.26952331938
270 174 1.28663399133
271 175 1.35546530904
272 176 1.34018439206
273 177 3.23013395368
274 177 3.23013395368
275 177 3.23013395368
276 177 3.23013395368
277 177 3.23013395368
278 177 3.23013395368
279 177 3.23013395368
280 177 3.23013395368
281 177 3.23013395368
282 177 3.23013395368
283 177 3.23013395368
284 177 3.23013395368
285 178 1.19913758937
286 179 1.2644476367
287 180 1.23493724234
288 181 1.2722847599
289 182 1.25599592199
290 183 1.31009999203
291 184 1.27033821571
292 185 1.33754198043
293 186 1.31169314001
294 187 1.38439206665
295 188 1.41906464335
296 189 1.44358576033
297 190 1.53070751286
298 191 1.58235486789
299 192 1.52091883008
300 193 1.48996661417
301 194 1.43403336078
302 195 1.35260931728
303 196 1.31877232035
304 197 1.24918897143
305 198 1.21272331421
306 199 1.15354152607
307 200 1.12172617808
308 201 1.06895461837
309 202 1.04207349709
310 203 1.01292585244
311 204 0.994497840574
312 205 0.991671052408
313 206 1.0134489696
314 207 1.03562030816
315 208 1.04814893554
316 209 1.05453257948
317 210 1.0866946949
318 211 1.09109092697
319 212 1.14262089021
320 213 1.15940881803
321 214 1.2221672224
322 215 1.26568662979
323 216 1.29501758325
324 217 1.22963729231
325 218 1.21096266212
326 219 1.15310863565
327 220 1.15819067032
328 221 1.11411898673
329 222 1.12801577706
330 223 1.1066849479
331 224 1.11308621775
332 225 1.13697805445
333 226 1.11411538114
334 227 6.96944787827
335 227 6.96944787827
336 227 6.96944787827
337 227 6.96944787827
338 227 6.96944787827
339 227 6.96944787827
340 227 6.96944787827
341 227 6.96944787827
342 227 6.96944787827
343 227 6.96944787827
344 227 6.96944787827
345 227 6.96944787827
346 227 6.96944787827
347 227 6.96944787827
348 227 6.96944787827
349 227 6.96944787827
350 227 6.96944787827
351 227 6.96944787827
352 227 6.96944787827
353 227 6.96944787827
354 227 6.96944787827
355 227 6.96944787827
356 228 1.2055780619
357 229 1.21095237001
358 230 1.18644115218
359 231 1.14967964061
360 232 1.16672321101
361 233 1.18082235066
362 234 1.1509035469
363 235 1.1919587441
364 236 1.17245707978
365 237 1.16351405972
366 238 1.20115458623
367 239 1.22006864147
368 240 1.2150895329
369 241 1.15920357913
370 242 1.14190967277
371 243 1.10103736828
372 244 1.06959823011
373 245 1.0334882008
374 246 1.00995451247
375 247 0.991019933749
376 248 0.98571003375
377 249 0.988309627612
378 250 0.9928111854
379 251 1.00293553679
380 252 1.01218329562
381 253 1.04822454313
382 254 1.07325310906
383 255 1.05496193043
384 256 1.0177861393
385 257 1.02236207876
386 258 1.05629313708
387 259 1.07205101481
388 260 1.11632382467
389 261 1.1552181436
390 262 1.14613236893
391 263 1.09179421979
392 264 1.06949714756
393 265 1.03830684971
394 266 1.05321429726
395 267 1.03059327874
396 268 1.03508043289
397 269 1.03167714288
398 270 1.01823677533
399 271 1.01923924922
400 272 1.04099304765
401 273 1.08825166515
402 274 1.08442550929
403 275 1.12296844288
404 276 1.09126922048
405 277 1.0471767233
406 278 1.03554510914
407 279 1.00981410298
408 280 1.01902692415
409 281 1.01570775418
410 282 1.02339139226
411 283 1.0298179983
412 284 1.0038357828
413 285 1.00234855919
414 286 0.994906877774
415 287 1.01676222752
416 288 1.03320305986
417 289 1.07184783441
418 290 1.07753471081
419 291 1.11931639724
420 292 1.08756843312
421 293 1.06658272073
422 294 1.04959074419
423 295 1.02129090033
424 296 0.99698568052
425 297 0.989090804577
426 298 0.985651656364
427 299 4.12242901866
428 299 4.12242901866
429 299 4.12242901866
430 299 4.12242901866
431 299 4.12242901866
432 299 4.12242901866
433 299 4.12242901866
434 299 4.12242901866
435 299 4.12242901866
436 299 4.12242901866
437 299 4.12242901866
438 299 4.12242901866
439 299 4.12242901866
440 299 4.12242901866
441 299 4.12242901866
442 299 4.12242901866
443 299 4.12242901866
444 299 4.12242901866
445 299 4.12242901866
446 299 4.12242901866
447 299 4.12242901866
448 299 4.12242901866
449 299 4.12242901866
450 299 4.12242901866
451 299 4.12242901866
452 299 4.12242901866
453 299 4.12242901866
454 299 4.12242901866
455 299 4.12242901866
456 299 4.12242901866
457 299 4.12242901866
458 299 4.12242901866
459 299 4.12242901866
460 299 4.12242901866
461 299 4.12242901866
462 299 4.12242901866
463 299 4.12242901866
464 299 4.12242901866
465 299 4.12242901866
466 299 4.12242901866
467 299 4.12242901866
468 299 4.12242901866
469 299 4.12242901866
470 299 4.12242901866
471 299 4.12242901866
472 299 4.12242901866
473 299 4.12242901866
474 299 4.12242901866
475 299 4.12242901866
476 299 4.12242901866
477 299 4.12242901866
478 299 4.12242901866
479 299 4.12242901866
480 299 4.12242901866
481 299 4.12242901866
482 299 4.12242901866
483 299 4.12242901866
484 299 4.12242901866
485 299 4.12242901866
486 299 4.12242901866
487 299 4.12242901866
488 299 4.12242901866
489 299 4.12242901866
490 299 4.12242901866
491 300 1.11002715491
492 300 1.11002715491
493 300 1.11002715491
494 300 1.11002715491
495 300 1.11002715491
496 300 1.11002715491
497 300 1.11002715491
498 300 1.11002715491
499 300 1.11002715491
500 300 1.11002715491
501 300 1.11002715491
502 300 1.11002715491
503 300 1.11002715491
504 300 1.11002715491
505 300 1.11002715491
506 300 1.11002715491
507 300 1.11002715491
508 300 1.11002715491
509 300 1.11002715491
510 300 1.11002715491
511 300 1.11002715491
512 300 1.11002715491
513 300 1.11002715491
514 300 1.11002715491
515 300 1.11002715491
516 300 1.11002715491
517 300 1.11002715491
518 300 1.11002715491
519 300 1.11002715491
520 300 1.11002715491
521 300 1.11002715491
522 300 1.11002715491
523 300 1.11002715491
524 300 1.11002715491
525 300 1.11002715491
526 300 1.11002715491
527 300 1.11002715491
528 300 1.11002715491
529 300 1.11002715491
530 300 1.11002715491
531 300 1.11002715491
532 300 1.11002715491
533 300 1.11002715491
534 300 1.11002715491
535 300 1.11002715491
536 300 1.11002715491
537 300 1.11002715491
538 300 1.11002715491
539 300 1.11002715491
540 300 1.11002715491
541 300 1.11002715491
542 300 1.11002715491
543 300 1.11002715491
544 300 1.11002715491
545 300 1.11002715491
546 300 1.11002715491
547 300 1.11002715491
548 300 1.11002715491
549 300 1.11002715491
550 300 1.11002715491
551 300 1.11002715491
552 300 1.11002715491
553 300 1.11002715491
554 300 1.11002715491
555 300 1.11002715491
556 300 1.11002715491
557 300 1.11002715491
558 300 1.11002715491
559 300 1.11002715491
560 300 1.11002715491
561 300 1.11002715491
562 300 1.11002715491
563 300 1.11002715491
564 300 1.11002715491
565 300 1.11002715491
566 300 1.11002715491
567 300 1.11002715491
568 300 1.11002715491
569 300 1.11002715491
570 300 1.11002715491
571 300 1.11002715491
572 300 1.11002715491
573 300 1.11002715491
574 300 1.11002715491
575 301 0.121173214379
576 301 0.121173214379
577 301 0.121173214379
578 301 0.121173214379
579 301 0.121173214379
580 301 0.121173214379
581 301 0.121173214379
582 301 0.121173214379
583 301 0.121173214379
584 301 0.121173214379
585 301 0.121173214379
586 301 0.121173214379
587 301 0.121173214379
588 301 0.121173214379
589 301 0.121173214379
590 301 0.121173214379
591 301 0.121173214379
592 301 0.121173214379
593 301 0.121173214379
594 301 0.121173214379
595 301 0.121173214379
596 301 0.121173214379
597 301 0.121173214379
598 301 0.121173214379
599 301 0.121173214379
600 301 0.121173214379
601 301 0.121173214379
602 301 0.121173214379
603 301 0.121173214379
604 301 0.121173214379
605 301 0.121173214379
606 301 0.121173214379
607 301 0.121173214379
608 301 0.121173214379
609 301 0.121173214379
610 301 0.121173214379
611 301 0.121173214379
612 301 0.121173214379
613 301 0.121173214379
614 301 0.121173214379
615 301 0.121173214379
616 301 0.121173214379
617 301 0.121173214379
618 301 0.121173214379
619 301 0.121173214379
620 301 0.121173214379
621 301 0.121173214379
622 301 0.121173214379
623 301 0.121173214379
624 301 0.121173214379
625 301 0.121173214379
626 301 0.121173214379
627 301 0.121173214379
628 301 0.121173214379
629 301 0.121173214379
630 301 0.121173214379
631 301 0.121173214379
632 301 0.121173214379
633 301 0.121173214379
634 301 0.121173214379
635 301 0.121173214379
636 301 0.121173214379
637 301 0.121173214379
638 301 0.121173214379
639 301 0.121173214379
640 301 0.121173214379
641 301 0.121173214379
642 301 0.121173214379
643 301 0.121173214379
644 301 0.121173214379
645 301 0.121173214379
646 301 0.121173214379
647 301 0.121173214379
648 301 0.121173214379
649 301 0.121173214379
650 301 0.121173214379
651 301 0.121173214379
652 301 0.121173214379
653 301 0.121173214379
654 301 0.121173214379
655 301 0.121173214379
656 301 0.121173214379
657 301 0.121173214379
658 301 0.121173214379
659 302 2.14179525806
660 303 2.07708825346
661 304 2.06738414037
662 305 2.04703876959
663 306 2.11484953043
664 307 2.15291882057
665 308 2.11270316771
666 309 2.12911678442
667 310 2.20469153512
668 311 2.21140238984
669 312 2.18100965671
670 313 2.23395213833
671 314 2.29709368633
672 315 2.26696413897
673 316 2.26971628699
674 317 2.19267297071
675 318 2.17704746691
676 319 2.10659118769
677 320 2.07998000922
678 321 2.10770273798
679 322 2.06582217709
680 323 1.99961768149
681 324 2.00691762469
682 325 2.02750438871
683 326 1.97332074492
684 327 1.91573030672
685 328 1.91731427313
686 329 1.92086180919
687 330 1.99037657906
688 331 1.98264588764
689 332 1.99519256944
690 333 2.02041581886
691 334 2.08956779137
692 335 2.07640395544
693 336 2.03854050819
694 337 2.10204348233
695 338 2.14320789091
696 339 2.09197675134
697 340 2.10446291052
698 341 2.18136296069
699 342 2.18190449082
700 343 2.14718487638
701 344 2.20040637482
702 345 2.25415290744
703 346 2.24396843687
704 347 2.31615226075
705 348 2.35778607402
706 349 2.28698905694
707 350 2.22327898143
708 351 2.18152385864
709 352 2.11977289895
710 353 2.07173827861
711 354 2.02354877658
712 355 2.02068431899
713 356 1.98308291534
714 357 1.94255010588
715 358 1.99751292293
716 359 1.99495531447
717 360 1.92133827988
718 361 1.91528902471
719 362 1.96335719888
720 363 1.92808616134
721 364 1.86772378628
722 365 1.89096851447
723 366 1.95536565785
724 367 1.93111918201
725 368 1.96743540101
726 369 1.97856633524
727 370 2.04267143741
728 371 2.01244145602
729 372 1.95083099911
730 373 1.9903461438
731 374 2.03396492823
732 375 1.97420239055
733 376 1.94708742309
734 377 2.0145593563
735 378 2.02647547063
736 379 1.95612356057
737 380 1.97213702465
738 381 1.89889829924
739 382 1.92425641663
740 383 1.88821300448
741 384 1.82076369495
742 385 1.84164211557
743 386 1.89125209741
744 387 1.8519920452
745 388 1.79790936211
746 389 1.82853684891
747 390 1.89295706474
748 391 1.88208119622
749 392 1.93435193551
750 393 1.98304389533
751 394 1.97918149509
752 395 2.04932224378
753 396 2.0403705669
754 397 1.96806157861
755 398 1.98902003328
756 399 2.04606070015
757 400 2.00382658723
758 401 1.95534957972
759 402 2.00869785761
760 403 2.04866350019
761 404 1.99363375047
762 405 1.95046192768
763 406 2.00711709573
764 407 1.95742456044
765 408 1.88673600785
766 409 1.83848140129
767 410 1.89221933768
768 411 1.8587319964
769 412 1.79706350451
770 413 1.82772099018
771 414 1.86934658496
772 415 1.81277541076
773 416 1.78394730281
774 417 1.8425345447
775 418 1.84678946401
776 419 1.78260581381
777 420 1.80193706872
778 421 1.85974717932
779 422 1.82160803993
780 423 1.79889031934
781 424 1.86777941298
782 425 1.92567525205
783 426 5.12098247595
784 426 5.12098247595
785 426 5.12098247595
786 426 5.12098247595
787 426 5.12098247595
788 426 5.12098247595
789 426 5.12098247595
790 426 5.12098247595
791 426 5.12098247595
792 426 5.12098247595
793 426 5.12098247595
794 426 5.12098247595
795 426 5.12098247595
796 426 5.12098247595
797 426 5.12098247595
798 426 5.12098247595
799 426 5.12098247595
800 426 5.12098247595
801 426 5.12098247595
802 426 5.12098247595
803 426 5.12098247595
804 426 5.12098247595
805 426 5.12098247595
806 426 5.12098247595
807 426 5.12098247595
808 426 5.12098247595
809 427 1.84283565633
810 428 1.90578844124
811 429 1.97658034955
812 430 1.97387930294
813 431 1.90295111911
814 432 1.91635566102
815 433 1.97254146178
816 434 1.93252818832
817 435 1.87957995337
818 436 1.93100664968
819 437 1.95164420889
820 438 1.88264953724
821 439 1.85510277034
822 440 1.8890352137
823 441 1.85548620957
824 442 1.80864282578
825 443 1.74798742628
826 444 1.73560939489
827 445 1.75606356136
828 446 1.77818227619
829 447 1.83340150966
830 448 1.79120865388
831 449 1.75511763872
832 450 1.81369318927
833 451 1.81986344926
834 452 1.87773666414
835 453 1.89460102558
836 454 4.36688669035
837 454 4.36688669035
838 454 4.36688669035
839 454 4.36688669035
840 454 4.36688669035
841 454 4.36688669035
842 454 4.36688669035
843 454 4.36688669035
844 454 4.36688669035
845 454 4.36688669035
846 454 4.36688669035
847 454 4.36688669035
848 454 4.36688669035
849 454 4.36688669035
850 454 4.36688669035
851 454 4.36688669035
852 454 4.36688669035
853 454 4.36688669035
854 454 4.36688669035
855 454 4.36688669035
856 454 4.36688669035
857 454 4.36688669035
858 454 4.36688669035
859 454 4.36688669035
860 454 4.36688669035
861 454 4.36688669035
862 454 4.36688669035
863 454 4.36688669035
864 454 4.36688669035
865 454 4.36688669035
866 454 4.36688669035
867 454 4.36688669035
868 454 4.36688669035
869 454 4.36688669035
870 454 4.36688669035
871 454 4.36688669035
872 454 4.36688669035
873 454 4.36688669035
874 454 4.36688669035
875 454 4.36688669035
876 454 4.36688669035
877 454 4.36688669035
878 454 4.36688669035
879 454 4.36688669035
880 454 4.36688669035
881 454 4.36688669035
882 454 4.36688669035
883 454 4.36688669035
884 454 4.36688669035
885 454 4.36688669035
886 454 4.36688669035
887 454 4.36688669035
888 454 4.36688669035
889 455 3.51391194659
890 455 3.51391194659
891 455 3.51391194659
892 455 3.51391194659
893 455 3.51391194659
894 455 3.51391194659
895 455 3.51391194659
896 455 3.51391194659
897 455 3.51391194659
898 455 3.51391194659
899 455 3.51391194659
900 455 3.51391194659
901 455 3.51391194659
902 455 3.51391194659
903 455 3.51391194659
904 455 3.51391194659
905 455 3.51391194659
906 455 3.51391194659
907 455 3.51391194659
908 455 3.51391194659
909 455 3.51391194659
910 455 3.51391194659
911 455 3.51391194659
912 455 3.51391194659
913 455 3.51391194659
914 455 3.51391194659
915 455 3.51391194659
916 455 3.51391194659
917 455 3.51391194659
918 455 3.51391194659
919 455 3.51391194659
920 455 3.51391194659
921 455 3.51391194659
922 455 3.51391194659
923 455 3.51391194659
924 455 3.51391194659
925 455 3.51391194659
926 455 3.51391194659
927 455 3.51391194659
928 455 3.51391194659
929 455 3.51391194659
930 455 3.51391194659
931 455 3.51391194659
932 455 3.51391194659
933 455 3.51391194659
934 455 3.51391194659
935 455 3.51391194659
936 455 3.51391194659
937 455 3.51391194659
938 455 3.51391194659
939 455 3.51391194659
940 455 3.51391194659
941 455 3.51391194659
942 456 3.38784169129
943 457 3.30255353114
944 458 3.26948663701
945 459 3.21036879701
946 460 3.27666630001
947 461 3.3601743315
948 462 3.39498067379
949 463 3.42563426123
950 464 3.38948686329
951 465 3.42746345822
952 466 3.37959855162
953 467 3.33603072878
954 468 3.34584774752
955 469 3.26724885279
956 470 3.28556825838
957 471 3.37366903139
958 472 3.36115649019
959 473 3.30533805002
960 474 3.35367599696
961 475 3.30789895368
962 476 3.35106749962
963 477 3.36304115387
964 478 4.15369729992
965 478 4.15369729992
966 478 4.15369729992
967 478 4.15369729992
968 478 4.15369729992
969 478 4.15369729992
970 478 4.15369729992
971 478 4.15369729992
972 478 4.15369729992
973 478 4.15369729992
974 478 4.15369729992
975 478 4.15369729992
976 478 4.15369729992
977 478 4.15369729992
978 478 4.15369729992
979 478 4.15369729992
980 478 4.15369729992
981 478 4.15369729992
982 478 4.15369729992
983 478 4.15369729992
984 478 4.15369729992
985 478 4.15369729992
986 478 4.15369729992
987 478 4.15369729992
988 478 4.15369729992
989 478 4.15369729992
990 478 4.15369729992
991 478 4.15369729992
992 478 4.15369729992
993 478 4.15369729992
994 478 4.15369729992
995 478 4.15369729992
996 478 4.15369729992
997 478 4.15369729992
998 478 4.15369729992
999 478 4.15369729992
1000 479 3.22417287939
1001 480 3.26825965266
1002 481 3.28871145138
1003 482 3.29578229841
1004 483 3.22276310318
1005 484 3.23601470536
1006 485 3.17534113916
1007 486 3.16677528521
1008 487 3.19760084474
1009 488 3.27434148047
1010 489 3.27712475038
1011 490 3.29443809555
1012 491 3.24981667279
1013 492 3.23883547743
1014 493 3.17334053878
1015 494 3.15101245915
1016 495 3.15184738186
1017 496 3.10882597891
1018 497 3.04009621611
1019 498 3.0346698289
1020 499 3.04548740539
1021 500 2.97972990343
1022 501 2.91885627039
1023 502 2.93621585275
1024 503 2.95493319156
1025 504 2.96147322828
1026 505 3.01503759306
1027 506 3.10573548815
1028 507 3.14194308509
1029 508 3.21649911943
1030 509 3.23011229254
1031 510 3.21940940669
1032 511 3.14530163882
1033 512 2.58199605349
1034 512 2.58199605349
1035 512 2.58199605349
1036 512 2.58199605349
1037 512 2.58199605349
1038 512 2.58199605349
