1 0 0.668349607419
2 1 0.662849449607
3 2 0.69671236015
4 3 0.750884348326
5 4 0.802342179993
6 5 0.858105356992
7 6 0.904105496598
8 7 0.938131767478
9 8 0.959031651298
10 9 0.979657753697
11 10 0.940988734083
12 11 0.920516797456
13 12 0.942392464461
14 13 0.916863436255
15 14 0.874687983779
16 15 0.883321881758
17 16 0.860591498637
18 17 0.909708418543
19 18 0.899041467813
20 19 0.866539107115
21 20 0.820958930993
22 21 0.848002213457
23 22 0.887462450867
24 23 0.881950243638
25 24 0.938509387936
26 25 0.933990465485
27 26 0.988741424919
28 27 0.994348755055
29 28 1.04822922317
30 29 1.06061289638
31 30 1.10756114052
32 31 1.06731687465
33 32 1.03744998807
34 33 0.983177910628
35 34 0.963648102595
36 35 0.902821096201
37 36 0.898425981718
38 37 0.841082108114
39 38 0.864839578992
40 39 0.860307849286
41 40 0.858023799718
42 41 0.809271776305
43 42 0.768222613949
44 43 0.774280421386
45 44 0.807762955717
46 45 0.865445428774
47 46 0.921575473271
48 47 0.982934164199
49 48 1.03249125915
50 49 1.03895459423
51 50 1.10905535018
52 51 1.14792251828
53 52 1.17474749631
54 53 1.20351426064
55 54 1.24693142264
56 55 1.19732631233
57 56 1.11914620865
58 57 1.08696644438
59 58 1.04481172537
60 59 1.02635067111
61 60 1.01393605128
62 61 0.997016852439
63 62 1.00194196542
64 63 1.04200943821
65 64 1.01686417924
66 65 1.02955420992
67 66 1.07889660829
68 67 1.13457620496
69 68 1.12894712392
70 69 1.09306509335
71 70 1.10616925523
72 71 1.07626172692
73 72 1.10642408243
74 73 1.1075481899
75 74 1.13324585556
76 75 1.15901202121
77 76 1.19552590281
78 77 1.26121482793
79 78 1.28085930391
80 79 1.26472329719
81 80 1.21308872818
82 81 1.21583509942
83 82 1.19513464599
84 83 1.17968426408
85 84 1.17895302158
86 85 1.1486427366
87 86 1.20811093872
88 87 1.17369487671
89 88 1.23920760935
90 89 1.2064420556
91 90 1.1499571782
92 91 1.07571776591
93 92 1.05898770716
94 93 1.13948252006
95 94 1.14265804606
96 95 1.20396755122
97 96 1.15984431987
98 97 1.16854028997
99 98 1.24645179863
100 99 1.26410107294
101 100 1.29253114875
102 101 1.31997110514
103 102 1.3195306284
104 103 1.32024557533
105 104 1.36729913038
106 105 1.38192633805
107 106 1.33156764712
108 107 1.37740086488
109 108 1.31074117196
110 109 1.23909884688
111 110 1.17946772105
112 111 1.10206513651
113 112 1.0689203082
114 113 1.07977201157
115 114 1.03445372625
116 115 1.05200072326
117 116 1.04245159005
118 117 0.994550141437
119 118 1.03144902149
120 119 1.03613148499
121 120 1.09430388101
122 121 1.14094137673
123 122 1.15479110466
124 123 1.15264870207
125 124 1.12960586759
126 125 1.13492357634
127 126 1.1491864268
128 127 1.16421897438
129 128 1.19820983943
130 129 1.24776225582
131 130 1.30820786099
132 131 1.25374028776
133 132 1.26835861995
134 133 1.20742085621
135 134 1.23846580074
136 135 1.21276660226
137 136 1.24616907505
138 137 1.25100077723
139 138 1.27220190159
140 139 1.31366773883
141 140 1.33953056508
142 141 1.27219149595
143 142 1.33127743887
144 143 1.36137092702
145 144 1.29436650907
146 145 1.3503525718
147 146 1.37861383185
148 147 1.32999057053
149 148 1.36170468846
150 149 1.33980558217
151 150 1.29963800775
152 151 1.29110301285
153 152 1.30499340091
154 153 1.27349393878
155 154 1.29297780024
156 155 1.22015584378
157 156 1.25478292141
158 157 1.33665904968
159 158 1.36832138968
160 159 1.32457789627
161 160 1.36233763095
162 161 1.38525923197
163 162 1.34342434051
164 163 1.25857971667
165 164 1.19597880123
166 165 1.14673939735
167 166 1.14076017435
168 167 1.07972138564
169 168 1.07570028571
170 169 1.01778784964
171 170 1.01407193961
172 171 0.960133664119
173 172 0.973056116433
174 173 0.925888610549
175 174 0.898547376974
176 175 0.882103843582
177 176 0.919051368153
178 177 0.904516256243
179 178 0.923361182928
180 179 0.995278260753
181 180 1.03293984637
182 181 1.02341903314
183 182 1.01487880868
184 183 0.999412630348
185 184 1.04732315458
186 185 1.04289900998
187 186 1.11049932209
188 187 1.10415574696
189 188 1.08497775499
190 189 1.08899732111
191 190 1.03579697791
192 191 1.05908317467
193 192 1.03475962087
194 193 1.08535998338
195 194 1.07870182192
196 195 1.12836859819
197 196 1.16500359728
198 197 1.19096661032
199 198 1.26675789662
200 199 1.24163935849
201 200 1.2488891528
202 201 1.19261783181
203 202 1.18401868441
204 203 1.14176920076
205 204 1.07666976517
206 205 1.04487100429
207 206 1.03825739404
208 207 0.976085224771
209 208 1.00824518665
210 209 0.990887430481
211 210 0.998764625243
212 211 1.04127439297
213 212 1.04644509189
214 213 1.03376825673
215 214 0.982067785172
216 215 0.947534557515
217 216 0.910062945502
218 217 0.898682063286
219 218 0.868120775373
220 219 0.860730076562
221 220 0.798278195158
222 221 0.794534332761
223 222 0.775599318626
224 223 0.75323073946
225 224 0.717941428324
226 225 0.72550689038
227 226 0.767087353883
228 227 0.788541776079
229 228 0.817185350375
230 229 0.799814076309
231 230 0.840677827589
232 231 0.82420719031
233 232 0.869146610149
234 233 0.862190645337
235 234 0.920995713087
236 235 0.951413753804
237 236 0.954957111292
238 237 0.881631214666
239 238 0.855538654416
240 239 0.812934257345
241 240 0.830477348835
242 241 0.799397368705
243 242 0.835211597132
244 243 0.809715508902
245 244 0.860323870275
246 245 0.851926486369
247 246 0.900853052683
248 247 0.89442705647
249 248 1.12586360493
250 248 1.12586360493
251 248 1.12586360493
252 248 1.12586360493
253 248 1.12586360493
254 248 1.12586360493
255 248 1.12586360493
256 248 1.12586360493
257 248 1.12586360493
258 248 1.12586360493
259 249 0.670181809988
260 249 0.670181809988
261 249 0.670181809988
262 249 0.670181809988
263 249 0.670181809988
264 249 0.670181809988
265 249 0.670181809988
266 249 0.670181809988
267 249 0.670181809988
268 249 0.670181809988
269 250 0.632173194309
270 250 0.632173194309
271 250 0.632173194309
272 250 0.632173194309
273 250 0.632173194309
274 250 0.632173194309
275 250 0.632173194309
276 250 0.632173194309
277 250 0.632173194309
278 250 0.632173194309
279 251 0.632173194309
280 251 0.632173194309
281 251 0.632173194309
282 251 0.632173194309
283 251 0.632173194309
284 251 0.632173194309
285 251 0.632173194309
286 251 0.632173194309
287 251 0.632173194309
288 252 1.13900682971
289 253 1.13910564186
290 254 1.0654863877
291 255 1.00479802408
292 256 0.962549665779
293 257 0.922363659224
294 258 0.908786890822
295 259 0.856556051887
296 260 0.844812906484
297 261 0.776433545703
298 262 0.77135430936
299 263 0.806891848282
300 264 0.778780524243
301 265 0.807869687395
302 266 0.751435726413
303 267 0.772064567303
304 268 0.828062348816
305 269 0.864316569653
306 270 0.881059983725
307 271 0.83684479324
308 272 0.857066132608
309 273 0.821320868185
310 274 0.799454936359
311 275 0.77764425012
312 276 0.751155519123
313 277 0.719122718872
314 278 0.755223417488
315 279 0.723798129653
316 280 0.722261882287
317 281 0.666202628059
318 282 0.663259047168
319 283 0.701250669169
320 284 0.709019670763
321 285 0.741071271362
322 286 0.752511549496
323 287 0.79185029748
324 288 0.812832341817
325 289 0.760158325006
326 290 0.72967980339
327 291 0.692565316321
328 292 0.683961371606
329 293 0.666802784462
330 294 0.646939671398
331 295 0.651695163458
332 296 0.629290496819
333 297 0.639443875525
334 298 0.617582624284
335 299 0.603950005179
336 300 0.641253760544
337 301 0.66667988066
338 302 0.683587595517
339 303 0.673352501159
340 304 0.64395264549
341 305 0.637857367274
342 306 0.599286641688
343 307 0.601480558562
344 308 0.623736527907
345 309 0.623337402544
346 310 0.641650147492
347 311 0.632173194309
348 311 0.632173194309
349 311 0.632173194309
