1 0 58.3854014639
2 0 58.3854014639
3 0 58.3854014639
4 0 58.3854014639
5 0 58.3854014639
6 0 58.3854014639
7 0 58.3854014639
8 0 58.3854014639
9 0 58.3854014639
10 0 58.3854014639
11 0 58.3854014639
12 0 58.3854014639
13 0 58.3854014639
14 0 58.3854014639
15 0 58.3854014639
16 0 58.3854014639
17 0 58.3854014639
18 0 58.3854014639
19 0 58.3854014639
20 0 58.3854014639
21 0 58.3854014639
22 0 58.3854014639
23 0 58.3854014639
24 0 58.3854014639
25 0 58.3854014639
26 0 58.3854014639
27 0 58.3854014639
28 0 58.3854014639
29 0 58.3854014639
30 0 58.3854014639
31 0 58.3854014639
32 0 58.3854014639
33 0 58.3854014639
34 0 58.3854014639
35 0 58.3854014639
36 0 58.3854014639
37 0 58.3854014639
38 0 58.3854014639
39 0 58.3854014639
40 0 58.3854014639
41 0 58.3854014639
42 0 58.3854014639
43 0 58.3854014639
44 0 58.3854014639
45 1 48.6420085816
46 2 49.2934124667
47 3 49.8487058512
48 4 50.3910951539
49 5 50.5592250842
50 6 51.1901194677
51 7 51.4318220435
52 8 52.2071443106
53 9 52.8967079465
54 10 52.8986374252
55 11 52.7956828959
56 12 53.3200384331
57 13 52.9672441227
58 14 52.1940671312
59 15 51.7754722727
60 16 51.1844453587
61 17 51.5031474717
62 18 51.0008239141
63 19 51.3995640841
64 20 51.4207018892
65 21 50.7708021392
66 22 50.7609368494
67 23 51.4600917462
68 24 51.582618032
69 25 52.3663794132
70 26 52.5943584511
71 27 53.4552552625
72 28 53.6752750214
73 29 54.3810823452
74 30 54.6466873409
75 31 55.0732172178
76 32 54.3491801832
77 33 53.7743143324
78 34 53.0814793864
79 35 52.5620320215
80 36 51.9975038862
81 37 51.5066262822
82 38 50.8895822926
83 39 50.7446237196
84 40 51.4033936727
85 41 51.344628201
86 42 52.0332383991
87 43 52.4584689633
88 44 45.3558358729
89 44 45.3558358729
90 44 45.3558358729
91 44 45.3558358729
92 44 45.3558358729
93 44 45.3558358729
94 44 45.3558358729
95 44 45.3558358729
96 44 45.3558358729
97 44 45.3558358729
98 44 45.3558358729
99 44 45.3558358729
100 44 45.3558358729
101 44 45.3558358729
102 44 45.3558358729
103 44 45.3558358729
104 44 45.3558358729
105 44 45.3558358729
106 44 45.3558358729
107 44 45.3558358729
108 44 45.3558358729
109 44 45.3558358729
110 44 45.3558358729
111 44 45.3558358729
112 44 45.3558358729
113 44 45.3558358729
114 44 45.3558358729
115 44 45.3558358729
116 44 45.3558358729
117 44 45.3558358729
118 44 45.3558358729
119 44 45.3558358729
120 44 45.3558358729
121 44 45.3558358729
122 44 45.3558358729
123 44 45.3558358729
124 45 52.8560955864
125 46 53.478101314
126 47 53.8508255444
127 48 54.5176132146
128 49 55.2113027
129 50 55.6157067605
130 51 56.3104462829
131 52 50.1941281875
132 52 50.1941281875
133 52 50.1941281875
134 52 50.1941281875
135 52 50.1941281875
136 52 50.1941281875
137 52 50.1941281875
138 52 50.1941281875
139 52 50.1941281875
140 52 50.1941281875
141 52 50.1941281875
142 52 50.1941281875
143 52 50.1941281875
144 52 50.1941281875
145 52 50.1941281875
146 52 50.1941281875
147 52 50.1941281875
148 52 50.1941281875
149 53 56.361449955
150 54 56.329340933
151 55 55.3238790945
152 56 54.944242858
153 57 54.5498187389
154 58 54.1449490427
155 59 53.5788115811
156 60 53.0653916772
157 61 52.8557392398
158 62 53.1760257237
159 63 52.6282290451
160 64 53.3047954927
161 65 54.1375932838
162 66 53.9324765201
163 67 53.8017617196
164 68 54.398904233
165 69 54.758771766
166 70 55.4732627481
167 71 55.8363868262
168 72 55.9257772911
169 73 56.0235403377
170 74 57.1226728972
171 75 57.5459379038
172 76 57.1688295399
173 77 57.4758215468
174 78 58.073434241
175 79 57.5193706033
176 80 56.4871020378
177 81 56.098046085
178 82 55.3697398261
179 83 55.1389643452
180 84 54.6709783782
181 85 54.022591881
182 86 54.4534786306
183 87 55.3444766146
184 88 54.981184691
185 89 55.7344142717
186 90 56.3611015428
187 91 57.3206611468
188 92 58.3719078536
189 93 58.7511097765
190 94 58.4231989998
191 95 57.9495252257
192 96 56.7705857286
193 97 56.4459517458
194 98 56.7754625437
195 99 57.4306932955
196 100 58.2309376539
197 101 58.6775905007
198 102 58.0544118347
199 103 58.7630742915
200 104 59.7140656098
201 105 58.7356132938
202 106 57.3722548811
203 107 56.3847814414
204 108 55.491925117
205 109 54.5887615799
206 110 54.2979771172
207 111 53.6075828885
208 112 53.4390102346
209 113 53.3115127292
210 114 52.3300317856
211 115 52.9329320401
212 116 54.0758583773
213 117 54.820638943
214 118 55.0936057975
215 119 55.352544872
216 120 55.5561495195
217 121 56.2860978254
218 122 57.3523325689
219 123 58.7801698044
220 124 58.7628074344
221 125 58.2452321438
222 126 57.0081162699
223 127 57.2609803682
224 128 56.6184073487
225 129 56.7612552135
226 130 56.510551876
227 131 56.3242527846
228 132 57.1483207276
229 133 58.2429293377
230 134 58.4575202349
231 135 57.9758950986
232 136 58.4428991312
233 137 58.4821156223
234 138 58.0625701277
235 139 59.2068406864
236 140 59.1139715091
237 141 58.4964557825
238 142 59.5342209207
239 143 58.6726767157
240 144 57.6045301861
241 145 56.4620021571
242 146 55.3462590239
243 147 54.3568379496
244 148 54.1509321507
245 149 52.9775198426
246 150 52.6720839695
247 151 51.7459880763
248 152 50.838009427
249 153 50.4288442947
250 154 51.6457943293
251 155 52.5115526445
252 156 53.5404539967
253 157 53.5816956158
254 158 53.6184230826
255 159 53.840166497
256 160 54.8794257969
257 161 54.8555217671
258 162 56.165107977
259 163 56.9107862147
260 164 57.8133067587
261 165 56.5511739233
262 166 56.030237958
263 167 54.9017435231
264 168 55.4387527893
265 169 54.536234502
266 170 55.2987241046
267 171 55.1231576789
268 172 55.7725117394
269 173 57.1316788077
270 174 57.5573410518
271 175 58.6720811742
272 176 58.3161797807
273 177 65.1943176681
274 177 65.1943176681
275 177 65.1943176681
276 177 65.1943176681
277 177 65.1943176681
278 177 65.1943176681
279 177 65.1943176681
280 177 65.1943176681
281 177 65.1943176681
282 177 65.1943176681
283 177 65.1943176681
284 177 65.1943176681
285 178 55.2191710456
286 179 56.4177204648
287 180 55.2377281031
288 181 55.7801229875
289 182 54.7526788768
290 183 55.360427248
291 184 54.309133115
292 185 54.8244270471
293 186 54.8072526352
294 187 56.2477600663
295 188 57.0908626231
296 189 57.0469054304
297 190 58.3379296491
298 191 59.5230539795
299 192 58.2571537981
300 193 57.9107776849
301 194 57.6493002947
302 195 56.1988823582
303 196 56.0144352847
304 197 55.0581782127
305 198 54.4636868196
306 199 53.4865812308
307 200 52.7855661182
308 201 51.5900356513
309 202 50.7477877383
310 203 49.4415892334
311 204 49.1305663558
312 205 48.1724153222
313 206 48.0618077837
314 207 48.6880314643
315 208 50.0294003189
316 209 49.7376270344
317 210 51.0261993647
318 211 51.1738897868
319 212 52.4401819601
320 213 52.8082315322
321 214 53.9085252013
322 215 54.3117482847
323 216 54.0489999914
324 217 52.5928207054
325 218 51.9491930217
326 219 51.3795957183
327 220 51.0793870552
328 221 50.1491015391
329 222 50.5454489803
330 223 50.0567929386
331 224 51.1859165487
332 225 50.7046045269
333 226 49.5620381816
334 227 39.4826766414
335 227 39.4826766414
336 227 39.4826766414
337 227 39.4826766414
338 227 39.4826766414
339 227 39.4826766414
340 227 39.4826766414
341 227 39.4826766414
342 227 39.4826766414
343 227 39.4826766414
344 227 39.4826766414
345 227 39.4826766414
346 227 39.4826766414
347 227 39.4826766414
348 227 39.4826766414
349 227 39.4826766414
350 227 39.4826766414
351 227 39.4826766414
352 227 39.4826766414
353 227 39.4826766414
354 227 39.4826766414
355 227 39.4826766414
356 228 51.8767200499
357 229 50.6238548669
358 230 50.2483860776
359 231 48.6937503069
360 232 48.7600570498
361 233 49.7704013179
362 234 49.3733418471
363 235 49.8642632244
364 236 49.483200302
365 237 50.7048983325
366 238 51.1942811508
367 239 52.4854877454
368 240 53.2768338075
369 241 52.5946470691
370 242 52.8868341446
371 243 52.2149918937
372 244 51.1757933729
373 245 50.4753119982
374 246 49.3333662342
375 247 48.8248743957
376 248 48.5674252666
377 249 47.6456994097
378 250 47.4030422768
379 251 47.2497046929
380 252 47.5339193435
381 253 46.9004162365
382 254 47.5729187683
383 255 48.7023407865
384 256 48.7078122833
385 257 49.7591896468
386 258 50.6212102054
387 259 51.2376442584
388 260 51.6822715092
389 261 52.4169696443
390 262 51.5784341863
391 263 51.0489365736
392 264 50.1868303024
393 265 49.7959314073
394 266 49.0197484678
395 267 48.0367352769
396 268 48.0483706713
397 269 49.3880599392
398 270 50.0615019282
399 271 50.2137146294
400 272 50.618445368
401 273 51.505450607
402 274 51.77149877
403 275 52.6565921407
404 276 52.2361181366
405 277 51.3609935759
406 278 51.0075164979
407 279 50.1574781766
408 280 50.0290072369
409 281 49.5395148184
410 282 48.952928722
411 283 48.9206138427
412 284 49.0134273044
413 285 49.3970227887
414 286 49.6879937103
415 287 50.5092081342
416 288 51.0048507193
417 289 51.7210890122
418 290 51.6961350628
419 291 52.2770663626
420 292 51.6883313532
421 293 51.4001560791
422 294 51.1507915978
423 295 50.5516976349
424 296 49.891841168
425 297 49.2743866947
426 298 48.6487760164
427 299 46.6177982028
428 299 46.6177982028
429 299 46.6177982028
430 299 46.6177982028
431 299 46.6177982028
432 299 46.6177982028
433 299 46.6177982028
434 299 46.6177982028
435 299 46.6177982028
436 299 46.6177982028
437 299 46.6177982028
438 299 46.6177982028
439 299 46.6177982028
440 299 46.6177982028
441 299 46.6177982028
442 299 46.6177982028
443 299 46.6177982028
444 299 46.6177982028
445 299 46.6177982028
446 299 46.6177982028
447 299 46.6177982028
448 299 46.6177982028
449 299 46.6177982028
450 299 46.6177982028
451 299 46.6177982028
452 299 46.6177982028
453 299 46.6177982028
454 299 46.6177982028
455 299 46.6177982028
456 299 46.6177982028
457 299 46.6177982028
458 299 46.6177982028
459 299 46.6177982028
460 299 46.6177982028
461 299 46.6177982028
462 299 46.6177982028
463 299 46.6177982028
464 299 46.6177982028
465 299 46.6177982028
466 299 46.6177982028
467 299 46.6177982028
468 299 46.6177982028
469 299 46.6177982028
470 299 46.6177982028
471 299 46.6177982028
472 299 46.6177982028
473 299 46.6177982028
474 299 46.6177982028
475 299 46.6177982028
476 299 46.6177982028
477 299 46.6177982028
478 299 46.6177982028
479 299 46.6177982028
480 299 46.6177982028
481 299 46.6177982028
482 299 46.6177982028
483 299 46.6177982028
484 299 46.6177982028
485 299 46.6177982028
486 299 46.6177982028
487 299 46.6177982028
488 299 46.6177982028
489 299 46.6177982028
490 299 46.6177982028
491 300 33.0926583805
492 300 33.0926583805
493 300 33.0926583805
494 300 33.0926583805
495 300 33.0926583805
496 300 33.0926583805
497 300 33.0926583805
498 300 33.0926583805
499 300 33.0926583805
500 300 33.0926583805
501 300 33.0926583805
502 300 33.0926583805
503 300 33.0926583805
504 300 33.0926583805
505 300 33.0926583805
506 300 33.0926583805
507 300 33.0926583805
508 300 33.0926583805
509 300 33.0926583805
510 300 33.0926583805
511 300 33.0926583805
512 300 33.0926583805
513 300 33.0926583805
514 300 33.0926583805
515 300 33.0926583805
516 300 33.0926583805
517 300 33.0926583805
518 300 33.0926583805
519 300 33.0926583805
520 300 33.0926583805
521 300 33.0926583805
522 300 33.0926583805
523 300 33.0926583805
524 300 33.0926583805
525 300 33.0926583805
526 300 33.0926583805
527 300 33.0926583805
528 300 33.0926583805
529 300 33.0926583805
530 300 33.0926583805
531 300 33.0926583805
532 300 33.0926583805
533 300 33.0926583805
534 300 33.0926583805
535 300 33.0926583805
536 300 33.0926583805
537 300 33.0926583805
538 300 33.0926583805
539 300 33.0926583805
540 300 33.0926583805
541 300 33.0926583805
542 300 33.0926583805
543 300 33.0926583805
544 300 33.0926583805
545 300 33.0926583805
546 300 33.0926583805
547 300 33.0926583805
548 300 33.0926583805
549 300 33.0926583805
550 300 33.0926583805
551 300 33.0926583805
552 300 33.0926583805
553 300 33.0926583805
554 300 33.0926583805
555 300 33.0926583805
556 300 33.0926583805
557 300 33.0926583805
558 300 33.0926583805
559 300 33.0926583805
560 300 33.0926583805
561 300 33.0926583805
562 300 33.0926583805
563 300 33.0926583805
564 300 33.0926583805
565 300 33.0926583805
566 300 33.0926583805
567 300 33.0926583805
568 300 33.0926583805
569 300 33.0926583805
570 300 33.0926583805
571 300 33.0926583805
572 300 33.0926583805
573 300 33.0926583805
574 300 33.0926583805
575 301 25.1770805923
576 301 25.1770805923
577 301 25.1770805923
578 301 25.1770805923
579 301 25.1770805923
580 301 25.1770805923
581 301 25.1770805923
582 301 25.1770805923
583 301 25.1770805923
584 301 25.1770805923
585 301 25.1770805923
586 301 25.1770805923
587 301 25.1770805923
588 301 25.1770805923
589 301 25.1770805923
590 301 25.1770805923
591 301 25.1770805923
592 301 25.1770805923
593 301 25.1770805923
594 301 25.1770805923
595 301 25.1770805923
596 301 25.1770805923
597 301 25.1770805923
598 301 25.1770805923
599 301 25.1770805923
600 301 25.1770805923
601 301 25.1770805923
602 301 25.1770805923
603 301 25.1770805923
604 301 25.1770805923
605 301 25.1770805923
606 301 25.1770805923
607 301 25.1770805923
608 301 25.1770805923
609 301 25.1770805923
610 301 25.1770805923
611 301 25.1770805923
612 301 25.1770805923
613 301 25.1770805923
614 301 25.1770805923
615 301 25.1770805923
616 301 25.1770805923
617 301 25.1770805923
618 301 25.1770805923
619 301 25.1770805923
620 301 25.1770805923
621 301 25.1770805923
622 301 25.1770805923
623 301 25.1770805923
624 301 25.1770805923
625 301 25.1770805923
626 301 25.1770805923
627 301 25.1770805923
628 301 25.1770805923
629 301 25.1770805923
630 301 25.1770805923
631 301 25.1770805923
632 301 25.1770805923
633 301 25.1770805923
634 301 25.1770805923
635 301 25.1770805923
636 301 25.1770805923
637 301 25.1770805923
638 301 25.1770805923
639 301 25.1770805923
640 301 25.1770805923
641 301 25.1770805923
642 301 25.1770805923
643 301 25.1770805923
644 301 25.1770805923
645 301 25.1770805923
646 301 25.1770805923
647 301 25.1770805923
648 301 25.1770805923
649 301 25.1770805923
650 301 25.1770805923
651 301 25.1770805923
652 301 25.1770805923
653 301 25.1770805923
654 301 25.1770805923
655 301 25.1770805923
656 301 25.1770805923
657 301 25.1770805923
658 301 25.1770805923
659 302 27.5021898115
660 303 27.1061246409
661 304 25.9917259232
662 305 25.989815608
663 306 26.06871434
664 307 25.2171307859
665 308 24.574473528
666 309 24.901352079
667 310 24.7091531464
668 311 23.7822949928
669 312 23.6901153698
670 313 24.0956857211
671 314 23.5610306677
672 315 22.8714980734
673 316 23.2766895999
674 317 23.4031889872
675 318 24.3925965262
676 319 24.7260617872
677 320 24.3234306718
678 321 24.8298486966
679 322 25.8872459914
680 323 25.9054575285
681 324 25.61791384
682 325 26.4754267258
683 326 27.4426948759
684 327 27.3855937533
685 328 27.661460942
686 329 28.5912952838
687 330 27.5745111327
688 331 28.0812554966
689 332 29.2146380403
690 333 30.0791213249
691 334 29.2648529084
692 335 28.0471691677
693 336 28.3960222224
694 337 28.7222952633
695 338 27.4699814773
696 339 27.1427311982
697 340 28.0253994677
698 341 27.570491325
699 342 26.4047014067
700 343 27.0486102104
701 344 27.7725036762
702 345 26.672849053
703 346 26.7557301241
704 347 26.781574696
705 348 25.689010318
706 349 25.4666093286
707 350 25.6739741748
708 351 26.8903303649
709 352 26.5023608505
710 353 27.8347900222
711 354 27.3260621701
712 355 27.0931158303
713 356 28.6239725513
714 357 28.6281794318
715 358 28.5620534522
716 359 29.9683437877
717 360 30.6264334852
718 361 30.1240998695
719 362 30.683600821
720 363 32.1611476504
721 364 32.384494575
722 365 32.6248914033
723 366 32.734579879
724 367 33.8920472965
725 368 35.0036608023
726 369 36.2979046031
727 370 35.2368319038
728 371 33.8666921923
729 372 34.969303048
730 373 35.4386430589
731 374 33.7532657174
732 375 33.2219696718
733 376 34.5270210342
734 377 34.0093839824
735 378 32.2683116076
736 379 32.6616610693
737 380 33.7000800497
738 381 34.8063215369
739 382 35.6042799443
740 383 37.5416320046
741 384 38.127416348
742 385 37.5628779322
743 386 38.4024284822
744 387 40.1382550098
745 388 40.6440772608
746 389 39.6503002025
747 390 39.9291612247
748 391 41.8150070408
749 392 42.3538468322
750 393 40.807353306
751 394 41.8756780408
752 395 41.0533365866
753 396 39.1957508366
754 397 39.8099880474
755 398 40.6057897055
756 399 38.973273202
757 400 37.7612413523
758 401 38.8574979887
759 402 38.8079982749
760 403 36.889952565
761 404 36.2016198384
762 405 37.5004805373
763 406 37.4649204364
764 407 38.4452180345
765 408 39.2972815467
766 409 41.1313833043
767 410 40.7675608333
768 411 42.9859713363
769 412 43.0234177806
770 413 41.6536422734
771 414 42.7498500175
772 415 44.7042815548
773 416 43.7227403044
774 417 43.2065537339
775 418 45.2309972455
776 419 46.1971828666
777 420 44.8710886084
778 421 45.6232709687
779 422 47.6511323109
780 423 46.7652164606
781 424 45.9628610291
782 425 46.8210076219
783 426 36.3858680271
784 426 36.3858680271
785 426 36.3858680271
786 426 36.3858680271
787 426 36.3858680271
788 426 36.3858680271
789 426 36.3858680271
790 426 36.3858680271
791 426 36.3858680271
792 426 36.3858680271
793 426 36.3858680271
794 426 36.3858680271
795 426 36.3858680271
796 426 36.3858680271
797 426 36.3858680271
798 426 36.3858680271
799 426 36.3858680271
800 426 36.3858680271
801 426 36.3858680271
802 426 36.3858680271
803 426 36.3858680271
804 426 36.3858680271
805 426 36.3858680271
806 426 36.3858680271
807 426 36.3858680271
808 426 36.3858680271
809 427 49.1052655729
810 428 48.787714871
811 429 48.4096246649
812 430 46.3139510961
813 431 46.7069129472
814 432 48.0134815686
815 433 46.4592632489
816 434 44.99688186
817 435 46.5582549041
818 436 46.9978928342
819 437 44.9196870614
820 438 44.9805931223
821 439 47.1321767073
822 440 48.5843077363
823 441 50.8345150439
824 442 50.7477064937
825 443 51.2798622687
826 444 51.9662986958
827 445 49.9265778715
828 446 49.7953253487
829 447 50.4593995521
830 448 52.5918039626
831 449 52.7800290378
832 450 52.6560579854
833 451 54.3437423504
834 452 55.3058522773
835 453 56.1013256507
836 454 63.7342396468
837 454 63.7342396468
838 454 63.7342396468
839 454 63.7342396468
840 454 63.7342396468
841 454 63.7342396468
842 454 63.7342396468
843 454 63.7342396468
844 454 63.7342396468
845 454 63.7342396468
846 454 63.7342396468
847 454 63.7342396468
848 454 63.7342396468
849 454 63.7342396468
850 454 63.7342396468
851 454 63.7342396468
852 454 63.7342396468
853 454 63.7342396468
854 454 63.7342396468
855 454 63.7342396468
856 454 63.7342396468
857 454 63.7342396468
858 454 63.7342396468
859 454 63.7342396468
860 454 63.7342396468
861 454 63.7342396468
862 454 63.7342396468
863 454 63.7342396468
864 454 63.7342396468
865 454 63.7342396468
866 454 63.7342396468
867 454 63.7342396468
868 454 63.7342396468
869 454 63.7342396468
870 454 63.7342396468
871 454 63.7342396468
872 454 63.7342396468
873 454 63.7342396468
874 454 63.7342396468
875 454 63.7342396468
876 454 63.7342396468
877 454 63.7342396468
878 454 63.7342396468
879 454 63.7342396468
880 454 63.7342396468
881 454 63.7342396468
882 454 63.7342396468
883 454 63.7342396468
884 454 63.7342396468
885 454 63.7342396468
886 454 63.7342396468
887 454 63.7342396468
888 454 63.7342396468
889 455 69.1135185053
890 455 69.1135185053
891 455 69.1135185053
892 455 69.1135185053
893 455 69.1135185053
894 455 69.1135185053
895 455 69.1135185053
896 455 69.1135185053
897 455 69.1135185053
898 455 69.1135185053
899 455 69.1135185053
900 455 69.1135185053
901 455 69.1135185053
902 455 69.1135185053
903 455 69.1135185053
904 455 69.1135185053
905 455 69.1135185053
906 455 69.1135185053
907 455 69.1135185053
908 455 69.1135185053
909 455 69.1135185053
910 455 69.1135185053
911 455 69.1135185053
912 455 69.1135185053
913 455 69.1135185053
914 455 69.1135185053
915 455 69.1135185053
916 455 69.1135185053
917 455 69.1135185053
918 455 69.1135185053
919 455 69.1135185053
920 455 69.1135185053
921 455 69.1135185053
922 455 69.1135185053
923 455 69.1135185053
924 455 69.1135185053
925 455 69.1135185053
926 455 69.1135185053
927 455 69.1135185053
928 455 69.1135185053
929 455 69.1135185053
930 455 69.1135185053
931 455 69.1135185053
932 455 69.1135185053
933 455 69.1135185053
934 455 69.1135185053
935 455 69.1135185053
936 455 69.1135185053
937 455 69.1135185053
938 455 69.1135185053
939 455 69.1135185053
940 455 69.1135185053
941 455 69.1135185053
942 456 83.1882016118
943 457 83.2539815038
944 458 82.5014611153
945 459 83.25112919
946 460 84.3284489332
947 461 84.2440071608
948 462 85.0908341882
949 463 84.7142073384
950 464 84.8794020493
951 465 86.0905095467
952 466 86.8348570292
953 467 86.2871255354
954 468 86.8574307187
955 469 87.2545842688
956 470 87.7928847785
957 471 88.1797055595
958 472 88.9040429767
959 473 89.5666551195
960 474 89.4399834191
961 475 89.1018069068
962 476 88.1263770958
963 477 88.7257828691
964 478 96.5553521666
965 478 96.5553521666
966 478 96.5553521666
967 478 96.5553521666
968 478 96.5553521666
969 478 96.5553521666
970 478 96.5553521666
971 478 96.5553521666
972 478 96.5553521666
973 478 96.5553521666
974 478 96.5553521666
975 478 96.5553521666
976 478 96.5553521666
977 478 96.5553521666
978 478 96.5553521666
979 478 96.5553521666
980 478 96.5553521666
981 478 96.5553521666
982 478 96.5553521666
983 478 96.5553521666
984 478 96.5553521666
985 478 96.5553521666
986 478 96.5553521666
987 478 96.5553521666
988 478 96.5553521666
989 478 96.5553521666
990 478 96.5553521666
991 478 96.5553521666
992 478 96.5553521666
993 478 96.5553521666
994 478 96.5553521666
995 478 96.5553521666
996 478 96.5553521666
997 478 96.5553521666
998 478 96.5553521666
999 478 96.5553521666
1000 479 87.9944439061
1001 480 87.0421785142
1002 481 86.2270176668
1003 482 85.0112303956
1004 483 84.1727370382
1005 484 83.0765414457
1006 485 81.9415481853
1007 486 80.9078022093
1008 487 80.3480112291
1009 488 81.2668825884
1010 489 81.7736094314
1011 490 83.0591177201
1012 491 83.6234411828
1013 492 84.7970221861
1014 493 85.1570478191
1015 494 85.776563158
1016 495 84.7430249674
1017 496 83.7806195244
1018 497 84.461093963
1019 498 84.4802834267
1020 499 83.162059136
1021 500 82.7213859643
1022 501 83.1757279772
1023 502 82.2420502075
1024 503 81.2962883522
1025 504 81.3457941795
1026 505 80.3725497346
1027 506 80.7866463616
1028 507 80.8291074971
1029 508 80.4659427273
1030 509 79.2291141236
1031 510 78.6071224356
1032 511 79.0833899424
1033 512 75.4929172382
1034 512 75.4929172382
1035 512 75.4929172382
1036 512 75.4929172382
1037 512 75.4929172382
1038 512 75.4929172382
