1 0 23.7551648074
2 0 23.7551648074
3 0 23.7551648074
4 0 23.7551648074
5 0 23.7551648074
6 0 23.7551648074
7 0 23.7551648074
8 0 23.7551648074
9 0 23.7551648074
10 0 23.7551648074
11 0 23.7551648074
12 0 23.7551648074
13 0 23.7551648074
14 0 23.7551648074
15 0 23.7551648074
16 0 23.7551648074
17 0 23.7551648074
18 0 23.7551648074
19 0 23.7551648074
20 0 23.7551648074
21 0 23.7551648074
22 0 23.7551648074
23 0 23.7551648074
24 0 23.7551648074
25 0 23.7551648074
26 0 23.7551648074
27 0 23.7551648074
28 0 23.7551648074
29 0 23.7551648074
30 0 23.7551648074
31 0 23.7551648074
32 0 23.7551648074
33 0 23.7551648074
34 0 23.7551648074
35 0 23.7551648074
36 0 23.7551648074
37 0 23.7551648074
38 0 23.7551648074
39 0 23.7551648074
40 0 23.7551648074
41 0 23.7551648074
42 0 23.7551648074
43 0 23.7551648074
44 0 23.7551648074
45 0 23.7551648074
46 0 23.7551648074
47 0 23.7551648074
48 0 23.7551648074
49 0 23.7551648074
50 0 23.7551648074
51 1 23.696499064
52 1 23.696499064
53 1 23.696499064
54 1 23.696499064
55 1 23.696499064
56 1 23.696499064
57 1 23.696499064
58 1 23.696499064
59 1 23.696499064
60 1 23.696499064
61 1 23.696499064
62 1 23.696499064
63 1 23.696499064
64 1 23.696499064
65 1 23.696499064
66 1 23.696499064
67 1 23.696499064
68 1 23.696499064
69 1 23.696499064
70 1 23.696499064
71 1 23.696499064
72 1 23.696499064
73 1 23.696499064
74 1 23.696499064
75 1 23.696499064
76 1 23.696499064
77 1 23.696499064
78 1 23.696499064
79 1 23.696499064
80 1 23.696499064
81 1 23.696499064
82 1 23.696499064
83 1 23.696499064
84 1 23.696499064
85 1 23.696499064
86 1 23.696499064
87 1 23.696499064
88 1 23.696499064
89 1 23.696499064
90 1 23.696499064
91 1 23.696499064
92 1 23.696499064
93 1 23.696499064
94 1 23.696499064
95 1 23.696499064
96 1 23.696499064
97 1 23.696499064
98 1 23.696499064
99 1 23.696499064
100 1 23.696499064
101 2 37.6345513419
102 3 35.2985823011
103 4 33.4773578342
104 5 32.148712597
105 6 30.1324566119
106 7 28.8448925064
107 8 28.3785877951
108 9 27.0848646172
109 10 26.9671804512
110 11 26.0902179201
111 12 25.6888188925
112 13 25.445314002
113 14 25.1446684169
114 15 25.925203708
115 16 26.7184875587
116 17 27.9763758991
117 18 28.1625581563
118 19 28.4416772632
119 20 27.5795139324
120 21 28.4832577331
121 22 28.2148014966
122 23 29.2999542404
123 24 30.6328551763
124 25 31.0035425508
125 26 31.2795280316
126 27 33.5247646646
127 28 35.531741808
128 29 34.1484167249
129 30 35.0390384185
130 31 33.5280955943
131 32 32.8061889707
132 33 33.8814709872
133 34 33.2941603408
134 35 33.0121381247
135 36 33.669294991
136 37 32.5608081456
137 38 33.9989517204
138 39 34.6064686131
139 40 36.4845889411
140 41 37.2318044122
141 42 39.2766582787
142 43 37.8423016736
143 44 36.3856179497
144 45 34.1733337764
145 46 33.1156708021
146 47 32.3060082213
147 48 33.2526854468
148 49 35.2941998393
149 50 35.2041159077
150 51 35.395393012
151 52 34.49630522
152 53 32.9455219921
153 54 32.6323608511
154 55 30.9630510475
155 56 30.510074233
156 57 29.6181936417
157 58 28.4578325703
158 59 28.1570897911
159 60 26.8536355916
160 61 25.7970016172
161 62 25.9282088645
162 63 24.9357776638
163 64 25.2038801447
164 65 26.2233379805
165 66 26.6065635306
166 67 26.2264825969
167 68 26.8959164205
168 69 27.8320396237
169 70 27.9462053162
170 71 29.0282203661
171 72 28.1579348861
172 73 28.1954372003
173 74 27.1165045995
174 75 27.5386867098
175 76 27.1297189251
176 77 27.6103432734
177 78 28.2176498686
178 79 29.2600227853
179 80 28.9970426468
180 81 29.171489099
181 82 30.1224813556
182 83 31.0749060303
183 84 31.1536464223
184 85 31.523761954
185 86 30.3881977086
186 87 29.5999451438
187 88 28.1675556988
188 89 28.2603223089
189 90 29.7719059007
190 91 30.6580828118
191 92 31.591489079
192 93 32.9335738648
193 94 32.6991881851
194 95 34.7491148867
195 96 35.1642472397
196 97 36.1372526828
197 98 38.2938845626
198 99 37.7291186647
199 100 36.5014218374
200 101 36.870818271
201 102 35.9880785507
202 103 36.89043465
203 104 34.8999914597
204 105 34.7238293621
205 106 35.1993270529
206 107 34.073861632
207 108 33.1140658567
208 109 33.2965305467
209 110 32.1116379897
210 111 33.1427024913
211 112 33.7098856591
212 113 34.739980464
213 114 35.0436904397
214 115 33.2407881007
215 116 31.8840311867
216 117 31.3538234287
217 118 30.5903781682
218 119 30.8933731269
219 120 30.0470022027
220 121 28.6381667825
221 122 28.8297526881
222 123 29.6063095624
223 124 28.8043278798
224 125 27.7792164535
225 126 28.1591127564
226 127 27.9593083309
227 128 27.2939659917
228 129 28.4414934035
229 130 28.9307466079
230 131 28.411154134
231 132 29.7388673209
232 133 31.5095895955
233 134 31.9540679132
234 135 33.5120552459
235 136 34.4040133035
236 137 33.9782359615
237 138 32.2422666109
238 139 31.250400361
239 140 29.6522107502
240 141 28.3488114898
241 142 27.6831113845
242 143 26.625671834
243 144 26.6905698095
244 145 26.9745823512
245 146 27.8738211712
246 147 29.0916228467
247 148 30.4135685644
248 149 31.8944530173
249 150 32.4972594202
250 151 34.1851074765
251 152 34.4930766494
252 153 35.3153250519
253 154 37.2839526241
254 155 38.979729573
255 156 39.9226273459
256 157 37.8682748919
257 158 36.9450011041
258 159 36.4598145733
259 160 37.3186428629
260 161 36.495080751
261 162 34.6522930297
262 163 34.1572049787
263 164 33.1141735988
264 165 31.7607912463
265 166 31.9195268794
266 167 30.9682332571
267 168 32.6607307096
268 169 32.79565134
269 170 32.7871592149
270 171 31.6918226869
271 172 32.3311603124
272 173 31.7496393399
273 174 32.720180973
274 175 32.9589917171
275 176 32.0430069003
276 177 31.4568468553
277 177 31.4568468553
278 177 31.4568468553
279 178 38.3638787989
280 179 38.2963508093
281 180 36.3506764711
282 181 36.8799312743
283 182 35.3091096632
284 183 35.2699178692
285 184 34.7735864376
286 185 35.5302361592
287 186 34.6369646058
288 187 33.4085759369
289 188 32.1964435819
290 189 31.1907144622
291 190 30.282100403
292 191 28.0641356804
293 192 26.818342812
294 193 24.9156961486
295 194 24.7120790608
296 195 25.4462880093
297 196 26.1491147905
298 197 28.217461299
299 198 29.5798089298
300 199 30.8025936641
301 200 29.0157618143
302 201 28.2524480759
303 202 30.3989440571
304 203 31.341129335
305 204 29.763248541
306 205 28.5351596337
307 206 30.1057535852
308 207 32.1233273546
309 208 31.6794543826
310 209 30.378936428
311 210 32.3638893884
312 211 34.0910547221
313 212 33.0390827073
314 213 32.8940987164
315 214 35.2197052859
316 215 36.3513155461
317 216 35.3494439192
318 217 35.8023639513
319 218 38.2896980735
320 219 38.7234263698
321 220 40.947099209
322 221 39.6616631699
323 222 40.579931881
324 223 39.099096691
325 224 39.820023627
326 225 38.4502235238
327 226 39.1027025077
328 227 38.0251627081
329 228 38.3035319055
330 229 37.6032184111
331 230 39.2437366526
332 231 45.9066307908
333 231 45.9066307908
334 231 45.9066307908
335 231 45.9066307908
336 231 45.9066307908
337 231 45.9066307908
338 231 45.9066307908
339 231 45.9066307908
340 231 45.9066307908
341 231 45.9066307908
342 231 45.9066307908
343 231 45.9066307908
344 232 40.6946633189
345 233 43.0630581643
346 234 43.8727367719
347 235 44.6750316719
348 236 44.9665925545
349 237 46.7623976012
350 238 47.3676103034
351 239 47.4780543265
352 240 48.6770696299
353 241 47.1277198361
354 242 44.9281011537
355 243 44.0692056964
356 244 42.1828056665
357 245 41.3476873893
358 246 41.4791415509
359 247 41.7437067724
360 248 40.4680673251
361 249 41.1399919455
362 250 42.9520667316
363 251 42.5289266178
364 252 42.678347956
365 253 41.3030440401
366 254 38.9850125179
367 255 39.1403580941
368 256 37.8848565152
369 257 38.929661105
370 258 37.8275385481
371 259 35.3034676449
372 260 35.6152632399
373 261 36.225544336
374 262 34.1437093049
375 263 32.5364541953
376 264 33.1648410854
377 265 32.8154344463
378 265 32.8154344463
379 265 32.8154344463
380 265 32.8154344463
381 265 32.8154344463
382 265 32.8154344463
383 265 32.8154344463
384 265 32.8154344463
385 265 32.8154344463
386 265 32.8154344463
387 265 32.8154344463
388 265 32.8154344463
389 265 32.8154344463
390 265 32.8154344463
391 265 32.8154344463
392 265 32.8154344463
393 265 32.8154344463
394 265 32.8154344463
395 265 32.8154344463
396 265 32.8154344463
397 265 32.8154344463
398 265 32.8154344463
399 265 32.8154344463
400 266 35.6894853535
401 267 36.1310965157
402 268 34.8897429549
403 269 34.7036184246
404 270 36.5331259667
405 271 37.7749400866
406 272 37.9238011541
407 273 39.6293456567
408 274 40.3043542898
409 275 38.6519705186
410 276 40.3245544618
411 277 41.9325612663
412 278 40.2078218281
413 279 40.0040370561
414 280 42.517311825
415 281 42.7635026122
416 282 40.9962071486
417 283 42.3157687425
418 284 44.5331190972
419 285 43.7054775751
420 286 42.984833445
421 287 45.3120777471
422 288 46.9994551202
423 289 45.9958012857
424 290 45.3343915309
425 291 47.9543682595
426 292 48.9947358462
427 293 46.5093561433
428 294 45.5760725113
429 295 42.9986537428
430 296 43.2255519406
431 297 41.0597360491
432 298 39.6989650228
433 299 40.3173246188
434 300 39.9999827227
435 301 37.9545942675
436 302 37.5190538375
437 303 35.297404805
438 304 35.2315970518
439 305 33.3677565492
440 306 33.7426499053
441 307 33.0263887719
442 308 34.3673571861
443 309 34.9231906543
444 310 36.898699434
445 311 39.1881982972
446 312 40.6637140074
447 313 43.1449215767
448 314 43.9551417893
449 315 43.9175189531
450 316 42.7728264469
451 317 44.9687449593
452 318 44.7640629952
453 319 42.7009745134
454 320 44.0533329058
455 321 45.2477160842
456 322 43.1284921581
457 323 42.2814616906
458 324 44.3399065528
459 325 44.2389754628
460 326 41.8929904602
461 327 42.5034798656
462 328 44.545847791
463 329 43.5127964884
464 330 41.5895382704
465 331 40.1060140881
466 332 37.855820714
467 333 36.5085041911
468 334 34.4172804994
469 335 32.6645589376
470 336 31.5678356115
471 337 29.6639703632
472 338 29.191623442
473 339 28.7607823831
474 340 25.7817899793
475 340 25.7817899793
476 340 25.7817899793
477 340 25.7817899793
478 340 25.7817899793
479 340 25.7817899793
480 340 25.7817899793
481 340 25.7817899793
482 340 25.7817899793
483 340 25.7817899793
484 340 25.7817899793
485 340 25.7817899793
486 340 25.7817899793
487 340 25.7817899793
488 340 25.7817899793
489 340 25.7817899793
490 340 25.7817899793
491 340 25.7817899793
492 340 25.7817899793
493 340 25.7817899793
494 340 25.7817899793
495 340 25.7817899793
496 340 25.7817899793
497 340 25.7817899793
498 340 25.7817899793
499 340 25.7817899793
500 340 25.7817899793
501 340 25.7817899793
502 340 25.7817899793
503 340 25.7817899793
504 340 25.7817899793
505 340 25.7817899793
506 340 25.7817899793
507 340 25.7817899793
508 340 25.7817899793
509 340 25.7817899793
510 340 25.7817899793
511 340 25.7817899793
512 340 25.7817899793
513 340 25.7817899793
514 340 25.7817899793
515 340 25.7817899793
516 340 25.7817899793
517 340 25.7817899793
518 340 25.7817899793
519 340 25.7817899793
520 340 25.7817899793
521 340 25.7817899793
522 340 25.7817899793
523 340 25.7817899793
524 340 25.7817899793
525 340 25.7817899793
526 340 25.7817899793
527 341 16.0367857855
528 341 16.0367857855
529 341 16.0367857855
530 341 16.0367857855
531 341 16.0367857855
532 341 16.0367857855
533 341 16.0367857855
534 341 16.0367857855
535 341 16.0367857855
536 341 16.0367857855
537 341 16.0367857855
538 341 16.0367857855
539 341 16.0367857855
540 341 16.0367857855
541 341 16.0367857855
542 341 16.0367857855
543 341 16.0367857855
544 341 16.0367857855
545 341 16.0367857855
546 341 16.0367857855
547 341 16.0367857855
548 341 16.0367857855
549 341 16.0367857855
550 341 16.0367857855
551 341 16.0367857855
552 341 16.0367857855
553 341 16.0367857855
554 341 16.0367857855
555 341 16.0367857855
556 341 16.0367857855
557 341 16.0367857855
558 341 16.0367857855
559 341 16.0367857855
560 341 16.0367857855
561 341 16.0367857855
562 341 16.0367857855
563 341 16.0367857855
564 341 16.0367857855
565 341 16.0367857855
566 341 16.0367857855
567 341 16.0367857855
568 341 16.0367857855
569 341 16.0367857855
570 341 16.0367857855
571 341 16.0367857855
572 341 16.0367857855
573 341 16.0367857855
574 341 16.0367857855
575 341 16.0367857855
576 341 16.0367857855
577 341 16.0367857855
578 341 16.0367857855
579 341 16.0367857855
580 341 16.0367857855
581 341 16.0367857855
582 341 16.0367857855
583 341 16.0367857855
584 341 16.0367857855
585 341 16.0367857855
586 341 16.0367857855
587 341 16.0367857855
588 341 16.0367857855
589 341 16.0367857855
590 341 16.0367857855
591 341 16.0367857855
592 341 16.0367857855
593 341 16.0367857855
594 341 16.0367857855
595 341 16.0367857855
596 341 16.0367857855
597 341 16.0367857855
598 341 16.0367857855
599 341 16.0367857855
600 341 16.0367857855
601 341 16.0367857855
602 341 16.0367857855
603 341 16.0367857855
604 341 16.0367857855
605 341 16.0367857855
606 341 16.0367857855
607 341 16.0367857855
608 341 16.0367857855
609 341 16.0367857855
610 342 26.6611318745
611 342 26.6611318745
612 342 26.6611318745
613 342 26.6611318745
614 342 26.6611318745
615 342 26.6611318745
616 342 26.6611318745
617 342 26.6611318745
618 342 26.6611318745
619 342 26.6611318745
620 342 26.6611318745
621 342 26.6611318745
622 342 26.6611318745
623 342 26.6611318745
624 342 26.6611318745
625 342 26.6611318745
626 342 26.6611318745
627 342 26.6611318745
628 342 26.6611318745
629 342 26.6611318745
630 342 26.6611318745
631 342 26.6611318745
632 342 26.6611318745
633 342 26.6611318745
634 342 26.6611318745
635 342 26.6611318745
636 342 26.6611318745
637 342 26.6611318745
638 342 26.6611318745
639 342 26.6611318745
640 342 26.6611318745
641 342 26.6611318745
642 342 26.6611318745
643 342 26.6611318745
644 342 26.6611318745
645 342 26.6611318745
646 342 26.6611318745
647 342 26.6611318745
648 342 26.6611318745
649 342 26.6611318745
650 342 26.6611318745
651 342 26.6611318745
652 342 26.6611318745
653 342 26.6611318745
654 342 26.6611318745
655 342 26.6611318745
656 342 26.6611318745
657 342 26.6611318745
658 342 26.6611318745
659 342 26.6611318745
660 342 26.6611318745
661 342 26.6611318745
662 342 26.6611318745
663 342 26.6611318745
664 342 26.6611318745
665 342 26.6611318745
666 342 26.6611318745
667 342 26.6611318745
668 342 26.6611318745
669 342 26.6611318745
670 342 26.6611318745
671 342 26.6611318745
672 342 26.6611318745
673 342 26.6611318745
674 342 26.6611318745
675 342 26.6611318745
676 342 26.6611318745
677 342 26.6611318745
678 342 26.6611318745
679 342 26.6611318745
680 342 26.6611318745
681 342 26.6611318745
682 342 26.6611318745
683 342 26.6611318745
684 342 26.6611318745
685 342 26.6611318745
686 342 26.6611318745
687 342 26.6611318745
688 342 26.6611318745
689 342 26.6611318745
690 342 26.6611318745
691 342 26.6611318745
692 342 26.6611318745
693 343 31.8155545099
694 343 31.8155545099
695 343 31.8155545099
696 343 31.8155545099
697 343 31.8155545099
698 343 31.8155545099
699 343 31.8155545099
700 343 31.8155545099
701 343 31.8155545099
702 343 31.8155545099
703 343 31.8155545099
704 343 31.8155545099
705 343 31.8155545099
706 343 31.8155545099
707 343 31.8155545099
708 343 31.8155545099
709 343 31.8155545099
710 343 31.8155545099
711 343 31.8155545099
712 343 31.8155545099
713 343 31.8155545099
714 343 31.8155545099
715 343 31.8155545099
716 343 31.8155545099
717 343 31.8155545099
718 343 31.8155545099
719 343 31.8155545099
720 343 31.8155545099
721 343 31.8155545099
722 343 31.8155545099
723 343 31.8155545099
724 343 31.8155545099
725 343 31.8155545099
726 343 31.8155545099
727 343 31.8155545099
728 343 31.8155545099
729 343 31.8155545099
730 343 31.8155545099
731 343 31.8155545099
732 343 31.8155545099
733 343 31.8155545099
734 343 31.8155545099
735 343 31.8155545099
736 343 31.8155545099
737 343 31.8155545099
738 343 31.8155545099
739 343 31.8155545099
740 343 31.8155545099
741 343 31.8155545099
742 343 31.8155545099
743 343 31.8155545099
744 343 31.8155545099
745 343 31.8155545099
746 343 31.8155545099
747 343 31.8155545099
748 343 31.8155545099
749 343 31.8155545099
750 343 31.8155545099
751 343 31.8155545099
752 343 31.8155545099
753 343 31.8155545099
754 343 31.8155545099
755 343 31.8155545099
756 343 31.8155545099
757 343 31.8155545099
758 343 31.8155545099
759 343 31.8155545099
760 343 31.8155545099
761 343 31.8155545099
762 343 31.8155545099
763 343 31.8155545099
764 343 31.8155545099
765 343 31.8155545099
766 343 31.8155545099
767 343 31.8155545099
768 343 31.8155545099
769 343 31.8155545099
770 343 31.8155545099
771 343 31.8155545099
772 343 31.8155545099
773 343 31.8155545099
774 343 31.8155545099
775 343 31.8155545099
776 344 17.6963441615
777 344 17.6963441615
778 344 17.6963441615
779 344 17.6963441615
780 344 17.6963441615
781 344 17.6963441615
782 344 17.6963441615
783 344 17.6963441615
784 344 17.6963441615
785 344 17.6963441615
786 344 17.6963441615
787 344 17.6963441615
788 344 17.6963441615
789 344 17.6963441615
790 344 17.6963441615
791 344 17.6963441615
792 344 17.6963441615
793 344 17.6963441615
794 344 17.6963441615
795 344 17.6963441615
796 344 17.6963441615
797 344 17.6963441615
798 344 17.6963441615
799 344 17.6963441615
800 344 17.6963441615
801 344 17.6963441615
802 344 17.6963441615
803 344 17.6963441615
804 344 17.6963441615
805 344 17.6963441615
806 344 17.6963441615
807 344 17.6963441615
808 344 17.6963441615
809 344 17.6963441615
810 344 17.6963441615
811 344 17.6963441615
812 344 17.6963441615
813 344 17.6963441615
814 344 17.6963441615
815 344 17.6963441615
816 344 17.6963441615
817 344 17.6963441615
818 344 17.6963441615
819 344 17.6963441615
820 344 17.6963441615
821 344 17.6963441615
822 344 17.6963441615
823 344 17.6963441615
824 344 17.6963441615
825 344 17.6963441615
826 344 17.6963441615
827 344 17.6963441615
828 344 17.6963441615
829 344 17.6963441615
830 344 17.6963441615
831 344 17.6963441615
832 344 17.6963441615
833 344 17.6963441615
834 344 17.6963441615
835 344 17.6963441615
836 344 17.6963441615
837 344 17.6963441615
838 344 17.6963441615
839 344 17.6963441615
840 344 17.6963441615
841 344 17.6963441615
842 344 17.6963441615
843 344 17.6963441615
844 344 17.6963441615
845 344 17.6963441615
846 344 17.6963441615
847 344 17.6963441615
848 344 17.6963441615
849 344 17.6963441615
850 344 17.6963441615
851 344 17.6963441615
852 344 17.6963441615
853 344 17.6963441615
854 344 17.6963441615
855 344 17.6963441615
856 344 17.6963441615
857 344 17.6963441615
858 344 17.6963441615
859 345 19.5245190513
860 346 22.4238240317
861 346 22.4238240317
862 346 22.4238240317
863 346 22.4238240317
864 346 22.4238240317
865 346 22.4238240317
866 346 22.4238240317
867 346 22.4238240317
868 346 22.4238240317
869 346 22.4238240317
870 346 22.4238240317
871 346 22.4238240317
872 346 22.4238240317
873 346 22.4238240317
874 346 22.4238240317
875 346 22.4238240317
876 346 22.4238240317
877 346 22.4238240317
878 346 22.4238240317
879 346 22.4238240317
880 346 22.4238240317
881 346 22.4238240317
882 346 22.4238240317
883 346 22.4238240317
884 346 22.4238240317
885 346 22.4238240317
886 346 22.4238240317
887 346 22.4238240317
888 346 22.4238240317
889 346 22.4238240317
890 346 22.4238240317
891 346 22.4238240317
892 346 22.4238240317
893 346 22.4238240317
894 346 22.4238240317
895 346 22.4238240317
896 346 22.4238240317
897 346 22.4238240317
898 346 22.4238240317
899 346 22.4238240317
900 346 22.4238240317
901 346 22.4238240317
902 346 22.4238240317
903 346 22.4238240317
904 346 22.4238240317
905 346 22.4238240317
906 346 22.4238240317
907 346 22.4238240317
908 346 22.4238240317
909 346 22.4238240317
910 346 22.4238240317
911 346 22.4238240317
912 346 22.4238240317
913 346 22.4238240317
914 346 22.4238240317
915 346 22.4238240317
916 346 22.4238240317
917 346 22.4238240317
918 346 22.4238240317
919 346 22.4238240317
920 346 22.4238240317
921 346 22.4238240317
922 346 22.4238240317
923 346 22.4238240317
924 346 22.4238240317
925 346 22.4238240317
926 346 22.4238240317
927 346 22.4238240317
928 346 22.4238240317
929 346 22.4238240317
930 346 22.4238240317
931 346 22.4238240317
932 346 22.4238240317
933 346 22.4238240317
934 346 22.4238240317
935 346 22.4238240317
936 346 22.4238240317
937 346 22.4238240317
938 346 22.4238240317
939 346 22.4238240317
940 346 22.4238240317
941 346 22.4238240317
942 346 22.4238240317
943 346 22.4238240317
944 346 22.4238240317
945 346 22.4238240317
946 346 22.4238240317
947 346 22.4238240317
948 346 22.4238240317
949 347 15.3104919641
950 347 15.3104919641
951 347 15.3104919641
952 347 15.3104919641
953 347 15.3104919641
954 347 15.3104919641
955 347 15.3104919641
956 347 15.3104919641
957 347 15.3104919641
958 347 15.3104919641
959 347 15.3104919641
960 347 15.3104919641
961 347 15.3104919641
962 347 15.3104919641
963 347 15.3104919641
964 347 15.3104919641
965 347 15.3104919641
966 347 15.3104919641
967 347 15.3104919641
968 347 15.3104919641
969 347 15.3104919641
970 347 15.3104919641
971 347 15.3104919641
972 347 15.3104919641
973 347 15.3104919641
974 347 15.3104919641
975 347 15.3104919641
976 347 15.3104919641
977 347 15.3104919641
978 347 15.3104919641
979 347 15.3104919641
980 347 15.3104919641
981 347 15.3104919641
982 347 15.3104919641
983 347 15.3104919641
984 347 15.3104919641
985 347 15.3104919641
986 347 15.3104919641
987 347 15.3104919641
988 347 15.3104919641
989 347 15.3104919641
990 347 15.3104919641
991 347 15.3104919641
992 347 15.3104919641
993 347 15.3104919641
994 347 15.3104919641
995 347 15.3104919641
996 347 15.3104919641
997 347 15.3104919641
998 347 15.3104919641
999 347 15.3104919641
1000 347 15.3104919641
1001 347 15.3104919641
1002 347 15.3104919641
1003 347 15.3104919641
1004 347 15.3104919641
1005 347 15.3104919641
1006 347 15.3104919641
1007 347 15.3104919641
1008 347 15.3104919641
1009 347 15.3104919641
1010 347 15.3104919641
1011 347 15.3104919641
1012 347 15.3104919641
1013 347 15.3104919641
1014 347 15.3104919641
1015 347 15.3104919641
1016 347 15.3104919641
1017 347 15.3104919641
1018 347 15.3104919641
1019 347 15.3104919641
1020 347 15.3104919641
1021 347 15.3104919641
1022 347 15.3104919641
1023 347 15.3104919641
1024 347 15.3104919641
1025 347 15.3104919641
1026 347 15.3104919641
1027 347 15.3104919641
1028 347 15.3104919641
1029 347 15.3104919641
1030 347 15.3104919641
1031 347 15.3104919641
1032 347 15.3104919641
1033 347 15.3104919641
1034 347 15.3104919641
1035 347 15.3104919641
1036 347 15.3104919641
1037 347 15.3104919641
1038 348 17.5432414374
1039 348 17.5432414374
1040 348 17.5432414374
1041 348 17.5432414374
1042 348 17.5432414374
1043 348 17.5432414374
1044 348 17.5432414374
1045 348 17.5432414374
1046 348 17.5432414374
1047 348 17.5432414374
1048 348 17.5432414374
1049 348 17.5432414374
1050 348 17.5432414374
1051 348 17.5432414374
1052 348 17.5432414374
1053 348 17.5432414374
1054 348 17.5432414374
1055 348 17.5432414374
1056 348 17.5432414374
1057 348 17.5432414374
1058 348 17.5432414374
1059 348 17.5432414374
1060 348 17.5432414374
1061 348 17.5432414374
1062 348 17.5432414374
1063 348 17.5432414374
1064 348 17.5432414374
1065 348 17.5432414374
1066 348 17.5432414374
1067 348 17.5432414374
1068 348 17.5432414374
1069 348 17.5432414374
1070 348 17.5432414374
1071 348 17.5432414374
1072 348 17.5432414374
1073 348 17.5432414374
1074 348 17.5432414374
1075 348 17.5432414374
1076 348 17.5432414374
1077 348 17.5432414374
1078 348 17.5432414374
1079 348 17.5432414374
1080 348 17.5432414374
1081 348 17.5432414374
1082 348 17.5432414374
1083 348 17.5432414374
1084 348 17.5432414374
1085 348 17.5432414374
1086 348 17.5432414374
1087 348 17.5432414374
1088 348 17.5432414374
1089 348 17.5432414374
1090 348 17.5432414374
1091 348 17.5432414374
1092 348 17.5432414374
1093 348 17.5432414374
1094 348 17.5432414374
1095 348 17.5432414374
1096 348 17.5432414374
1097 348 17.5432414374
1098 348 17.5432414374
1099 348 17.5432414374
1100 348 17.5432414374
1101 348 17.5432414374
1102 348 17.5432414374
1103 348 17.5432414374
1104 348 17.5432414374
1105 348 17.5432414374
1106 348 17.5432414374
1107 348 17.5432414374
1108 348 17.5432414374
1109 348 17.5432414374
1110 348 17.5432414374
1111 348 17.5432414374
1112 348 17.5432414374
1113 348 17.5432414374
1114 348 17.5432414374
1115 348 17.5432414374
1116 348 17.5432414374
1117 348 17.5432414374
1118 348 17.5432414374
1119 348 17.5432414374
1120 348 17.5432414374
1121 348 17.5432414374
1122 348 17.5432414374
1123 348 17.5432414374
1124 348 17.5432414374
1125 348 17.5432414374
1126 348 17.5432414374
1127 349 19.9923646881
1128 349 19.9923646881
1129 349 19.9923646881
1130 349 19.9923646881
1131 349 19.9923646881
1132 349 19.9923646881
1133 349 19.9923646881
1134 349 19.9923646881
1135 349 19.9923646881
1136 349 19.9923646881
1137 349 19.9923646881
1138 349 19.9923646881
1139 349 19.9923646881
1140 349 19.9923646881
1141 349 19.9923646881
1142 349 19.9923646881
1143 349 19.9923646881
1144 349 19.9923646881
1145 349 19.9923646881
1146 349 19.9923646881
1147 349 19.9923646881
1148 349 19.9923646881
1149 349 19.9923646881
1150 349 19.9923646881
1151 349 19.9923646881
1152 349 19.9923646881
1153 349 19.9923646881
1154 349 19.9923646881
1155 349 19.9923646881
1156 349 19.9923646881
1157 349 19.9923646881
1158 349 19.9923646881
1159 349 19.9923646881
1160 349 19.9923646881
1161 349 19.9923646881
1162 349 19.9923646881
1163 349 19.9923646881
1164 349 19.9923646881
1165 349 19.9923646881
1166 349 19.9923646881
1167 349 19.9923646881
1168 349 19.9923646881
1169 349 19.9923646881
1170 349 19.9923646881
1171 349 19.9923646881
1172 349 19.9923646881
1173 349 19.9923646881
1174 349 19.9923646881
1175 349 19.9923646881
1176 349 19.9923646881
1177 349 19.9923646881
1178 350 17.8962609712
1179 351 18.7172508193
1180 352 19.2345459905
1181 353 19.6674253363
1182 354 21.3165597525
1183 355 22.1876372157
1184 356 24.0975763966
1185 357 25.1235250772
1186 358 23.9379271789
1187 359 25.0416072418
1188 360 26.050722603
1189 361 25.9248685125
1190 362 23.9364336535
1191 363 23.607675545
1192 364 24.4414194189
1193 365 23.3441725398
1194 366 21.6261638436
1195 367 21.9951613324
1196 368 22.41055409
1197 369 20.6952285876
1198 370 19.5150442847
1199 371 18.3130175884
1200 372 19.2943001875
1201 373 19.6820205523
1202 374 21.3943128844
1203 375 21.2738510355
1204 376 23.1706728519
1205 377 23.0137461054
1206 378 22.9885471801
1207 379 23.7652131623
1208 380 24.7283457448
1209 381 26.7342547486
1210 382 28.3956887261
1211 383 27.0715772174
1212 384 26.8705015379
1213 385 25.2831082983
1214 386 25.6935908195
1215 387 25.0123656256
1216 388 25.4242600966
1217 389 25.8060394142
1218 390 25.4861031964
1219 391 27.3254422015
1220 392 27.3485531222
1221 393 26.9059598783
1222 394 24.8642547862
1223 395 24.6757709279
1224 396 25.0420255641
1225 397 23.8264334617
1226 398 22.349050558
1227 399 22.7641328299
1228 400 22.8048182352
1229 401 21.3118177586
1230 402 20.1761610087
1231 403 20.7114270919
1232 404 22.1786010507
1233 405 23.330699593
1234 406 25.0623656232
1235 407 26.0343198972
1236 408 26.7935339235
1237 409 27.5102280235
1238 410 29.0757504795
1239 411 27.7284739156
1240 412 26.4595263594
1241 413 28.2271576264
1242 414 29.0340087188
1243 415 27.3147115938
1244 416 27.2318255795
1245 417 29.466885214
1246 418 29.3832735148
1247 419 27.8647753356
1248 420 29.2274965087
1249 421 31.1441347011
1250 422 30.2734776341
1251 423 30.2869206111
1252 424 28.0397620491
1253 425 28.4348944865
1254 426 30.0372637096
1255 427 31.1687354256
1256 428 32.6448912366
1257 429 34.5996030663
1258 430 36.0831760108
1259 431 34.9264103983
1260 432 32.7227405218
1261 433 33.4975712855
1262 434 31.4176572708
1263 435 31.7431714922
1264 436 29.6475918195
1265 437 30.3426913874
1266 438 31.0880374973
1267 439 28.9748636007
1268 440 28.4166361635
1269 441 28.6669385222
1270 442 27.4460819922
1271 443 26.96936474
1272 444 28.7762703774
1273 445 29.385761604
1274 446 30.4918284344
1275 446 30.4918284344
1276 446 30.4918284344
1277 446 30.4918284344
1278 446 30.4918284344
1279 446 30.4918284344
1280 446 30.4918284344
1281 446 30.4918284344
1282 446 30.4918284344
1283 446 30.4918284344
1284 446 30.4918284344
1285 446 30.4918284344
1286 446 30.4918284344
1287 446 30.4918284344
1288 446 30.4918284344
1289 446 30.4918284344
1290 446 30.4918284344
1291 446 30.4918284344
1292 446 30.4918284344
1293 446 30.4918284344
1294 446 30.4918284344
1295 446 30.4918284344
1296 446 30.4918284344
1297 446 30.4918284344
1298 446 30.4918284344
1299 446 30.4918284344
1300 446 30.4918284344
1301 446 30.4918284344
1302 446 30.4918284344
1303 446 30.4918284344
1304 446 30.4918284344
1305 446 30.4918284344
1306 446 30.4918284344
1307 446 30.4918284344
1308 446 30.4918284344
1309 446 30.4918284344
1310 446 30.4918284344
1311 446 30.4918284344
1312 446 30.4918284344
1313 446 30.4918284344
1314 446 30.4918284344
1315 446 30.4918284344
1316 446 30.4918284344
1317 446 30.4918284344
1318 446 30.4918284344
1319 446 30.4918284344
1320 446 30.4918284344
1321 446 30.4918284344
1322 446 30.4918284344
1323 446 30.4918284344
1324 446 30.4918284344
1325 446 30.4918284344
1326 446 30.4918284344
1327 446 30.4918284344
1328 446 30.4918284344
1329 446 30.4918284344
1330 446 30.4918284344
1331 446 30.4918284344
1332 446 30.4918284344
1333 446 30.4918284344
1334 446 30.4918284344
1335 446 30.4918284344
1336 446 30.4918284344
1337 446 30.4918284344
1338 446 30.4918284344
1339 446 30.4918284344
1340 446 30.4918284344
1341 447 32.5608893447
1342 447 32.5608893447
1343 447 32.5608893447
1344 447 32.5608893447
1345 447 32.5608893447
1346 447 32.5608893447
1347 447 32.5608893447
1348 447 32.5608893447
1349 447 32.5608893447
1350 447 32.5608893447
1351 447 32.5608893447
1352 447 32.5608893447
1353 447 32.5608893447
1354 447 32.5608893447
1355 447 32.5608893447
1356 447 32.5608893447
1357 447 32.5608893447
1358 447 32.5608893447
1359 447 32.5608893447
1360 447 32.5608893447
1361 447 32.5608893447
1362 447 32.5608893447
1363 447 32.5608893447
1364 447 32.5608893447
1365 447 32.5608893447
1366 447 32.5608893447
1367 447 32.5608893447
1368 447 32.5608893447
1369 447 32.5608893447
1370 447 32.5608893447
1371 447 32.5608893447
1372 447 32.5608893447
1373 447 32.5608893447
1374 447 32.5608893447
1375 447 32.5608893447
1376 447 32.5608893447
1377 447 32.5608893447
1378 447 32.5608893447
1379 447 32.5608893447
1380 447 32.5608893447
1381 447 32.5608893447
1382 447 32.5608893447
1383 447 32.5608893447
1384 447 32.5608893447
1385 447 32.5608893447
1386 447 32.5608893447
1387 447 32.5608893447
1388 447 32.5608893447
1389 447 32.5608893447
1390 447 32.5608893447
1391 447 32.5608893447
1392 447 32.5608893447
1393 447 32.5608893447
1394 447 32.5608893447
1395 447 32.5608893447
1396 447 32.5608893447
1397 447 32.5608893447
1398 447 32.5608893447
1399 447 32.5608893447
1400 447 32.5608893447
1401 447 32.5608893447
1402 447 32.5608893447
1403 447 32.5608893447
1404 447 32.5608893447
1405 447 32.5608893447
1406 447 32.5608893447
1407 447 32.5608893447
1408 447 32.5608893447
1409 447 32.5608893447
1410 447 32.5608893447
1411 447 32.5608893447
1412 447 32.5608893447
1413 447 32.5608893447
1414 447 32.5608893447
1415 447 32.5608893447
1416 447 32.5608893447
1417 447 32.5608893447
1418 447 32.5608893447
1419 447 32.5608893447
1420 447 32.5608893447
1421 447 32.5608893447
1422 448 30.8557090955
1423 448 30.8557090955
1424 448 30.8557090955
1425 448 30.8557090955
1426 448 30.8557090955
1427 448 30.8557090955
1428 448 30.8557090955
1429 448 30.8557090955
1430 448 30.8557090955
1431 448 30.8557090955
1432 448 30.8557090955
1433 448 30.8557090955
1434 448 30.8557090955
1435 448 30.8557090955
1436 448 30.8557090955
1437 448 30.8557090955
1438 448 30.8557090955
1439 448 30.8557090955
1440 448 30.8557090955
1441 448 30.8557090955
1442 448 30.8557090955
1443 448 30.8557090955
1444 448 30.8557090955
1445 448 30.8557090955
1446 448 30.8557090955
1447 448 30.8557090955
1448 448 30.8557090955
1449 448 30.8557090955
1450 448 30.8557090955
1451 448 30.8557090955
1452 448 30.8557090955
1453 448 30.8557090955
1454 448 30.8557090955
1455 448 30.8557090955
1456 448 30.8557090955
1457 448 30.8557090955
1458 448 30.8557090955
1459 448 30.8557090955
1460 448 30.8557090955
1461 448 30.8557090955
1462 448 30.8557090955
1463 448 30.8557090955
1464 448 30.8557090955
1465 448 30.8557090955
1466 448 30.8557090955
1467 448 30.8557090955
1468 448 30.8557090955
1469 448 30.8557090955
1470 448 30.8557090955
1471 448 30.8557090955
1472 448 30.8557090955
1473 448 30.8557090955
1474 448 30.8557090955
1475 448 30.8557090955
1476 448 30.8557090955
1477 448 30.8557090955
1478 448 30.8557090955
1479 448 30.8557090955
1480 448 30.8557090955
1481 448 30.8557090955
1482 448 30.8557090955
1483 448 30.8557090955
1484 448 30.8557090955
1485 448 30.8557090955
1486 448 30.8557090955
1487 448 30.8557090955
1488 448 30.8557090955
1489 448 30.8557090955
1490 448 30.8557090955
1491 448 30.8557090955
1492 448 30.8557090955
1493 448 30.8557090955
1494 448 30.8557090955
1495 448 30.8557090955
1496 448 30.8557090955
1497 448 30.8557090955
1498 448 30.8557090955
1499 448 30.8557090955
1500 448 30.8557090955
1501 448 30.8557090955
1502 448 30.8557090955
1503 449 41.2657272314
1504 449 41.2657272314
1505 449 41.2657272314
1506 449 41.2657272314
1507 449 41.2657272314
1508 449 41.2657272314
1509 449 41.2657272314
1510 449 41.2657272314
1511 449 41.2657272314
1512 449 41.2657272314
1513 449 41.2657272314
1514 449 41.2657272314
1515 449 41.2657272314
1516 449 41.2657272314
1517 449 41.2657272314
1518 449 41.2657272314
1519 449 41.2657272314
1520 449 41.2657272314
1521 449 41.2657272314
1522 449 41.2657272314
1523 449 41.2657272314
1524 449 41.2657272314
1525 449 41.2657272314
1526 449 41.2657272314
1527 449 41.2657272314
1528 449 41.2657272314
1529 449 41.2657272314
1530 449 41.2657272314
1531 449 41.2657272314
1532 449 41.2657272314
1533 449 41.2657272314
1534 449 41.2657272314
1535 449 41.2657272314
1536 449 41.2657272314
1537 449 41.2657272314
1538 449 41.2657272314
1539 449 41.2657272314
1540 449 41.2657272314
1541 449 41.2657272314
1542 449 41.2657272314
1543 449 41.2657272314
1544 449 41.2657272314
1545 449 41.2657272314
1546 449 41.2657272314
1547 449 41.2657272314
1548 449 41.2657272314
1549 449 41.2657272314
1550 449 41.2657272314
1551 449 41.2657272314
1552 449 41.2657272314
1553 449 41.2657272314
1554 449 41.2657272314
1555 449 41.2657272314
1556 449 41.2657272314
1557 449 41.2657272314
1558 449 41.2657272314
1559 449 41.2657272314
1560 449 41.2657272314
1561 449 41.2657272314
1562 449 41.2657272314
1563 449 41.2657272314
1564 449 41.2657272314
1565 449 41.2657272314
1566 449 41.2657272314
1567 449 41.2657272314
1568 449 41.2657272314
1569 449 41.2657272314
1570 449 41.2657272314
1571 449 41.2657272314
1572 449 41.2657272314
1573 449 41.2657272314
1574 449 41.2657272314
1575 449 41.2657272314
1576 449 41.2657272314
1577 449 41.2657272314
1578 449 41.2657272314
1579 449 41.2657272314
1580 449 41.2657272314
1581 449 41.2657272314
1582 449 41.2657272314
1583 449 41.2657272314
1584 450 53.1969961919
