1 0 41.657330647
2 1 42.0915151988
3 2 41.5665100421
4 3 42.8129450843
5 4 43.170898057
6 5 42.7716274075
7 6 44.2532799661
8 7 43.0593974129
9 8 43.1179492119
10 9 41.3993628289
11 10 39.6997442646
12 11 39.5419118904
13 12 38.3117294602
14 13 38.4607050291
15 14 39.179731909
16 15 39.4726975813
17 16 40.0811840268
18 17 41.5632559471
19 18 41.3180800563
20 19 41.6985979984
21 20 40.6707969249
22 21 42.4349533414
23 22 42.7416531486
24 23 41.7083120224
25 24 41.9924611701
26 25 41.3842282837
27 26 41.2483516769
28 27 40.8778996114
29 28 40.9142704381
30 29 42.8116693016
31 30 43.2734738479
32 31 43.9818183513
33 32 43.6566392667
34 33 44.0320838439
35 34 44.1681788324
36 35 44.0049058962
37 36 44.72465281
38 37 44.0062971364
39 38 45.7929006885
40 39 45.7024393658
41 40 46.9584411194
42 41 46.3554181962
43 42 44.2720220093
44 43 44.3538840786
45 44 43.8137098961
46 45 45.4864941858
47 46 45.7747459245
48 47 46.6897526971
49 48 46.9890424974
50 49 46.2133725789
51 50 46.6897807578
52 51 46.1202724573
53 52 45.3989047911
54 53 44.4039056361
55 54 44.4788124661
56 55 42.4481646798
57 56 40.9729730864
58 57 40.9727526058
59 58 39.1000862583
60 59 39.2075956638
61 60 40.4382815484
62 61 40.7096937477
63 62 42.0373806259
64 63 42.9321256285
65 64 43.0694756852
66 65 44.4994075119
67 66 45.6240144001
68 67 46.3874355313
69 68 46.9214318185
70 69 46.1270303518
71 70 45.2091383464
72 71 43.7496039567
73 72 42.9660126906
74 73 42.1593633505
75 74 41.0583627043
76 75 41.0644205195
77 76 40.3029968573
78 77 42.2306863535
79 78 41.86917411
80 79 43.097359726
81 80 43.0770782915
82 81 44.6661893432
83 82 45.3526784046
84 83 46.4167249152
85 84 47.5279858289
86 85 48.0659871181
87 86 50.2670844785
88 87 50.5288759554
89 88 52.6243155147
90 89 51.985739821
91 90 51.6466251185
92 91 49.5654407407
93 92 49.0368625221
94 93 50.6079848416
95 94 49.1537496045
96 95 50.2433652178
97 96 49.3223995401
98 97 48.1053515039
99 98 49.1316233286
100 99 48.1063670282
101 100 48.4333096263
102 101 47.7016872013
103 102 46.3681850854
104 103 45.0836942325
105 104 44.8405756292
106 105 44.162103648
107 106 42.1563875018
108 107 41.7805369147
109 108 39.9745203562
110 109 39.6284052907
111 110 39.3587481213
112 111 37.8031282317
113 112 38.1755170499
114 113 39.6677672383
115 114 39.5361088963
116 115 41.0526000533
117 116 40.8038090355
118 117 40.6946075816
119 118 42.5985201301
120 119 42.8293667361
121 120 43.2817680582
122 121 44.752690347
123 122 44.6816287211
124 123 43.3693296902
125 124 41.8754674706
126 125 40.5089218582
127 126 39.815108275
128 127 38.4403332168
129 128 38.1876744667
130 129 37.5263400505
131 130 38.6727632737
132 131 37.3197249101
133 132 39.0797923975
134 133 39.2457395441
135 134 41.2900798306
136 135 42.1730444849
137 136 44.0175000936
138 137 45.3629586283
139 138 46.9331396292
140 139 48.0852874653
141 140 49.7077006948
142 141 48.7644860688
143 142 50.7373372589
144 143 50.6011103971
145 144 48.7806477359
146 145 49.2012120153
147 146 49.3198566206
148 147 47.248656078
149 148 47.0602350496
150 149 45.3514094937
151 150 44.6025725646
152 151 43.0713446766
153 152 41.8570425627
154 153 39.9317806972
155 154 38.493204229
156 155 36.5046577477
157 156 35.3483638957
158 157 35.8291833343
159 158 35.0175890037
160 159 34.9476716532
161 160 34.2799943925
162 161 35.6057351788
163 162 34.5602478146
164 163 34.050442002
165 164 34.8089117001
166 165 33.4824448573
167 166 34.246660143
168 167 34.3315266655
169 168 35.1455335156
170 169 35.4094414779
171 170 36.4358110539
172 171 36.4055263635
173 172 37.5196893741
174 173 36.9429903599
175 174 37.7977237675
176 175 37.8616483895
177 176 39.7481010897
178 177 39.5115601952
179 178 38.655381985
180 179 39.6357312768
181 180 39.8799903121
182 181 38.1986384314
183 182 37.114165767
184 183 35.3287126132
185 184 35.1942222997
186 185 33.7782506029
187 186 33.8366188273
188 187 32.4791099524
189 188 31.0014337801
190 189 31.7082040147
191 190 32.5065239374
192 191 33.7749209747
193 192 35.063786102
194 193 37.2095644675
195 194 38.5808049201
196 195 40.7853278532
197 196 41.663162755
198 197 43.3854587613
199 198 44.2051213905
200 199 43.9013561398
201 200 42.6127230264
202 201 40.5228779678
203 202 39.1112716225
204 203 36.7632665767
205 204 36.0055170595
206 205 33.7603455765
207 206 32.2866362837
208 207 31.0409772369
209 208 29.6929868544
210 209 28.7407914122
211 210 29.4411957558
212 211 29.035042379
213 212 30.0952182119
214 213 31.4265741977
215 214 31.9384193824
216 215 33.0220267518
217 216 33.4909435652
218 217 33.4439038254
219 218 34.3216694102
220 219 34.5802351739
221 220 34.3846463048
222 221 35.6657639325
223 222 35.1049784094
224 223 35.9301364926
225 224 35.2603781972
226 225 34.1616661319
227 226 34.7532072917
228 227 33.6408532809
229 228 33.6944427053
230 229 32.5083726212
231 230 32.6360584666
232 231 31.8131677968
233 232 31.619495117
234 233 31.5636407304
235 234 30.8959125097
236 235 31.0495322987
237 236 29.9258081126
238 237 30.4254123326
239 238 29.8474448404
240 239 30.3161395306
241 240 29.8701696437
242 241 30.3313415688
243 242 30.5927155357
244 243 31.1193106114
245 244 32.545581951
246 245 33.4268653539
247 246 35.315117131
248 247 35.7687463937
249 248 29.6720603382
250 248 29.6720603382
251 248 29.6720603382
252 248 29.6720603382
253 248 29.6720603382
254 248 29.6720603382
255 248 29.6720603382
256 248 29.6720603382
257 248 29.6720603382
258 248 29.6720603382
259 248 29.6720603382
260 248 29.6720603382
261 248 29.6720603382
262 248 29.6720603382
263 248 29.6720603382
264 248 29.6720603382
265 248 29.6720603382
266 248 29.6720603382
267 248 29.6720603382
268 248 29.6720603382
269 248 29.6720603382
270 248 29.6720603382
271 248 29.6720603382
272 248 29.6720603382
273 248 29.6720603382
274 248 29.6720603382
275 248 29.6720603382
276 248 29.6720603382
277 248 29.6720603382
278 248 29.6720603382
279 248 29.6720603382
280 248 29.6720603382
281 248 29.6720603382
282 248 29.6720603382
283 248 29.6720603382
284 248 29.6720603382
285 248 29.6720603382
286 248 29.6720603382
287 248 29.6720603382
288 249 34.0793594037
289 250 36.3488817872
290 251 35.9681483542
291 252 36.4773500784
292 253 34.6235539616
293 254 32.5290250549
294 255 31.1246500939
295 256 29.7311205371
296 257 29.0361985037
297 258 28.9897592865
298 259 28.8314616904
299 260 28.8313640683
300 261 29.5073579844
301 262 29.9689195004
302 263 30.9386474254
303 264 31.6967438093
304 265 31.4205099862
305 266 31.6955353354
306 267 31.7861040182
307 268 32.0655551364
308 269 33.3930028565
309 270 33.9507975582
310 271 33.3134269684
311 272 34.3700989545
312 273 34.4701733221
313 274 35.1876140615
314 275 36.6672665812
315 276 35.6701481865
316 277 34.2899716922
317 278 33.4628240824
318 279 33.2376397181
319 280 32.7999622356
320 281 33.2647187074
321 282 32.7759049935
322 283 33.5499561297
323 284 33.2462164444
324 285 33.6133224657
325 286 33.8685449164
326 287 35.0601975725
327 288 34.4315630081
328 289 34.1070518187
329 290 32.9232739118
330 291 32.8687163362
331 292 31.6518659924
332 293 31.4643742479
333 294 30.5715667156
334 295 29.7539153234
335 296 29.6829081581
336 297 28.8832981832
337 298 29.525863698
338 299 28.9507244708
339 300 29.7414879708
340 301 30.1720231678
341 302 31.2161790094
342 303 32.1689790484
343 304 33.2940770044
344 305 33.8553389359
345 306 35.291638144
346 307 36.0945304392
347 308 27.7914704982
348 308 27.7914704982
349 308 27.7914704982
