1 0 28.0765670233
2 1 34.250843256
3 2 32.9706173762
4 3 30.491104797
5 4 30.7244958026
6 5 28.7602323845
7 6 26.9524010525
8 7 25.6579146182
9 8 25.8557355358
10 9 25.9480056717
11 10 27.7230601668
12 11 27.3731766911
13 12 27.7810955489
14 13 27.6969196078
15 14 27.8776664065
16 15 27.726479188
17 16 28.0816485001
18 17 27.1575272271
19 18 28.132697587
20 19 29.1157016511
21 20 29.8333589831
22 21 28.8778060026
23 22 26.8259355894
24 23 26.5894475571
25 24 25.0857009891
26 25 25.4437619557
27 26 24.3409318758
28 27 24.7162297016
29 28 24.3400712553
30 29 22.5676904444
31 30 21.2934608964
32 31 21.1151164337
33 32 22.1399993784
34 33 22.9723287865
35 34 23.629973924
36 35 25.5534122064
37 36 26.7628577481
38 37 29.1018170239
39 38 30.7737172474
40 39 33.19866541
41 40 33.7122039822
42 41 31.5298980646
43 42 29.0768555263
44 43 26.849134796
45 44 24.7996569351
46 45 23.1785704006
47 46 21.368254713
48 47 20.6356497713
49 48 19.6258753951
50 49 18.2895948481
51 50 17.6998403332
52 51 19.2411323183
53 52 19.197525998
54 53 21.4185194935
55 54 23.3580395824
56 55 23.4573796975
57 56 25.6789051421
58 57 25.7851942596
59 58 24.8159149679
60 59 25.4315281738
61 60 25.1591088695
62 61 24.9046715894
63 62 26.2138125494
64 63 26.0053852495
65 64 26.1405310817
66 65 24.5762048083
67 66 23.9872057322
68 67 23.496719014
69 68 22.6994916718
70 69 22.8151237851
71 70 22.7066121566
72 71 22.6892965367
73 72 23.2503676714
74 73 23.1703855788
75 74 23.781114397
76 75 21.7037045913
77 76 22.6650601714
78 77 21.369514015
79 78 21.738276227
80 79 20.4087130204
81 80 20.7209528189
82 81 20.4093338965
83 82 20.9633056248
84 83 21.4990782994
85 84 21.5562094446
86 85 22.195139371
87 86 22.244050207
88 87 20.4896980503
89 88 19.9134789271
90 89 18.7163226962
91 90 18.5808909594
92 91 19.3142472201
93 92 19.5972241613
94 93 19.7351615701
95 94 21.2452506321
96 95 21.4165092746
97 96 23.191287202
98 97 24.233210312
99 98 24.666335424
100 99 25.2611912451
101 100 25.1779214924
102 101 25.1543251651
103 102 26.8838088664
104 103 26.8423205606
105 104 25.6409266687
106 105 26.5532303504
107 106 25.9712229554
108 107 27.2519637358
109 108 28.4520836592
110 109 27.5345915252
111 110 28.5321186485
112 111 27.6734881773
113 112 26.1953495292
114 113 24.8355142184
115 114 25.2254731205
116 115 24.951210146
117 116 26.466154613
118 117 25.9413202555
119 118 27.3983099203
120 119 27.0348945077
121 120 28.3552430419
122 121 28.053263837
123 122 29.9226509555
124 123 28.5959040982
125 124 27.9102056585
126 125 26.2296112012
127 126 26.1080731251
128 127 24.4214323442
129 128 24.2218799608
130 129 23.1248464199
131 130 23.5382777502
132 131 23.9072252764
133 132 22.7595094458
134 133 21.6144751318
135 134 21.3589800912
136 135 22.4226249503
137 136 23.9531864661
138 137 24.6925167845
139 138 26.6169431478
140 139 27.2357605679
141 140 29.3646841539
142 141 30.6893301427
143 142 31.6996045278
144 143 32.9257946642
145 144 33.74470101
146 145 32.7570645152
147 146 30.9784695686
148 147 30.4007944373
149 148 30.2097416499
150 149 30.0875646136
151 150 29.8420051326
152 151 30.2228156846
153 152 30.103002456
154 153 31.8670566694
155 154 31.7987451937
156 155 31.25946693
157 156 32.9232795137
158 157 33.8555904138
159 158 30.2201073106
160 158 30.2201073106
161 158 30.2201073106
162 158 30.2201073106
163 158 30.2201073106
164 158 30.2201073106
165 158 30.2201073106
166 159 30.7967802128
167 160 31.5128643321
168 161 30.5147539282
169 162 32.0982639432
170 163 32.5058187131
171 164 31.0014419845
172 165 31.7577649485
173 166 31.1969426063
174 167 32.3970973634
175 168 31.9044149322
176 169 33.1380181755
177 170 33.1070833601
178 171 34.0070132136
179 172 35.9081056152
180 173 37.1079635173
181 174 36.7322913458
182 175 35.7097033654
183 176 34.7923651616
184 177 34.2099220813
185 178 32.7050804234
186 179 32.5254526421
187 180 31.2582845775
188 181 32.4271404246
189 182 31.9931147566
190 183 33.2014144316
191 184 32.4279005409
192 185 30.4573276604
193 186 30.019027789
194 187 30.8124264171
195 188 32.9362545233
196 189 34.5163087016
197 190 35.7982295609
198 191 37.1658293584
199 192 37.6630029223
200 193 38.676892115
201 194 40.2466129613
202 195 41.1421151325
203 196 39.9663414971
204 197 40.7899997825
205 198 38.4519398795
206 199 35.7567977238
207 200 35.0880757459
208 201 33.2496307964
209 202 32.6715140569
210 203 33.2713846604
211 204 32.9314552656
212 205 33.4546709391
213 206 34.4428202444
214 207 33.417159661
215 208 35.5086171185
216 209 35.7864094561
217 210 37.92370858
218 211 38.9716040424
219 212 38.9996089123
220 213 37.1174012107
221 214 37.1038818135
222 215 35.9462369267
223 216 36.3526376826
224 217 36.1283251435
225 218 36.3067056595
226 219 36.8940601874
227 220 37.0853761637
228 221 39.7212705093
229 222 39.8706566242
230 223 40.3151083663
231 224 39.1664065757
232 225 39.6878859117
233 226 39.3008085819
234 227 38.9677658002
235 228 39.4973576438
236 229 39.3503750773
237 230 40.2606144514
238 231 39.8443557207
239 232 37.8418776934
240 233 38.761042242
241 234 40.4694993601
242 235 40.9230656436
243 236 40.0763767305
244 237 41.8978341266
245 238 41.9917329407
246 239 42.7324223244
247 240 42.8110059858
248 241 41.9935585384
249 242 44.2639813179
250 243 46.1509387283
251 244 45.7654035724
252 245 43.6212392207
253 246 42.0564314014
254 247 42.0715715494
255 248 39.5502151327
256 249 37.5259242596
257 250 36.4880529506
258 251 33.8060442644
259 252 33.2386654191
260 253 34.4076186562
261 254 33.5706044476
262 255 34.4652852796
263 256 34.7249516969
264 257 33.7558811532
265 258 35.9426171497
266 259 38.1455286929
267 260 37.439664008
268 261 37.8698868136
269 262 37.1681426569
270 263 36.4038542153
271 264 36.6771381684
272 265 35.5872655131
273 266 36.744915113
274 267 36.5890194628
275 268 38.3984713918
276 269 36.41420024
277 270 38.004253774
278 271 37.4774547274
279 272 39.3642659604
280 273 39.3790325047
281 274 40.5046217263
282 275 41.1912983478
283 276 42.4020146101
284 277 44.8164685861
285 278 46.1854722348
286 279 47.166323012
287 280 44.734341518
288 281 44.7698476912
289 282 43.3524550413
290 283 44.1340477931
291 284 43.2045998579
292 285 41.9620857984
293 286 42.5398854244
294 287 44.4642719667
295 288 44.4427704808
296 289 44.4632430412
297 290 41.1356858468
