1 0 57.547609359
2 1 58.5573554285
3 2 58.1096764341
4 3 60.5773471234
5 4 61.6790421068
6 5 60.8160806798
7 6 63.7455683056
8 7 62.1258175463
9 8 63.1425993025
10 9 60.4115670563
11 10 57.0789239701
12 11 55.7835749411
13 12 53.0295495532
14 13 52.0719510359
15 14 52.842194189
16 15 51.9292993802
17 16 52.256581692
18 17 53.3750650424
19 18 51.5797800192
20 19 53.1390758763
21 20 52.9027720009
22 21 56.3917720658
23 22 57.0677565199
24 23 56.0766010763
25 24 56.6288608347
26 25 56.8699842092
27 26 57.0653631179
28 27 57.7653984294
29 28 58.7142534847
30 29 61.9931870976
31 30 61.5516644597
32 31 62.0638306409
33 32 60.4102209247
34 33 61.2137911439
35 34 60.5055334318
36 35 60.6436755769
37 36 61.2702100471
38 37 60.3138284051
39 38 63.336457342
40 39 62.8051112732
41 40 65.4486360392
42 41 65.0477410386
43 42 61.5155484314
44 43 62.017373469
45 44 61.050798579
46 45 63.8879644323
47 46 64.294418406
48 47 64.7025061596
49 48 65.3330620454
50 49 64.8949411932
51 50 65.4781448878
52 51 65.051544685
53 52 62.7125023569
54 53 61.7235089191
55 54 63.0722819009
56 55 60.4771959488
57 56 58.1903173653
58 57 56.7730972321
59 58 53.429950024
60 59 51.9604120458
61 60 52.9917049541
62 61 51.8690229836
63 62 52.9478575439
64 63 52.2149416918
65 64 51.2758941384
66 65 53.9976682435
67 66 53.5054810479
68 67 54.7982882188
69 68 57.4850111354
70 69 58.3280059652
71 70 56.9605542635
72 71 56.1809096335
73 72 54.9509996257
74 73 55.369853108
75 74 54.1834964211
76 75 55.9105352906
77 76 55.9050148163
78 77 58.4700495352
79 78 56.1982685148
80 79 56.7940186713
81 80 55.6352723397
82 81 57.9475733625
83 82 57.7881594408
84 83 60.0388839007
85 84 60.9225863778
86 85 62.7887490075
87 86 65.8556082773
88 87 66.6914434314
89 88 69.9538766938
90 89 70.5132236888
91 90 71.3559854624
92 91 68.8046353003
93 92 69.0515733373
94 93 71.0102632513
95 94 68.7765140498
96 95 69.0105189479
97 96 66.8674739455
98 97 64.246015132
99 98 64.7513891882
100 99 62.9123886914
101 100 61.3298287636
102 101 60.220942902
103 102 59.2985458422
104 103 56.6552265073
105 104 57.4117275989
106 105 54.9893209735
107 106 53.6468755074
108 107 54.7125495767
109 108 53.4632400157
110 109 53.7465627037
111 110 51.9583267847
112 111 49.8929073972
113 112 48.7834986878
114 113 49.5099566977
115 114 47.9199540064
116 115 48.6278971384
117 116 46.0507659413
118 117 45.0149265981
119 118 47.3187116325
120 119 45.1359763435
121 120 45.3993745155
122 121 48.7238234168
123 122 50.8212284953
124 123 48.927583606
125 124 48.7223443405
126 125 47.5549582319
127 126 48.6537164766
128 127 47.686460434
129 128 49.3609289944
130 129 49.7622617804
131 130 49.7793330284
132 131 46.6093782718
133 132 47.0063461625
134 133 46.0390184832
135 134 47.9726098012
136 135 47.6952531572
137 136 50.3976273645
138 137 50.7678774127
139 138 53.3586260821
140 139 52.5369909651
141 140 54.9556384981
142 141 55.0804170309
143 142 58.2844805221
144 143 59.1201013815
145 144 58.3606392313
146 145 59.4290194912
147 146 57.5370291248
148 147 55.3229668419
149 148 53.5701730391
150 149 51.4663010129
151 150 48.4650908911
152 151 46.7678774539
153 152 46.8265383558
154 153 44.3161300976
155 154 44.2692314165
156 155 42.3313556695
157 156 42.9244551331
158 157 43.8408812083
159 158 45.370186476
160 159 46.6461621314
161 160 48.0537736517
162 161 51.2217603477
163 162 50.9849670996
164 163 49.1592693336
165 164 50.3208795537
166 165 47.0884306525
167 166 46.801217022
168 167 45.4534983962
169 168 44.8089828796
170 169 43.9505045089
171 170 43.5482423797
172 171 42.2814607205
173 172 41.6710284882
174 173 39.2392866675
175 174 41.068136877
176 175 38.9347184209
177 176 40.266389216
178 177 37.4662056776
179 178 36.0160279386
180 179 36.5435289549
181 180 39.1001141543
182 181 38.4601653983
183 182 39.6715953372
184 183 38.8782477384
185 184 40.5307644805
186 185 40.4235460068
187 186 41.8987305526
188 187 41.5121542235
189 188 38.3550393593
190 189 37.4191028934
191 190 37.04737837
192 191 36.5926536348
193 192 36.2998604403
194 193 37.7659918493
195 194 37.0713163933
196 195 38.6628124127
197 196 37.3710965164
198 197 37.4236271465
199 198 39.8157668566
200 199 41.4392120741
201 200 41.4521453963
202 201 40.3180003316
203 202 37.9119186932
204 203 36.3756364984
205 204 33.685207485
206 205 32.5310315458
207 206 33.1181345876
208 207 32.4789929327
209 208 31.2443610259
210 209 31.0117088258
211 210 34.0912432144
212 211 34.8021765872
213 212 38.0506148977
214 213 40.5494285108
215 214 40.0366574125
216 215 42.6210424815
217 216 42.0296109892
218 217 40.0725262007
219 218 40.2861252879
220 219 38.5336844476
221 220 38.2063827101
222 221 39.1981406077
223 222 36.3421176633
224 223 37.7425874206
225 224 35.3949381788
226 225 32.767252059
227 226 31.0404019228
228 227 30.6516856156
229 228 32.924733173
230 229 33.487802307
231 230 35.4034970677
232 231 36.0324186789
233 232 37.1680855953
234 233 38.6377047024
235 234 38.1519639884
236 235 39.7446193977
237 236 36.8356989219
238 237 37.064304468
239 238 34.8900839027
240 239 35.1927534824
241 240 32.9945015143
242 241 32.338363191
243 242 30.8760327213
244 243 29.511493572
245 244 30.0014639953
246 245 28.4525312123
247 246 28.8207397784
248 247 26.5205772112
249 248 23.3930767831
250 248 23.3930767831
251 248 23.3930767831
252 248 23.3930767831
253 248 23.3930767831
254 248 23.3930767831
255 248 23.3930767831
256 248 23.3930767831
257 248 23.3930767831
258 248 23.3930767831
259 249 22.1985323724
260 249 22.1985323724
261 249 22.1985323724
262 249 22.1985323724
263 249 22.1985323724
264 249 22.1985323724
265 249 22.1985323724
266 249 22.1985323724
267 249 22.1985323724
268 249 22.1985323724
269 250 23.2516129762
270 250 23.2516129762
271 250 23.2516129762
272 250 23.2516129762
273 250 23.2516129762
274 250 23.2516129762
275 250 23.2516129762
276 250 23.2516129762
277 250 23.2516129762
278 250 23.2516129762
279 251 23.2516129762
280 251 23.2516129762
281 251 23.2516129762
282 251 23.2516129762
283 251 23.2516129762
284 251 23.2516129762
285 251 23.2516129762
286 251 23.2516129762
287 251 23.2516129762
288 252 29.918714139
289 253 30.89917129
290 254 30.3231194356
291 255 29.249422745
292 256 29.4028951742
293 257 27.1987582491
294 258 27.8947799144
295 259 26.4607852788
296 260 27.6165903387
297 261 27.7056027787
298 262 29.1273127231
299 263 30.4291002068
300 264 32.4551737291
301 265 33.9367420494
302 266 35.3500244907
303 267 38.2826036477
304 268 37.5477673026
305 269 39.8118995082
306 270 40.8272216254
307 271 40.6826436697
308 272 43.6708355337
309 273 43.7693832383
310 274 41.3534879997
311 275 42.4912436935
312 276 41.4416549398
313 277 42.48712078
314 278 43.9301935131
315 279 41.1623343911
316 280 38.9755323189
317 281 38.354161137
318 282 39.3416032166
319 283 38.9533713009
320 284 41.0239552519
321 285 40.7943861847
322 286 43.1206856083
323 287 43.0867834492
324 288 44.0260044705
325 289 43.1469745914
326 290 45.9384589592
327 291 44.1174377518
328 292 43.5508023558
329 293 40.517142598
330 294 39.9831552275
331 295 36.7578127925
332 296 35.5137429986
333 297 32.4317259165
334 298 30.1116777843
335 299 28.7236390564
336 300 25.9494629688
337 301 27.9940043284
338 302 27.9999261384
339 303 31.1906531326
340 304 32.5386678327
341 305 35.4908557093
342 306 37.5579290445
343 307 40.1990583351
344 308 41.6265941558
345 309 45.0755896121
346 310 46.766888493
347 311 23.2516129762
348 311 23.2516129762
349 311 23.2516129762
