1 0 36.759136874
2 0 36.759136874
3 0 36.759136874
4 0 36.759136874
5 0 36.759136874
6 0 36.759136874
7 0 36.759136874
8 0 36.759136874
9 0 36.759136874
10 0 36.759136874
11 0 36.759136874
12 0 36.759136874
13 0 36.759136874
14 0 36.759136874
15 0 36.759136874
16 0 36.759136874
17 0 36.759136874
18 0 36.759136874
19 0 36.759136874
20 0 36.759136874
21 0 36.759136874
22 0 36.759136874
23 0 36.759136874
24 0 36.759136874
25 0 36.759136874
26 0 36.759136874
27 0 36.759136874
28 0 36.759136874
29 0 36.759136874
30 0 36.759136874
31 0 36.759136874
32 0 36.759136874
33 0 36.759136874
34 0 36.759136874
35 0 36.759136874
36 0 36.759136874
37 0 36.759136874
38 0 36.759136874
39 0 36.759136874
40 0 36.759136874
41 0 36.759136874
42 0 36.759136874
43 0 36.759136874
44 0 36.759136874
45 1 33.6228979395
46 2 31.7624465759
47 3 31.1430185426
48 4 29.2172583979
49 5 27.8721842133
50 6 26.3866764073
51 7 25.4495312919
52 8 25.392939854
53 9 25.8209284201
54 10 27.1810117493
55 11 28.3322010802
56 12 29.9030034236
57 13 30.9635340569
58 14 31.1835320888
59 15 32.719273888
60 16 33.3847839063
61 17 34.1221596024
62 18 36.1100157878
63 19 36.0267603958
64 20 34.0825846745
65 21 33.8393764761
66 22 32.1442216604
67 23 31.4982875947
68 24 31.1410860304
69 25 30.6064623104
70 26 29.4763537044
71 27 29.4465462347
72 28 28.1488361537
73 29 28.3326794919
74 30 27.3077607215
75 31 28.5375864268
76 32 27.5985981501
77 33 28.5609787279
78 34 28.0545017945
79 35 29.218545754
80 36 28.8038226794
81 37 30.1147414202
82 38 30.2788428869
83 39 31.3225075449
84 40 29.9634886128
85 41 28.3078621516
86 42 27.5834859709
87 43 28.4185482317
88 44 29.9804962502
89 44 29.9804962502
90 44 29.9804962502
91 44 29.9804962502
92 44 29.9804962502
93 44 29.9804962502
94 44 29.9804962502
95 44 29.9804962502
96 44 29.9804962502
97 44 29.9804962502
98 44 29.9804962502
99 44 29.9804962502
100 44 29.9804962502
101 44 29.9804962502
102 44 29.9804962502
103 44 29.9804962502
104 44 29.9804962502
105 44 29.9804962502
106 44 29.9804962502
107 44 29.9804962502
108 44 29.9804962502
109 44 29.9804962502
110 44 29.9804962502
111 44 29.9804962502
112 44 29.9804962502
113 44 29.9804962502
114 44 29.9804962502
115 44 29.9804962502
116 44 29.9804962502
117 44 29.9804962502
118 44 29.9804962502
119 44 29.9804962502
120 44 29.9804962502
121 44 29.9804962502
122 44 29.9804962502
123 44 29.9804962502
124 45 26.8858732444
125 46 27.802452983
126 47 27.0199622074
127 48 28.2726145609
128 49 28.1420982778
129 50 29.8995837471
130 51 29.5630255165
131 52 36.2022606159
132 52 36.2022606159
133 52 36.2022606159
134 52 36.2022606159
135 52 36.2022606159
136 52 36.2022606159
137 52 36.2022606159
138 52 36.2022606159
139 52 36.2022606159
140 52 36.2022606159
141 52 36.2022606159
142 52 36.2022606159
143 52 36.2022606159
144 52 36.2022606159
145 52 36.2022606159
146 52 36.2022606159
147 52 36.2022606159
148 52 36.2022606159
149 53 28.894021497
150 54 30.1459043464
151 55 29.80720628
152 56 30.6939880556
153 57 31.570246524
154 58 32.6694710813
155 59 32.5106992327
156 60 33.9208828415
157 61 34.3983450002
158 62 36.270549531
159 63 36.3876113664
160 64 37.7662012878
161 65 36.9820200724
162 66 34.7472958242
163 67 33.469632
164 68 34.1398700524
165 69 33.0056976678
166 70 33.5189123213
167 71 32.3475308851
168 72 32.4037873417
169 73 31.464288685
170 74 32.1527888995
171 75 33.0209844024
172 76 33.4418184891
173 77 33.4841929245
174 78 35.5187841378
175 79 35.434871243
176 80 35.3517452769
177 81 34.1892053506
178 82 34.2390187416
179 83 32.9550241841
180 84 33.2920538948
181 85 31.6977762244
182 86 31.8784533156
183 87 31.8649867765
184 88 30.539436519
185 89 32.0815223908
186 90 31.8247302985
187 91 33.467826049
188 92 33.9804368829
189 93 35.2112562578
190 94 34.1503641175
191 95 35.2159024338
192 96 34.161783175
193 97 35.6786207221
194 98 36.5540200916
195 99 36.1768169622
196 100 37.5556887898
197 101 37.6916897836
198 102 38.2145071462
199 103 38.5388880958
200 104 38.4757884194
201 105 36.8870431051
202 106 35.0065429723
203 107 35.0477692643
204 108 34.4418258826
205 109 34.9084890427
206 110 35.7083112396
207 111 37.113882688
208 112 38.0753583711
209 113 40.1595193043
210 114 40.6746180162
211 115 42.2209012364
212 116 42.2951515115
213 117 40.9276644269
214 118 40.4059120872
215 119 38.7293386092
216 120 37.6040223471
217 121 37.7572833673
218 122 37.4173562832
219 123 38.6992665817
220 124 39.7372085521
221 125 40.3889530048
222 126 40.1574081031
223 127 40.5753331278
224 128 41.2718033787
225 129 40.8122048447
226 130 41.9462757017
227 131 41.0663098073
228 132 43.3102548696
229 133 44.1445277164
230 134 43.5538605937
231 135 43.811175542
232 136 44.3291113815
233 137 43.0543231071
234 138 42.9354192364
235 139 43.2013041392
236 140 43.0813270059
237 141 41.1885128396
238 142 40.9477907765
239 143 38.9872077618
240 144 37.4465393762
241 145 37.4441722846
242 146 35.6717088189
243 147 36.1018737009
244 148 37.5936599864
245 149 38.1450928306
246 150 39.8453513177
247 151 40.9568490125
248 152 41.0649648129
249 153 42.9967823623
250 154 43.6713170481
251 155 42.6006732388
252 156 44.0800538511
253 157 43.0298569867
254 158 41.0387717825
255 159 39.9451760692
256 160 38.9722742996
257 161 37.7633484341
258 162 37.6851875839
259 163 37.1796992728
260 164 39.034084276
261 165 38.3803236852
262 166 39.4947671283
263 167 39.6017838582
264 168 41.1511722809
265 169 42.0344182999
266 170 43.1286629943
267 171 44.4990262609
268 172 44.8277083346
269 173 46.6046910662
270 174 46.6443893923
271 175 46.0673577194
272 176 45.5876979951
273 177 49.4252391055
274 177 49.4252391055
275 177 49.4252391055
276 177 49.4252391055
277 177 49.4252391055
278 177 49.4252391055
279 177 49.4252391055
280 177 49.4252391055
281 177 49.4252391055
282 177 49.4252391055
283 177 49.4252391055
284 177 49.4252391055
285 178 44.8261780736
286 179 45.1954792238
287 180 43.7956569503
288 181 42.3779016442
289 182 41.1646848659
290 183 40.3450221745
291 184 38.6497093752
292 185 38.4236869452
293 186 36.990160772
294 187 37.1693831457
295 188 38.9128036693
296 189 40.196036827
297 190 40.509287518
298 191 40.4533093335
299 192 38.6448553953
300 193 37.3627340057
301 194 36.9446687748
302 195 35.3878220418
303 196 36.4329030506
304 197 36.3599459063
305 198 34.8113110977
306 199 35.244595161
307 200 36.6904259576
308 201 37.119114296
309 202 38.752278225
310 203 39.1608345508
311 204 40.1093811086
312 205 41.663611594
313 206 41.798826411
314 207 42.6398793023
315 208 41.7685412051
316 209 40.077007718
317 210 38.9211644399
318 211 37.1527273724
319 212 36.4229376065
320 213 34.8676128014
321 214 34.522978805
322 215 33.6095942917
323 216 34.3616900904
324 217 33.2575278055
325 218 34.3872472821
326 219 35.0091937083
327 220 36.5840607471
328 221 37.737202744
329 222 39.3230470549
330 223 41.0429036502
331 224 42.1039448177
332 225 43.2411384694
333 226 44.6240950171
334 227 42.9342907635
335 227 42.9342907635
336 227 42.9342907635
337 227 42.9342907635
338 227 42.9342907635
339 227 42.9342907635
340 227 42.9342907635
341 227 42.9342907635
342 227 42.9342907635
343 227 42.9342907635
344 227 42.9342907635
345 227 42.9342907635
346 227 42.9342907635
347 227 42.9342907635
348 227 42.9342907635
349 227 42.9342907635
350 227 42.9342907635
351 227 42.9342907635
352 227 42.9342907635
353 227 42.9342907635
354 227 42.9342907635
355 227 42.9342907635
356 228 41.6428200552
357 229 40.7819747435
358 230 39.1726682444
359 231 39.1901415897
360 232 37.5769065175
361 233 36.1257645285
362 234 34.824666772
363 235 33.7267003919
364 236 32.4596300173
365 237 31.7672939107
366 238 30.916776866
367 239 31.1889245334
368 240 31.8978762675
369 241 32.4062450115
370 242 32.2131698718
371 243 33.3188582343
372 244 34.3923752932
373 245 35.3111760638
374 246 36.7049096111
375 247 36.504451625
376 248 38.0416518109
377 249 38.7657904562
378 250 37.6302728344
379 251 38.1404721383
380 252 36.4581805351
381 253 36.8547582527
382 254 36.8609272683
383 255 35.4612046687
384 256 35.7524240309
385 257 34.108584864
386 258 32.993594926
387 259 31.487505262
388 260 30.7947829664
389 261 29.893660494
390 262 29.3836730126
391 263 28.7993467426
392 264 29.8205640048
393 265 30.958310595
394 266 32.1311542189
395 267 33.1676285319
396 268 34.4573881071
397 269 33.2995539185
398 270 32.1142439687
399 271 30.3882793136
400 272 28.8157751425
401 273 28.5637690286
402 274 29.6854966901
403 275 30.3429880358
404 276 31.3804853349
405 277 32.2560270917
406 278 33.3007465275
407 279 34.7541792867
408 280 35.7471174932
409 281 37.7946074091
410 282 38.8321458364
411 283 37.667759023
412 284 36.4777442526
413 285 34.5035885028
414 286 33.2329025469
415 287 31.7507065571
416 288 30.7383277973
417 289 29.4065756484
418 290 28.275781586
419 291 27.2872310128
420 292 26.219492167
421 293 26.8448355735
422 294 28.329508744
423 295 29.9068472021
424 296 30.5050585317
425 297 32.4481080084
426 298 33.1506347091
427 299 36.2801982546
428 299 36.2801982546
429 299 36.2801982546
430 299 36.2801982546
431 299 36.2801982546
432 299 36.2801982546
433 299 36.2801982546
434 299 36.2801982546
435 299 36.2801982546
436 299 36.2801982546
437 299 36.2801982546
438 299 36.2801982546
439 299 36.2801982546
440 299 36.2801982546
441 299 36.2801982546
442 299 36.2801982546
443 299 36.2801982546
444 299 36.2801982546
445 299 36.2801982546
446 299 36.2801982546
447 299 36.2801982546
448 299 36.2801982546
449 299 36.2801982546
450 299 36.2801982546
451 299 36.2801982546
452 299 36.2801982546
453 299 36.2801982546
454 299 36.2801982546
455 299 36.2801982546
456 299 36.2801982546
457 299 36.2801982546
458 299 36.2801982546
459 299 36.2801982546
460 299 36.2801982546
461 299 36.2801982546
462 299 36.2801982546
463 299 36.2801982546
464 299 36.2801982546
465 299 36.2801982546
466 299 36.2801982546
467 299 36.2801982546
468 299 36.2801982546
469 299 36.2801982546
470 299 36.2801982546
471 299 36.2801982546
472 299 36.2801982546
473 299 36.2801982546
474 299 36.2801982546
475 299 36.2801982546
476 299 36.2801982546
477 299 36.2801982546
478 299 36.2801982546
479 299 36.2801982546
480 299 36.2801982546
481 299 36.2801982546
482 299 36.2801982546
483 299 36.2801982546
484 299 36.2801982546
485 299 36.2801982546
486 299 36.2801982546
487 299 36.2801982546
488 299 36.2801982546
489 299 36.2801982546
490 299 36.2801982546
491 300 36.9134531595
492 300 36.9134531595
493 300 36.9134531595
494 300 36.9134531595
495 300 36.9134531595
496 300 36.9134531595
497 300 36.9134531595
498 300 36.9134531595
499 300 36.9134531595
500 300 36.9134531595
501 300 36.9134531595
502 300 36.9134531595
503 300 36.9134531595
504 300 36.9134531595
505 300 36.9134531595
506 300 36.9134531595
507 300 36.9134531595
508 300 36.9134531595
509 300 36.9134531595
510 300 36.9134531595
511 300 36.9134531595
512 300 36.9134531595
513 300 36.9134531595
514 300 36.9134531595
515 300 36.9134531595
516 300 36.9134531595
517 300 36.9134531595
518 300 36.9134531595
519 300 36.9134531595
520 300 36.9134531595
521 300 36.9134531595
522 300 36.9134531595
523 300 36.9134531595
524 300 36.9134531595
525 300 36.9134531595
526 300 36.9134531595
527 300 36.9134531595
528 300 36.9134531595
529 300 36.9134531595
530 300 36.9134531595
531 300 36.9134531595
532 300 36.9134531595
533 300 36.9134531595
534 300 36.9134531595
535 300 36.9134531595
536 300 36.9134531595
537 300 36.9134531595
538 300 36.9134531595
539 300 36.9134531595
540 300 36.9134531595
541 300 36.9134531595
542 300 36.9134531595
543 300 36.9134531595
544 300 36.9134531595
545 300 36.9134531595
546 300 36.9134531595
547 300 36.9134531595
548 300 36.9134531595
549 300 36.9134531595
550 300 36.9134531595
551 300 36.9134531595
552 300 36.9134531595
553 300 36.9134531595
554 300 36.9134531595
555 300 36.9134531595
556 300 36.9134531595
557 300 36.9134531595
558 300 36.9134531595
559 300 36.9134531595
560 300 36.9134531595
561 300 36.9134531595
562 300 36.9134531595
563 300 36.9134531595
564 300 36.9134531595
565 300 36.9134531595
566 300 36.9134531595
567 300 36.9134531595
568 300 36.9134531595
569 300 36.9134531595
570 300 36.9134531595
571 300 36.9134531595
572 300 36.9134531595
573 300 36.9134531595
574 300 36.9134531595
575 301 42.2743144513
576 301 42.2743144513
577 301 42.2743144513
578 301 42.2743144513
579 301 42.2743144513
580 301 42.2743144513
581 301 42.2743144513
582 301 42.2743144513
583 301 42.2743144513
584 301 42.2743144513
585 301 42.2743144513
586 301 42.2743144513
587 301 42.2743144513
588 301 42.2743144513
589 301 42.2743144513
590 301 42.2743144513
591 301 42.2743144513
592 301 42.2743144513
593 301 42.2743144513
594 301 42.2743144513
595 301 42.2743144513
596 301 42.2743144513
597 301 42.2743144513
598 301 42.2743144513
599 301 42.2743144513
600 301 42.2743144513
601 301 42.2743144513
602 301 42.2743144513
603 301 42.2743144513
604 301 42.2743144513
605 301 42.2743144513
606 301 42.2743144513
607 301 42.2743144513
608 301 42.2743144513
609 301 42.2743144513
610 301 42.2743144513
611 301 42.2743144513
612 301 42.2743144513
613 301 42.2743144513
614 301 42.2743144513
615 301 42.2743144513
616 301 42.2743144513
617 301 42.2743144513
618 301 42.2743144513
619 301 42.2743144513
620 301 42.2743144513
621 301 42.2743144513
622 301 42.2743144513
623 301 42.2743144513
624 301 42.2743144513
625 301 42.2743144513
626 301 42.2743144513
627 301 42.2743144513
628 301 42.2743144513
629 301 42.2743144513
630 301 42.2743144513
631 301 42.2743144513
632 301 42.2743144513
633 301 42.2743144513
634 301 42.2743144513
635 301 42.2743144513
636 301 42.2743144513
637 301 42.2743144513
638 301 42.2743144513
639 301 42.2743144513
640 301 42.2743144513
641 301 42.2743144513
642 301 42.2743144513
643 301 42.2743144513
644 301 42.2743144513
645 301 42.2743144513
646 301 42.2743144513
647 301 42.2743144513
648 301 42.2743144513
649 301 42.2743144513
650 301 42.2743144513
651 301 42.2743144513
652 301 42.2743144513
653 301 42.2743144513
654 301 42.2743144513
655 301 42.2743144513
656 301 42.2743144513
657 301 42.2743144513
658 301 42.2743144513
659 302 38.2045259641
660 303 38.5486492536
661 304 37.7928671212
662 305 37.9256968207
663 306 37.02869429
664 307 36.0315343542
665 308 36.0962157046
666 309 35.8043396595
667 310 34.7728425931
668 311 34.2508711985
669 312 34.4515100466
670 313 33.7057128195
671 314 32.8640227116
672 315 33.0809514888
673 316 32.9548178515
674 317 34.1355721275
675 318 34.3566884705
676 319 35.6474541978
677 320 36.1616662247
678 321 35.7549155853
679 322 36.6385517598
680 323 37.9455960166
681 324 37.917914916
682 325 37.886134251
683 326 39.0461371726
684 327 40.2127611667
685 328 40.5753752411
686 329 41.2781306544
687 330 39.544344121
688 331 39.6309475946
689 332 40.3339155475
690 333 40.3407054978
691 334 39.0445190176
692 335 38.2648779273
693 336 38.5349463885
694 337 37.7162172832
695 338 36.5010850645
696 339 36.746041539
697 340 36.5947447618
698 341 35.3732882568
699 342 34.7651660397
700 343 35.1750615001
701 344 34.5318356216
702 345 33.5013476183
703 346 33.352740385
704 347 32.2718229521
705 348 31.7065630383
706 349 32.6318989716
707 350 33.6249344377
708 351 34.3799621681
709 352 35.5572792675
710 353 36.6422173729
711 354 37.7645395133
712 355 37.5600821949
713 356 38.5239477803
714 357 39.4641479719
715 358 38.3654626851
716 359 38.7899986008
717 360 40.4529556966
718 361 40.7319480097
719 362 40.1668293256
720 363 41.2208699973
721 364 42.7514736938
722 365 42.9753048707
723 366 41.7870028317
724 367 42.2868943371
725 368 42.5590898231
726 369 42.6384638762
727 370 40.7234919729
728 371 40.4170943227
729 372 41.7242894202
730 373 40.7123837391
731 374 39.1063232215
732 375 39.9980561267
733 376 40.7044636936
734 377 38.9598736032
735 378 38.2409952894
736 379 39.8163420893
737 380 39.6296905094
738 381 41.6118135206
739 382 41.305097911
740 383 42.6690125741
741 384 44.5598019474
742 385 44.208090098
743 386 43.4443495875
744 387 44.7599139417
745 388 46.5277180249
746 389 45.9336220729
747 390 44.8638993532
748 391 46.3603911998
749 392 45.2445221441
750 393 43.2068726499
751 394 43.1151330068
752 395 41.1806129921
753 396 40.5668046089
754 397 42.0406890491
755 398 41.4736410859
756 399 39.5717841945
757 400 40.084915162
758 401 41.3183802493
759 402 39.9947564839
760 403 38.6118251735
761 404 39.6896356221
762 405 41.091405516
763 406 39.8790400791
764 407 41.5702717525
765 408 43.3819814251
766 409 44.8963893785
767 410 43.3176939827
768 411 44.8079749644
769 412 46.4139350892
770 413 45.2629527013
771 414 44.660053833
772 415 46.7812071152
773 416 47.3210637719
774 417 45.986448351
775 418 46.7343780345
776 419 48.8822311826
777 420 48.3348399625
778 421 47.5496735907
779 422 49.6252672018
780 423 50.2710443166
781 424 48.710877147
782 425 47.9357599204
783 426 44.8374191697
784 426 44.8374191697
785 426 44.8374191697
786 426 44.8374191697
787 426 44.8374191697
788 426 44.8374191697
789 426 44.8374191697
790 426 44.8374191697
791 426 44.8374191697
792 426 44.8374191697
793 426 44.8374191697
794 426 44.8374191697
795 426 44.8374191697
796 426 44.8374191697
797 426 44.8374191697
798 426 44.8374191697
799 426 44.8374191697
800 426 44.8374191697
801 426 44.8374191697
802 426 44.8374191697
803 426 44.8374191697
804 426 44.8374191697
805 426 44.8374191697
806 426 44.8374191697
807 426 44.8374191697
808 426 44.8374191697
809 427 49.1489361392
810 428 48.1685908223
811 429 46.3744800751
812 430 45.1144135621
813 431 46.4529142666
814 432 46.2873883787
815 433 44.108771256
816 434 44.2899441566
817 435 45.9097057812
818 436 44.6774954991
819 437 43.2641324923
820 438 44.8963546942
821 439 46.3017747564
822 440 46.0444830968
823 441 47.7124028954
824 442 48.7477626224
825 443 50.5943337992
826 444 51.4372206437
827 445 50.1842538228
828 446 50.0245548481
829 447 48.8850141092
830 448 50.7579813409
831 449 52.220379072
832 450 51.2645900777
833 451 51.5690485419
834 452 50.8708787323
835 453 51.8387179763
836 454 67.8855854997
837 454 67.8855854997
838 454 67.8855854997
839 454 67.8855854997
840 454 67.8855854997
841 454 67.8855854997
842 454 67.8855854997
843 454 67.8855854997
844 454 67.8855854997
845 454 67.8855854997
846 454 67.8855854997
847 454 67.8855854997
848 454 67.8855854997
849 454 67.8855854997
850 454 67.8855854997
851 454 67.8855854997
852 454 67.8855854997
853 454 67.8855854997
854 454 67.8855854997
855 454 67.8855854997
856 454 67.8855854997
857 454 67.8855854997
858 454 67.8855854997
859 454 67.8855854997
860 454 67.8855854997
861 454 67.8855854997
862 454 67.8855854997
863 454 67.8855854997
864 454 67.8855854997
865 454 67.8855854997
866 454 67.8855854997
867 454 67.8855854997
868 454 67.8855854997
869 454 67.8855854997
870 454 67.8855854997
871 454 67.8855854997
872 454 67.8855854997
873 454 67.8855854997
874 454 67.8855854997
875 454 67.8855854997
876 454 67.8855854997
877 454 67.8855854997
878 454 67.8855854997
879 454 67.8855854997
880 454 67.8855854997
881 454 67.8855854997
882 454 67.8855854997
883 454 67.8855854997
884 454 67.8855854997
885 454 67.8855854997
886 454 67.8855854997
887 454 67.8855854997
888 454 67.8855854997
889 455 82.0569296442
890 455 82.0569296442
891 455 82.0569296442
892 455 82.0569296442
893 455 82.0569296442
894 455 82.0569296442
895 455 82.0569296442
896 455 82.0569296442
897 455 82.0569296442
898 455 82.0569296442
899 455 82.0569296442
900 455 82.0569296442
901 455 82.0569296442
902 455 82.0569296442
903 455 82.0569296442
904 455 82.0569296442
905 455 82.0569296442
906 455 82.0569296442
907 455 82.0569296442
908 455 82.0569296442
909 455 82.0569296442
910 455 82.0569296442
911 455 82.0569296442
912 455 82.0569296442
913 455 82.0569296442
914 455 82.0569296442
915 455 82.0569296442
916 455 82.0569296442
917 455 82.0569296442
918 455 82.0569296442
919 455 82.0569296442
920 455 82.0569296442
921 455 82.0569296442
922 455 82.0569296442
923 455 82.0569296442
924 455 82.0569296442
925 455 82.0569296442
926 455 82.0569296442
927 455 82.0569296442
928 455 82.0569296442
929 455 82.0569296442
930 455 82.0569296442
931 455 82.0569296442
932 455 82.0569296442
933 455 82.0569296442
934 455 82.0569296442
935 455 82.0569296442
936 455 82.0569296442
937 455 82.0569296442
938 455 82.0569296442
939 455 82.0569296442
940 455 82.0569296442
941 455 82.0569296442
942 456 90.5283992318
943 457 91.8695028428
944 458 91.528220334
945 459 93.2765964887
946 460 93.4542274454
947 461 92.0824128765
948 462 92.5516190372
949 463 91.7293266425
950 464 92.5113798947
951 465 93.3842235649
952 466 94.8833859826
953 467 94.8126515553
954 468 95.2725331475
955 469 96.8944533954
956 470 97.2854973939
957 471 96.4540537524
958 472 97.4109401782
959 473 99.0213720267
960 474 98.2671207059
961 475 98.5831890296
962 476 96.8576676379
963 477 97.5073449725
964 478 98.383451318
965 478 98.383451318
966 478 98.383451318
967 478 98.383451318
968 478 98.383451318
969 478 98.383451318
970 478 98.383451318
971 478 98.383451318
972 478 98.383451318
973 478 98.383451318
974 478 98.383451318
975 478 98.383451318
976 478 98.383451318
977 478 98.383451318
978 478 98.383451318
979 478 98.383451318
980 478 98.383451318
981 478 98.383451318
982 478 98.383451318
983 478 98.383451318
984 478 98.383451318
985 478 98.383451318
986 478 98.383451318
987 478 98.383451318
988 478 98.383451318
989 478 98.383451318
990 478 98.383451318
991 478 98.383451318
992 478 98.383451318
993 478 98.383451318
994 478 98.383451318
995 478 98.383451318
996 478 98.383451318
997 478 98.383451318
998 478 98.383451318
999 478 98.383451318
1000 479 98.5217671715
1001 480 96.7759335237
1002 481 95.5898954465
1003 482 94.0780708793
1004 483 94.1634584901
1005 484 92.7314513706
1006 485 92.3211161082
1007 486 91.2848026592
1008 487 90.1964978502
1009 488 90.1075613996
1010 489 90.6171793063
1011 490 91.8291666459
1012 491 93.1002399202
1013 492 94.5876564854
1014 493 95.9688286806
1015 494 96.9816383439
1016 495 95.8082862656
1017 496 95.3803211234
1018 497 97.1698056557
1019 498 97.3161011846
1020 499 95.7201641835
1021 500 96.2237632712
1022 501 97.717838317
1023 502 96.5383845265
1024 503 95.1651686738
1025 504 95.0078533868
1026 505 93.125151194
1027 506 92.1414052712
1028 507 91.6737936731
1029 508 90.0877397732
1030 509 88.518843897
1031 510 87.9661677684
1032 511 89.6495210183
1033 512 88.1013210563
1034 512 88.1013210563
1035 512 88.1013210563
1036 512 88.1013210563
1037 512 88.1013210563
1038 512 88.1013210563
