1 0 25.4579637338
2 1 25.9149609153
3 2 27.449534762
4 3 30.1624695471
5 4 32.5728278235
6 5 33.8854569492
7 6 36.5008271365
8 7 37.2557378756
9 8 38.8344976173
10 9 38.5195280988
11 10 36.0047831836
12 11 34.4869868329
13 12 34.105888756
14 13 32.8810347665
15 14 31.7678023457
16 15 31.9422335698
17 16 31.5425886167
18 17 33.6907608644
19 18 33.5904766766
20 19 32.8599960679
21 20 30.7848500419
22 21 32.1405149097
23 22 33.4164291969
24 23 32.8983535622
25 24 34.8109016206
26 25 34.7749970846
27 26 36.6086530177
28 27 37.2753626875
29 28 39.4707411528
30 29 40.9676281114
31 30 41.8145581765
32 31 40.5733569105
33 32 38.9577582337
34 33 37.4687978899
35 34 36.5339494176
36 35 34.576935993
37 36 34.4863335447
38 37 32.32138748
39 38 33.5387610859
40 39 33.2676510483
41 40 33.2717076581
42 41 31.5658720028
43 42 29.6673000852
44 43 30.235964536
45 44 31.4040823253
46 45 34.0568863111
47 46 36.1386742581
48 47 38.0343732863
49 48 39.8758197652
50 49 40.2065069572
51 50 42.5517397065
52 51 43.7723646924
53 52 43.7198925004
54 53 44.3838012524
55 54 46.2867396395
56 55 44.1753762636
57 56 41.195901756
58 57 39.533365167
59 58 37.2181360892
60 59 36.1773649758
61 60 36.1842086664
62 61 35.6381303528
63 62 36.3787457378
64 63 37.9109966327
65 64 37.601651654
66 65 38.6231884342
67 66 40.6581133477
68 67 42.0799401574
69 68 42.0260168711
70 69 40.6198327726
71 70 40.5380939201
72 71 39.1613307518
73 72 39.6424421551
74 73 39.6083688034
75 74 39.9716136766
76 75 41.282618903
77 76 42.4538557106
78 77 45.080933004
79 78 44.771331378
80 79 44.4827658015
81 80 42.7367825816
82 81 43.5064947351
83 82 43.0201161156
84 83 43.1285885054
85 84 43.4708083189
86 85 42.9100450194
87 86 45.3655340306
88 87 44.4777690045
89 88 47.0672290862
90 89 46.1520551539
91 90 44.5965438065
92 91 41.8162035814
93 92 41.642460901
94 93 44.5744685901
95 94 44.2445753154
96 95 45.9583223898
97 96 44.0292721745
98 97 43.7202387458
99 98 46.1857031897
100 99 46.2502426014
101 100 46.8290792273
102 101 47.2524893645
103 102 46.8543077722
104 103 46.1299576286
105 104 47.5273493939
106 105 47.2142260157
107 106 45.3305198018
108 107 46.8626505594
109 108 44.6994444701
110 109 42.8749902322
111 110 40.5790003073
112 111 37.724252939
113 112 36.5233485415
114 113 37.294012907
115 114 35.9211586234
116 115 37.1509984572
117 116 36.9036126713
118 117 36.0493774206
119 118 38.078375466
120 119 38.7342243507
121 120 39.9160200285
122 121 41.5776076831
123 122 41.5900906749
124 123 40.754416655
125 124 39.3827896566
126 125 38.7934620322
127 126 39.0351948791
128 127 38.9277984597
129 128 40.2560564557
130 129 41.7455294304
131 130 43.3472353844
132 131 40.8540307895
133 132 41.5707934405
134 133 39.9008651679
135 134 41.6111503371
136 135 41.3551514711
137 136 43.1641761531
138 137 43.9977253851
139 138 45.3504667091
140 139 46.9401817028
141 140 48.420709315
142 141 46.4632903556
143 142 48.7452016437
144 143 49.2606848083
145 144 46.8078561149
146 145 48.3748500594
147 146 49.003283016
148 147 46.8477287964
149 148 47.3862415324
150 149 45.9616726138
151 150 44.5159178655
152 151 43.4044225145
153 152 43.1751964275
154 153 41.3659705838
155 154 41.4056658233
156 155 38.7645610421
157 156 39.6057803151
158 157 41.9781206584
159 158 43.3068553484
160 159 42.7290993228
161 160 44.446334111
162 161 46.3488450658
163 162 45.5283198742
164 163 42.4859328324
165 164 41.242855961
166 165 38.5559469428
167 166 37.9695493086
168 167 35.6464145419
169 168 35.3265648132
170 169 33.5447733388
171 170 33.7304810047
172 171 32.3066203291
173 172 33.3612262107
174 173 32.2063711256
175 174 32.3378216702
176 175 32.6020701151
177 176 34.9202040629
178 177 34.9825631063
179 178 34.3073619265
180 179 35.9672392775
181 180 36.4916220567
182 181 34.9448728485
183 182 33.9722110025
184 183 32.5106837684
185 184 33.7404783411
186 185 33.1421505086
187 186 35.3492536467
188 187 34.9899625881
189 188 33.388681523
190 189 33.2806809853
191 190 31.958479142
192 191 32.9480932618
193 192 32.9930103872
194 193 35.3591361098
195 194 36.1232602121
196 195 38.6128191916
197 196 39.8112658218
198 197 41.7451181044
199 198 43.5165001112
200 199 42.8722637072
201 200 41.971655448
202 201 39.5282085191
203 202 38.3134819711
204 203 36.1032220684
205 204 34.1735255488
206 205 32.1643376782
207 206 31.3510344294
208 207 29.1630705149
209 208 29.264902707
210 209 28.4443161127
211 210 29.5400129578
212 211 31.0558815557
213 212 32.3060566454
214 213 32.7093545461
215 214 30.9721393569
216 215 30.7867308768
217 216 29.5680559355
218 217 28.9840102198
219 218 28.7138826382
220 219 28.911251035
221 220 27.5357459125
222 221 28.8171237324
223 222 28.6770368363
224 223 29.3354110451
225 224 28.9364035671
226 225 27.8955187192
227 226 29.1405660095
228 227 27.9403761536
229 228 28.0407853989
230 229 26.3136528362
231 230 27.0229730163
232 231 25.8124822198
233 232 26.9501169511
234 233 26.8612758965
235 234 28.4709486871
236 235 30.0481523763
237 236 29.2249625278
238 237 26.9161920652
239 238 25.2908088477
240 239 24.1764925509
241 240 24.4151999261
242 241 24.0163115697
243 242 25.304042071
244 243 25.406518512
245 244 27.6980099058
246 245 28.4743132441
247 246 30.8472671409
248 247 31.023442093
249 248 25.0606167719
250 248 25.0606167719
251 248 25.0606167719
252 248 25.0606167719
253 248 25.0606167719
254 248 25.0606167719
255 248 25.0606167719
256 248 25.0606167719
257 248 25.0606167719
258 248 25.0606167719
259 248 25.0606167719
260 248 25.0606167719
261 248 25.0606167719
262 248 25.0606167719
263 248 25.0606167719
264 248 25.0606167719
265 248 25.0606167719
266 248 25.0606167719
267 248 25.0606167719
268 248 25.0606167719
269 248 25.0606167719
270 248 25.0606167719
271 248 25.0606167719
272 248 25.0606167719
273 248 25.0606167719
274 248 25.0606167719
275 248 25.0606167719
276 248 25.0606167719
277 248 25.0606167719
278 248 25.0606167719
279 248 25.0606167719
280 248 25.0606167719
281 248 25.0606167719
282 248 25.0606167719
283 248 25.0606167719
284 248 25.0606167719
285 248 25.0606167719
286 248 25.0606167719
287 248 25.0606167719
288 249 33.9111738188
289 250 35.2275935087
290 251 33.6659279103
291 252 33.054656564
292 253 31.0437252363
293 254 28.6542024299
294 255 27.3525767357
295 256 25.0912992661
296 257 24.1807708209
297 258 22.3551107233
298 259 21.6870516378
299 260 22.5902201557
300 261 21.971539859
301 262 23.3028488779
302 263 21.660344875
303 264 23.5177701253
304 265 25.4159564008
305 266 27.5237885059
306 267 28.2566958896
307 268 26.6210673082
308 269 28.3142994025
309 270 27.2268770982
310 271 26.0026613386
311 272 26.0909357808
312 273 25.7335617217
313 274 25.6156025644
314 275 27.8995591929
315 276 27.2359044914
316 277 25.9009023494
317 278 23.9274854626
318 279 22.6272054737
319 280 22.9484224748
320 281 23.0263078397
321 282 23.5944401783
322 283 24.5876443721
323 284 25.9944276343
324 285 27.3314711178
325 286 25.1192067509
326 287 25.003171027
327 288 22.6897561699
328 289 22.2070401175
329 290 20.6509114504
330 291 20.3928957151
331 292 20.1222641348
332 293 20.2288991899
333 294 20.5007991421
334 295 19.2728307896
335 296 20.1561460026
336 297 19.8452883948
337 298 20.8619842321
338 299 19.7370531379
339 300 19.6658392155
340 301 18.2894185101
341 302 18.2633106898
342 303 17.8154991322
343 304 17.9413933494
344 305 18.9188912885
345 306 20.1561874689
346 307 21.5860364249
347 308 19.6852784807
348 308 19.6852784807
349 308 19.6852784807
