1 0 51.4556279031
2 0 51.4556279031
3 0 51.4556279031
4 0 51.4556279031
5 0 51.4556279031
6 0 51.4556279031
7 0 51.4556279031
8 0 51.4556279031
9 0 51.4556279031
10 0 51.4556279031
11 0 51.4556279031
12 0 51.4556279031
13 0 51.4556279031
14 0 51.4556279031
15 0 51.4556279031
16 0 51.4556279031
17 0 51.4556279031
18 0 51.4556279031
19 0 51.4556279031
20 0 51.4556279031
21 0 51.4556279031
22 0 51.4556279031
23 0 51.4556279031
24 0 51.4556279031
25 0 51.4556279031
26 0 51.4556279031
27 0 51.4556279031
28 0 51.4556279031
29 0 51.4556279031
30 0 51.4556279031
31 0 51.4556279031
32 0 51.4556279031
33 0 51.4556279031
34 0 51.4556279031
35 0 51.4556279031
36 0 51.4556279031
37 0 51.4556279031
38 0 51.4556279031
39 0 51.4556279031
40 0 51.4556279031
41 0 51.4556279031
42 0 51.4556279031
43 0 51.4556279031
44 0 51.4556279031
45 0 51.4556279031
46 0 51.4556279031
47 0 51.4556279031
48 0 51.4556279031
49 0 51.4556279031
50 0 51.4556279031
51 0 51.4556279031
52 0 51.4556279031
53 0 51.4556279031
54 1 33.301121601
55 2 32.6433689671
56 3 32.704286061
57 4 32.5480701445
58 5 33.6566703921
59 6 33.0379963793
60 7 35.1701699385
61 8 34.8087998467
62 9 32.463822076
63 10 32.7615436936
64 11 31.0799301865
65 12 31.1062534017
66 13 29.7552472786
67 14 27.3876986179
68 15 28.6467328412
69 16 26.2278363412
70 17 27.8947889546
71 18 26.6275430842
72 19 28.8332675776
73 20 30.8218027266
74 21 33.3035019699
75 22 35.7353074551
76 23 38.3358221488
77 24 40.3254497111
78 25 42.8279723788
79 26 42.1660165472
80 27 41.8999575653
81 28 40.2976486834
82 29 37.4390250555
83 30 38.3673159997
84 31 35.7635179766
85 32 34.5533922489
86 33 32.2812146203
87 34 30.8184495598
88 35 29.3552213998
89 36 27.3364136722
90 37 29.3243213202
91 38 30.830726779
92 39 32.8499637371
93 40 33.5754110446
94 41 35.2368549892
95 42 37.1294142159
96 43 37.6667502777
97 44 39.6389613819
98 45 37.8333597625
99 46 39.7930415666
100 47 41.7836663748
101 48 39.7916515552
102 49 41.2677488156
103 50 41.5061330371
104 51 41.3758719269
105 52 40.7564550296
106 53 39.4343769197
107 54 41.0952466703
108 55 39.8706036454
109 56 37.8941174832
110 57 36.6604658516
111 58 35.2099646243
112 59 33.6527395372
113 60 31.9100936888
114 61 30.627034892
115 62 28.2472908426
116 63 27.3457887383
117 64 28.5425746924
118 65 26.9889856766
119 66 28.8989322984
120 67 31.6541127642
121 68 33.7228259018
122 69 36.6179258722
123 70 38.325657894
124 71 40.8074206744
125 72 42.4631848793
126 73 43.3756129468
127 74 42.0506451934
128 75 41.624877321
129 76 39.1598268187
130 77 36.555779352
131 78 34.2913520871
132 79 31.8523149669
133 80 29.3696170109
134 81 28.0405411638
135 82 25.818174589
136 83 27.3047214537
137 84 26.8181499164
138 85 29.4392272945
139 86 31.0577275132
140 87 33.5548130582
141 88 36.0028181434
142 89 38.2488352311
143 90 40.9390950373
144 91 41.1125748959
145 92 44.1589814074
146 93 44.2663157845
147 94 41.6854177945
148 95 40.7609536932
149 96 37.9689054218
150 97 38.2753132266
151 98 39.1045990207
152 99 36.5299572322
153 100 34.1052419428
154 101 31.8314844595
155 102 29.0453221544
156 103 28.3878623379
157 104 25.7184518336
158 105 23.7164850542
159 106 23.1599584006
160 107 24.1346223487
161 108 25.746621011
162 109 25.2082190936
163 110 27.5398685097
164 111 30.0410902545
165 112 31.9725940661
166 113 34.7733790599
167 114 36.6628111792
168 115 38.9168936469
169 116 41.1718761181
170 117 39.9927829388
171 118 38.8809645226
172 119 36.054875146
173 120 33.7201949183
174 121 31.1082224498
175 122 28.7906781631
176 123 26.3537964655
177 124 24.2731565227
178 125 21.9905242365
179 126 22.2348516003
180 127 22.5058418795
181 128 24.6415415387
182 129 27.0172726133
183 130 28.7583214522
184 131 31.5523708913
185 132 33.2009512375
186 133 36.0866539218
187 134 37.7081611461
188 135 40.0253884535
189 136 38.4236994803
190 137 37.4462440932
191 138 35.2769991052
192 139 33.8575071642
193 140 31.5970410479
194 141 32.8182591029
195 142 30.6045665504
196 143 28.0161106896
197 144 27.5558935932
198 145 25.3329590189
199 146 24.7193293827
200 147 23.65529746
201 148 21.7314945041
202 149 20.938165741
203 150 21.5926846667
204 151 23.7347333558
205 152 23.9465614796
206 153 26.3785252603
207 154 28.6389828727
208 155 31.064258977
209 156 33.662602217
210 157 35.1857750486
211 158 37.2405577196
212 159 39.3644206131
213 160 38.738919559
214 161 37.3623850359
215 162 37.1814017534
216 163 34.9474919741
217 164 32.4972087649
218 165 30.1934934452
219 166 27.5616018724
220 167 25.7539293564
221 168 23.5490057464
222 169 21.508165219
223 170 22.305330891
224 171 23.4526213861
225 172 25.4596473547
226 173 27.2299644361
227 174 28.4685804373
228 175 31.1457687556
229 176 31.7631981249
230 177 34.158586186
231 178 34.527264822
232 179 34.4276277992
233 180 33.2304878638
234 181 30.6744506199
235 182 29.9803898767
236 183 30.5819355774
237 184 33.1525713982
238 185 31.9397554773
239 186 29.4529735804
240 187 29.1912665834
241 188 27.6200122527
242 189 26.7442161456
243 190 25.9432974607
244 191 23.8665656521
245 192 22.4662352526
246 193 20.8890206635
247 194 21.5391937477
248 195 23.3049994369
249 196 23.1736306721
250 197 25.5701675941
251 198 27.8490929189
252 199 30.3067963627
253 200 32.9321662928
254 201 34.5866450036
255 202 37.1851796542
256 203 38.8709116886
257 204 38.795152116
258 205 38.2284486083
259 206 39.1005772961
260 207 37.3720294702
261 208 35.2066280022
262 209 34.2292134268
263 210 31.6143569855
264 211 29.3467843917
265 212 26.7714325299
266 213 24.5411847113
267 214 22.4024997368
268 215 20.3689097863
269 216 21.2879011132
270 217 21.563937313
271 218 23.7814355927
272 219 25.6526666701
273 220 27.7802179044
274 221 30.4045208624
275 222 31.6473255028
276 223 34.3292799492
277 224 35.0122891541
278 225 36.5799014861
279 226 42.0492017083
280 226 42.0492017083
281 226 42.0492017083
282 226 42.0492017083
283 226 42.0492017083
284 226 42.0492017083
285 226 42.0492017083
286 226 42.0492017083
287 226 42.0492017083
288 226 42.0492017083
289 226 42.0492017083
290 227 36.6168585878
291 228 33.7665017763
292 229 33.172770766
293 230 31.4391883393
294 231 32.9678009038
295 232 30.772212744
296 233 28.022350735
297 234 26.6185937273
298 235 24.3346865096
299 236 23.4343375998
300 237 21.6958090847
301 238 19.7763957365
302 239 19.3884337819
303 240 20.1580843724
304 241 22.2023805663
305 242 23.0943924482
306 243 25.3455208702
307 244 27.1284681885
308 245 29.7966764138
309 246 32.217566841
310 247 33.7078555553
311 248 36.4807765409
312 249 37.41133202
313 250 35.1627938588
314 251 34.9424334575
315 252 38.508068299
316 252 38.508068299
317 252 38.508068299
318 252 38.508068299
319 252 38.508068299
320 252 38.508068299
321 252 38.508068299
322 252 38.508068299
323 252 38.508068299
324 252 38.508068299
325 253 32.535474988
326 254 30.3208080094
327 255 28.6703924051
328 256 26.1972580757
329 257 24.451472671
330 258 22.2099328522
331 259 20.5533102877
332 260 20.118135328
333 261 21.867046963
334 262 22.9425456555
335 263 25.1986734174
336 264 25.9183263188
337 265 28.44716392
338 266 29.0476230923
339 267 31.2305527814
340 268 33.5301421251
341 269 34.960573646
342 270 33.0070144897
343 271 30.9971625614
344 272 29.2969253603
345 273 15.8020242267
346 273 15.8020242267
347 273 15.8020242267
348 273 15.8020242267
349 273 15.8020242267
350 273 15.8020242267
351 273 15.8020242267
352 273 15.8020242267
353 273 15.8020242267
354 273 15.8020242267
355 273 15.8020242267
356 273 15.8020242267
357 273 15.8020242267
358 273 15.8020242267
359 273 15.8020242267
360 273 15.8020242267
361 273 15.8020242267
362 273 15.8020242267
363 273 15.8020242267
364 273 15.8020242267
365 273 15.8020242267
366 273 15.8020242267
367 273 15.8020242267
368 273 15.8020242267
369 273 15.8020242267
370 273 15.8020242267
371 273 15.8020242267
372 273 15.8020242267
373 273 15.8020242267
374 273 15.8020242267
375 273 15.8020242267
376 273 15.8020242267
377 273 15.8020242267
378 273 15.8020242267
379 273 15.8020242267
380 273 15.8020242267
381 273 15.8020242267
382 273 15.8020242267
383 273 15.8020242267
384 273 15.8020242267
385 273 15.8020242267
386 273 15.8020242267
387 273 15.8020242267
388 273 15.8020242267
389 273 15.8020242267
390 274 28.2509544878
391 275 27.1346909241
392 276 26.9767974038
393 277 24.9656369283
394 278 25.4263681242
395 279 24.1258823103
396 280 25.949479611
397 281 24.4472018405
398 282 25.355180468
399 283 23.0295367385
400 284 22.3394517746
401 285 24.0686527118
402 286 24.5438831256
403 287 26.7664014285
404 288 28.8100236018
405 289 31.5785396998
406 290 33.6100028839
407 291 34.9795548276
408 292 37.6818958745
409 293 39.8510108708
410 294 39.116642214
411 295 37.7641823016
412 296 35.1947147632
413 297 32.7014602081
414 298 31.4860782607
415 299 28.802190317
416 300 27.8893445769
417 301 25.8133837514
418 302 25.2938062883
419 303 26.9539992208
420 304 28.9092868185
421 305 29.9775754898
422 306 30.4873340574
423 307 32.6771313608
424 308 32.9574674239
425 309 23.6959573273
426 309 23.6959573273
427 309 23.6959573273
428 309 23.6959573273
429 309 23.6959573273
430 310 18.5076259485
431 311 18.7989671851
432 312 19.8121176086
433 313 20.5449948927
434 314 20.5335688236
435 315 21.6598200485
436 316 22.9409900959
437 317 22.6486324821
438 318 23.1449790962
439 319 25.0065744623
440 320 25.5674121631
441 321 24.7768279676
442 322 25.0979487331
443 323 23.8751562153
444 324 24.4626323608
445 325 24.2764870702
446 326 22.6607632215
447 327 21.2772940463
448 328 19.8354214672
449 329 19.2234526301
450 330 18.5054610496
451 331 18.1980408051
452 332 17.9995314089
453 333 17.9527001291
454 334 18.0591927331
455 335 18.7262168529
456 336 19.7744121765
457 337 20.9720846177
458 338 22.6160600572
459 339 24.1005169326
460 340 25.7814194781
461 341 27.4131024409
462 342 29.4786002922
463 343 31.2547821213
464 344 31.9081212547
465 345 33.0579271081
466 346 34.7025369656
467 347 33.2241227905
468 348 32.1179535763
469 349 32.8118047049
470 350 31.2165249029
471 351 30.6135043244
472 352 28.5219217333
473 353 27.9755526742
474 354 25.994316565
475 355 24.6497265311
476 356 22.8856652179
477 357 22.3610413117
478 358 20.8150094759
479 359 20.3102661642
480 360 19.1506545937
481 361 18.5118321821
482 362 18.6760255474
483 363 18.213972783
484 364 18.645989946
485 365 18.5853888517
486 366 19.1112738366
487 367 19.0924826753
488 368 20.6342321182
489 369 20.8514385367
490 370 20.6598781556
491 371 21.0519950057
492 372 20.3071355081
493 373 20.7082482916
494 374 21.7763384558
495 375 22.1943122215
496 376 22.8333803196
497 377 21.8420861468
498 378 23.0022134606
499 379 24.6927920226
500 380 25.9860437613
501 381 28.0047400987
502 382 28.0212002556
503 383 28.9364150189
504 384 28.1963853594
505 385 29.7349138643
506 386 29.2149271795
507 387 27.0929939367
508 388 27.703455642
509 389 28.8191867253
510 390 27.1300814573
511 391 25.8963324098
512 392 27.3157501935
513 393 27.4139762885
514 394 25.2760523533
515 395 25.3188675548
516 396 26.6195020809
517 397 25.7490151667
518 398 23.6357685062
519 399 23.804543059
520 400 25.0469551013
521 401 24.4712541667
522 402 24.7191171366
523 403 22.6100964221
524 404 22.140101691
525 405 20.4478617933
526 406 20.5820844515
527 407 20.6572245224
528 408 22.2528515596
529 409 22.0846901669
530 410 23.8682880321
531 411 24.9061994162
532 412 24.2392511281
533 413 24.8823592339
534 414 26.8086548306
535 415 27.3229584787
536 416 26.8475598837
537 417 33.3390385519
538 417 33.3390385519
539 417 33.3390385519
540 417 33.3390385519
541 417 33.3390385519
542 417 33.3390385519
543 417 33.3390385519
544 417 33.3390385519
545 417 33.3390385519
546 417 33.3390385519
547 417 33.3390385519
548 417 33.3390385519
549 417 33.3390385519
550 417 33.3390385519
551 417 33.3390385519
552 417 33.3390385519
553 417 33.3390385519
554 417 33.3390385519
555 417 33.3390385519
556 417 33.3390385519
557 417 33.3390385519
558 417 33.3390385519
559 417 33.3390385519
560 417 33.3390385519
561 417 33.3390385519
562 417 33.3390385519
563 417 33.3390385519
564 417 33.3390385519
565 417 33.3390385519
566 417 33.3390385519
567 417 33.3390385519
568 417 33.3390385519
569 417 33.3390385519
570 417 33.3390385519
571 417 33.3390385519
572 417 33.3390385519
573 417 33.3390385519
574 417 33.3390385519
575 417 33.3390385519
576 417 33.3390385519
577 417 33.3390385519
578 417 33.3390385519
579 417 33.3390385519
580 417 33.3390385519
581 417 33.3390385519
582 417 33.3390385519
583 417 33.3390385519
584 417 33.3390385519
585 417 33.3390385519
586 417 33.3390385519
587 417 33.3390385519
588 417 33.3390385519
589 417 33.3390385519
590 417 33.3390385519
591 417 33.3390385519
592 417 33.3390385519
593 417 33.3390385519
594 417 33.3390385519
595 417 33.3390385519
596 417 33.3390385519
597 417 33.3390385519
598 417 33.3390385519
599 417 33.3390385519
600 417 33.3390385519
601 417 33.3390385519
602 417 33.3390385519
603 417 33.3390385519
604 417 33.3390385519
605 417 33.3390385519
606 417 33.3390385519
607 417 33.3390385519
608 417 33.3390385519
609 417 33.3390385519
610 417 33.3390385519
611 417 33.3390385519
612 417 33.3390385519
613 417 33.3390385519
614 417 33.3390385519
615 417 33.3390385519
616 418 35.1276930539
617 418 35.1276930539
618 418 35.1276930539
619 418 35.1276930539
620 418 35.1276930539
621 418 35.1276930539
622 418 35.1276930539
623 418 35.1276930539
624 418 35.1276930539
625 418 35.1276930539
626 418 35.1276930539
627 418 35.1276930539
628 418 35.1276930539
629 418 35.1276930539
630 418 35.1276930539
631 418 35.1276930539
632 418 35.1276930539
633 418 35.1276930539
634 418 35.1276930539
635 418 35.1276930539
636 418 35.1276930539
637 418 35.1276930539
638 418 35.1276930539
639 418 35.1276930539
640 418 35.1276930539
641 418 35.1276930539
642 418 35.1276930539
643 418 35.1276930539
644 418 35.1276930539
645 418 35.1276930539
646 418 35.1276930539
647 418 35.1276930539
648 418 35.1276930539
649 418 35.1276930539
650 418 35.1276930539
651 418 35.1276930539
652 418 35.1276930539
653 418 35.1276930539
654 418 35.1276930539
655 418 35.1276930539
656 418 35.1276930539
657 418 35.1276930539
658 418 35.1276930539
659 418 35.1276930539
660 418 35.1276930539
661 418 35.1276930539
662 418 35.1276930539
663 418 35.1276930539
664 418 35.1276930539
665 418 35.1276930539
666 418 35.1276930539
667 418 35.1276930539
668 418 35.1276930539
669 418 35.1276930539
670 418 35.1276930539
671 418 35.1276930539
672 418 35.1276930539
673 418 35.1276930539
674 418 35.1276930539
675 418 35.1276930539
676 418 35.1276930539
677 418 35.1276930539
678 418 35.1276930539
679 418 35.1276930539
680 418 35.1276930539
681 418 35.1276930539
682 418 35.1276930539
683 418 35.1276930539
684 418 35.1276930539
685 418 35.1276930539
686 418 35.1276930539
687 418 35.1276930539
688 418 35.1276930539
689 418 35.1276930539
690 418 35.1276930539
691 418 35.1276930539
692 418 35.1276930539
693 418 35.1276930539
694 418 35.1276930539
695 419 23.4967854268
696 419 23.4967854268
697 419 23.4967854268
698 419 23.4967854268
699 419 23.4967854268
700 419 23.4967854268
701 419 23.4967854268
702 419 23.4967854268
703 419 23.4967854268
704 419 23.4967854268
705 419 23.4967854268
706 419 23.4967854268
707 419 23.4967854268
708 419 23.4967854268
709 419 23.4967854268
710 419 23.4967854268
711 419 23.4967854268
712 419 23.4967854268
713 419 23.4967854268
714 419 23.4967854268
715 419 23.4967854268
716 419 23.4967854268
717 419 23.4967854268
718 419 23.4967854268
719 419 23.4967854268
720 419 23.4967854268
721 419 23.4967854268
722 419 23.4967854268
723 419 23.4967854268
724 419 23.4967854268
725 419 23.4967854268
726 419 23.4967854268
727 419 23.4967854268
728 419 23.4967854268
729 419 23.4967854268
730 419 23.4967854268
731 419 23.4967854268
732 419 23.4967854268
733 419 23.4967854268
734 419 23.4967854268
735 419 23.4967854268
736 419 23.4967854268
737 419 23.4967854268
738 419 23.4967854268
739 419 23.4967854268
740 419 23.4967854268
741 419 23.4967854268
742 419 23.4967854268
743 419 23.4967854268
744 419 23.4967854268
745 419 23.4967854268
746 419 23.4967854268
747 419 23.4967854268
748 419 23.4967854268
749 419 23.4967854268
750 419 23.4967854268
751 419 23.4967854268
752 419 23.4967854268
753 419 23.4967854268
754 419 23.4967854268
755 419 23.4967854268
756 419 23.4967854268
757 419 23.4967854268
758 419 23.4967854268
759 419 23.4967854268
760 419 23.4967854268
761 419 23.4967854268
762 419 23.4967854268
763 419 23.4967854268
764 419 23.4967854268
765 419 23.4967854268
766 419 23.4967854268
767 419 23.4967854268
768 419 23.4967854268
769 419 23.4967854268
770 419 23.4967854268
771 419 23.4967854268
772 419 23.4967854268
773 420 38.7472506144
774 420 38.7472506144
775 420 38.7472506144
776 420 38.7472506144
777 420 38.7472506144
778 420 38.7472506144
779 420 38.7472506144
780 420 38.7472506144
781 420 38.7472506144
782 420 38.7472506144
783 420 38.7472506144
784 420 38.7472506144
785 420 38.7472506144
786 420 38.7472506144
787 420 38.7472506144
788 420 38.7472506144
789 420 38.7472506144
790 420 38.7472506144
791 420 38.7472506144
792 420 38.7472506144
793 420 38.7472506144
794 420 38.7472506144
795 420 38.7472506144
796 420 38.7472506144
797 420 38.7472506144
798 420 38.7472506144
799 420 38.7472506144
800 420 38.7472506144
801 420 38.7472506144
802 420 38.7472506144
803 420 38.7472506144
804 420 38.7472506144
805 420 38.7472506144
806 420 38.7472506144
807 420 38.7472506144
808 420 38.7472506144
809 420 38.7472506144
810 420 38.7472506144
811 420 38.7472506144
812 420 38.7472506144
813 420 38.7472506144
814 420 38.7472506144
815 420 38.7472506144
816 420 38.7472506144
817 420 38.7472506144
818 420 38.7472506144
819 420 38.7472506144
820 420 38.7472506144
821 420 38.7472506144
822 420 38.7472506144
823 420 38.7472506144
824 420 38.7472506144
825 420 38.7472506144
826 421 34.9476184004
827 421 34.9476184004
828 421 34.9476184004
829 421 34.9476184004
830 421 34.9476184004
831 421 34.9476184004
832 421 34.9476184004
833 421 34.9476184004
834 421 34.9476184004
835 421 34.9476184004
836 421 34.9476184004
837 421 34.9476184004
838 421 34.9476184004
839 421 34.9476184004
840 421 34.9476184004
841 421 34.9476184004
842 421 34.9476184004
843 421 34.9476184004
844 421 34.9476184004
845 421 34.9476184004
846 421 34.9476184004
847 421 34.9476184004
848 421 34.9476184004
849 421 34.9476184004
850 421 34.9476184004
851 421 34.9476184004
852 421 34.9476184004
853 421 34.9476184004
854 421 34.9476184004
855 421 34.9476184004
856 421 34.9476184004
857 421 34.9476184004
858 421 34.9476184004
859 421 34.9476184004
860 421 34.9476184004
861 421 34.9476184004
862 421 34.9476184004
863 421 34.9476184004
864 421 34.9476184004
865 421 34.9476184004
866 421 34.9476184004
867 421 34.9476184004
868 421 34.9476184004
869 421 34.9476184004
870 421 34.9476184004
871 421 34.9476184004
872 421 34.9476184004
873 421 34.9476184004
874 421 34.9476184004
875 421 34.9476184004
876 421 34.9476184004
877 421 34.9476184004
878 421 34.9476184004
879 422 20.623568838
880 422 20.623568838
881 422 20.623568838
882 422 20.623568838
883 422 20.623568838
884 422 20.623568838
885 422 20.623568838
886 422 20.623568838
887 422 20.623568838
888 422 20.623568838
889 422 20.623568838
890 422 20.623568838
891 422 20.623568838
892 422 20.623568838
893 422 20.623568838
894 422 20.623568838
895 422 20.623568838
896 422 20.623568838
897 422 20.623568838
898 422 20.623568838
899 422 20.623568838
900 422 20.623568838
901 422 20.623568838
902 422 20.623568838
903 422 20.623568838
904 422 20.623568838
905 422 20.623568838
906 422 20.623568838
907 422 20.623568838
908 422 20.623568838
909 422 20.623568838
910 422 20.623568838
911 422 20.623568838
912 422 20.623568838
913 422 20.623568838
914 422 20.623568838
915 422 20.623568838
916 422 20.623568838
917 422 20.623568838
918 422 20.623568838
919 422 20.623568838
920 422 20.623568838
921 422 20.623568838
922 422 20.623568838
923 422 20.623568838
924 422 20.623568838
925 422 20.623568838
926 422 20.623568838
927 422 20.623568838
928 422 20.623568838
929 422 20.623568838
930 422 20.623568838
931 422 20.623568838
932 422 20.623568838
933 422 20.623568838
934 422 20.623568838
935 422 20.623568838
936 422 20.623568838
937 422 20.623568838
938 423 30.2982441061
939 423 30.2982441061
940 423 30.2982441061
941 423 30.2982441061
942 423 30.2982441061
943 423 30.2982441061
944 423 30.2982441061
945 423 30.2982441061
946 423 30.2982441061
947 423 30.2982441061
948 423 30.2982441061
949 423 30.2982441061
950 423 30.2982441061
951 423 30.2982441061
952 423 30.2982441061
953 423 30.2982441061
954 423 30.2982441061
955 423 30.2982441061
956 423 30.2982441061
957 423 30.2982441061
958 423 30.2982441061
959 423 30.2982441061
960 423 30.2982441061
961 423 30.2982441061
962 423 30.2982441061
963 423 30.2982441061
964 423 30.2982441061
965 423 30.2982441061
966 423 30.2982441061
967 423 30.2982441061
968 423 30.2982441061
969 423 30.2982441061
970 423 30.2982441061
971 423 30.2982441061
972 423 30.2982441061
973 423 30.2982441061
974 423 30.2982441061
975 423 30.2982441061
976 423 30.2982441061
977 423 30.2982441061
978 423 30.2982441061
979 423 30.2982441061
980 423 30.2982441061
981 423 30.2982441061
982 423 30.2982441061
983 423 30.2982441061
984 423 30.2982441061
985 423 30.2982441061
986 423 30.2982441061
987 423 30.2982441061
988 423 30.2982441061
989 423 30.2982441061
990 423 30.2982441061
991 423 30.2982441061
992 423 30.2982441061
993 423 30.2982441061
994 423 30.2982441061
995 423 30.2982441061
996 424 38.1678857533
997 424 38.1678857533
998 424 38.1678857533
999 424 38.1678857533
1000 424 38.1678857533
1001 424 38.1678857533
1002 424 38.1678857533
1003 424 38.1678857533
1004 424 38.1678857533
1005 424 38.1678857533
1006 424 38.1678857533
1007 424 38.1678857533
1008 424 38.1678857533
1009 424 38.1678857533
1010 424 38.1678857533
1011 424 38.1678857533
1012 424 38.1678857533
1013 424 38.1678857533
1014 424 38.1678857533
1015 424 38.1678857533
1016 424 38.1678857533
1017 424 38.1678857533
1018 424 38.1678857533
1019 424 38.1678857533
1020 424 38.1678857533
1021 424 38.1678857533
1022 424 38.1678857533
1023 424 38.1678857533
1024 424 38.1678857533
1025 424 38.1678857533
1026 424 38.1678857533
1027 424 38.1678857533
1028 424 38.1678857533
1029 424 38.1678857533
1030 424 38.1678857533
1031 424 38.1678857533
1032 424 38.1678857533
1033 424 38.1678857533
1034 424 38.1678857533
1035 424 38.1678857533
1036 424 38.1678857533
1037 424 38.1678857533
1038 424 38.1678857533
1039 424 38.1678857533
1040 424 38.1678857533
1041 424 38.1678857533
1042 424 38.1678857533
1043 424 38.1678857533
1044 424 38.1678857533
1045 424 38.1678857533
1046 424 38.1678857533
1047 424 38.1678857533
1048 424 38.1678857533
1049 424 38.1678857533
1050 424 38.1678857533
1051 424 38.1678857533
1052 424 38.1678857533
1053 424 38.1678857533
1054 424 38.1678857533
1055 424 38.1678857533
1056 424 38.1678857533
1057 424 38.1678857533
1058 424 38.1678857533
1059 424 38.1678857533
1060 424 38.1678857533
1061 424 38.1678857533
1062 424 38.1678857533
1063 424 38.1678857533
1064 424 38.1678857533
1065 424 38.1678857533
1066 424 38.1678857533
1067 424 38.1678857533
1068 424 38.1678857533
1069 424 38.1678857533
1070 424 38.1678857533
1071 424 38.1678857533
1072 424 38.1678857533
1073 424 38.1678857533
1074 424 38.1678857533
1075 424 38.1678857533
1076 424 38.1678857533
1077 424 38.1678857533
1078 424 38.1678857533
1079 424 38.1678857533
1080 424 38.1678857533
1081 424 38.1678857533
1082 424 38.1678857533
1083 424 38.1678857533
1084 424 38.1678857533
1085 424 38.1678857533
1086 424 38.1678857533
1087 424 38.1678857533
1088 424 38.1678857533
1089 424 38.1678857533
1090 424 38.1678857533
1091 424 38.1678857533
1092 425 52.9941571676
1093 426 53.3778560422
1094 427 54.2043901126
1095 428 54.1099909474
1096 429 55.1486045601
1097 430 55.37948408
1098 431 55.4841528944
1099 432 54.3932989993
1100 433 54.7378164905
1101 434 55.272546703
1102 435 54.7484671784
1103 436 55.9156750414
1104 437 56.6909096965
1105 438 57.652834559
1106 439 59.2358946378
1107 440 60.6122155545
1108 441 60.6530485459
1109 442 60.2875910744
1110 443 58.8131133441
1111 444 58.2658535283
1112 445 57.5602555451
1113 446 56.6307385584
1114 447 56.5200002761
1115 448 55.3975173692
1116 449 55.6261671226
1117 450 55.7792560302
1118 451 56.7225059912
1119 452 56.8662515933
1120 453 57.7953451731
1121 454 58.8021282278
1122 455 58.3114312889
1123 456 56.8799307983
1124 457 57.156344607
1125 458 57.7931954687
1126 459 56.6987960494
1127 460 55.837511899
1128 461 56.7046626942
1129 462 56.8952055599
1130 463 55.7459373476
1131 464 55.7488586582
1132 465 54.8278624371
1133 466 54.8848034459
1134 467 54.5477181898
1135 468 53.6907876016
1136 469 53.6023441471
1137 470 53.6296185105
1138 471 53.967693158
1139 472 53.9343184461
1140 473 57.5670678406
1141 473 57.5670678406
1142 473 57.5670678406
1143 473 57.5670678406
1144 473 57.5670678406
1145 473 57.5670678406
1146 473 57.5670678406
1147 473 57.5670678406
1148 473 57.5670678406
