1 0 61.9614781565
2 0 61.9614781565
3 0 61.9614781565
4 0 61.9614781565
5 0 61.9614781565
6 0 61.9614781565
7 0 61.9614781565
8 0 61.9614781565
9 0 61.9614781565
10 0 61.9614781565
11 0 61.9614781565
12 0 61.9614781565
13 0 61.9614781565
14 0 61.9614781565
15 0 61.9614781565
16 0 61.9614781565
17 0 61.9614781565
18 0 61.9614781565
19 0 61.9614781565
20 0 61.9614781565
21 0 61.9614781565
22 0 61.9614781565
23 0 61.9614781565
24 0 61.9614781565
25 0 61.9614781565
26 0 61.9614781565
27 0 61.9614781565
28 0 61.9614781565
29 0 61.9614781565
30 0 61.9614781565
31 0 61.9614781565
32 0 61.9614781565
33 0 61.9614781565
34 0 61.9614781565
35 0 61.9614781565
36 0 61.9614781565
37 0 61.9614781565
38 0 61.9614781565
39 0 61.9614781565
40 0 61.9614781565
41 0 61.9614781565
42 0 61.9614781565
43 0 61.9614781565
44 0 61.9614781565
45 1 54.036018424
46 2 54.1362790168
47 3 54.0119663906
48 4 53.3354898532
49 5 51.9551679245
50 6 51.421683666
51 7 50.3713164895
52 8 49.3481824994
53 9 48.0557284758
54 10 47.2719969996
55 11 47.2969429676
56 12 46.3275027722
57 13 46.7822613101
58 14 48.0548590017
59 15 48.9062134081
60 16 50.5747651394
61 17 51.6306267269
62 18 52.7515904257
63 19 54.4241039236
64 20 54.5318406306
65 21 54.5964851605
66 22 53.3965104696
67 23 52.6611277758
68 24 50.8380132515
69 25 49.5333272218
70 26 48.4925215878
71 27 47.2011328798
72 28 46.9547258537
73 29 46.085607039
74 30 46.620940475
75 31 46.3146783098
76 32 47.6280823751
77 33 48.1703461423
78 34 49.7301660162
79 35 50.904120625
80 36 52.3382816734
81 37 53.83611347
82 38 53.6421111127
83 39 55.621104578
84 40 56.3032744464
85 41 54.8575368434
86 42 54.8022431329
87 43 54.0815289593
88 44 51.6523099808
89 44 51.6523099808
90 44 51.6523099808
91 44 51.6523099808
92 44 51.6523099808
93 44 51.6523099808
94 44 51.6523099808
95 44 51.6523099808
96 44 51.6523099808
97 44 51.6523099808
98 44 51.6523099808
99 44 51.6523099808
100 44 51.6523099808
101 44 51.6523099808
102 44 51.6523099808
103 44 51.6523099808
104 44 51.6523099808
105 44 51.6523099808
106 44 51.6523099808
107 44 51.6523099808
108 44 51.6523099808
109 44 51.6523099808
110 44 51.6523099808
111 44 51.6523099808
112 44 51.6523099808
113 44 51.6523099808
114 44 51.6523099808
115 44 51.6523099808
116 44 51.6523099808
117 44 51.6523099808
118 44 51.6523099808
119 44 51.6523099808
120 44 51.6523099808
121 44 51.6523099808
122 44 51.6523099808
123 44 51.6523099808
124 45 52.8581272025
125 46 51.9562158907
126 47 50.4966142758
127 48 49.0553057069
128 49 47.9134559467
129 50 46.6409123701
130 51 46.1282442657
131 52 46.5831889463
132 52 46.5831889463
133 52 46.5831889463
134 52 46.5831889463
135 52 46.5831889463
136 52 46.5831889463
137 52 46.5831889463
138 52 46.5831889463
139 52 46.5831889463
140 52 46.5831889463
141 52 46.5831889463
142 52 46.5831889463
143 52 46.5831889463
144 52 46.5831889463
145 52 46.5831889463
146 52 46.5831889463
147 52 46.5831889463
148 52 46.5831889463
149 53 45.6952957743
150 54 44.9712960802
151 55 45.2675665392
152 56 45.4597940447
153 57 45.2629266438
154 58 45.6840694975
155 59 46.8524349593
156 60 47.7315000693
157 61 49.1982155452
158 62 49.6739470348
159 63 51.6083915366
160 64 52.2562216983
161 65 50.7463178611
162 66 50.2877749681
163 67 48.9256682154
164 68 47.2385182606
165 69 46.2295777109
166 70 44.9800854631
167 71 44.6622356867
168 72 44.3015125063
169 73 44.4267733434
170 74 44.1300572332
171 75 43.7190521347
172 76 43.7344616859
173 77 43.9371141984
174 78 43.2850658349
175 79 43.9565775726
176 80 44.7989219604
177 81 45.9616463346
178 82 47.4050824726
179 83 48.8795650847
180 84 50.6833669526
181 85 51.801225341
182 86 53.630547772
183 87 52.6999582374
184 88 51.2941288342
185 89 50.0065628058
186 90 51.2674749068
187 91 50.2656733948
188 92 50.5061840022
189 93 48.5931542424
190 94 47.3796512021
191 95 47.0413307038
192 96 48.0017348577
193 97 48.6271823091
194 98 46.91817662
195 99 45.5731209282
196 100 44.2615352461
197 101 43.3025979691
198 102 43.3085293566
199 103 42.6704894231
200 104 42.3572830203
201 105 42.7598534893
202 106 43.3494240835
203 107 43.7883441215
204 108 44.2270821362
205 109 44.8589574655
206 110 45.4515191347
207 111 46.1623270993
208 112 47.2000465593
209 113 47.7503114317
210 114 49.4170739424
211 115 50.1826790371
212 116 48.6883398314
213 117 47.6490716477
214 118 46.1839543578
215 119 45.2390677294
216 120 44.4585915967
217 121 43.7316473987
218 122 43.192416972
219 123 42.7582311531
220 124 42.9910235062
221 125 42.9436352351
222 126 43.4670655881
223 127 43.5229813378
224 128 44.3824088402
225 129 44.8419605549
226 130 46.0409314695
227 131 47.1453991619
228 132 47.3701849799
229 133 45.8055265536
230 134 44.5053061765
231 135 44.2914374071
232 136 43.5920783061
233 137 43.1026699702
234 138 43.2919968243
235 139 42.9832019172
236 140 43.4197599531
237 141 43.6076373736
238 142 43.796472923
239 143 43.7060069778
240 144 43.5480106575
241 145 43.7730827823
242 146 44.3261224626
243 147 44.8021373647
244 148 45.0036126757
245 149 45.9857331854
246 150 46.6850327358
247 151 47.3692637246
248 152 48.7613194338
249 153 49.3442073876
250 154 48.600492854
251 155 47.9620284392
252 156 47.2863139649
253 157 46.3618730287
254 158 45.7732669479
255 159 45.2410304495
256 160 44.5514984774
257 161 44.6473309844
258 162 44.2730276284
259 163 44.4670029566
260 164 44.5163560098
261 165 45.0246666052
262 166 44.8208860534
263 167 44.8362891192
264 168 44.5984125036
265 169 45.1052136581
266 170 44.925586771
267 171 45.5787092563
268 172 45.5396593451
269 173 45.1564712916
270 174 44.5951935509
271 175 43.6892256388
272 176 43.8843858077
273 177 45.4042992496
274 177 45.4042992496
275 177 45.4042992496
276 177 45.4042992496
277 177 45.4042992496
278 177 45.4042992496
279 177 45.4042992496
280 177 45.4042992496
281 177 45.4042992496
282 177 45.4042992496
283 177 45.4042992496
284 177 45.4042992496
285 178 45.3989433697
286 179 44.9768864874
287 180 45.2767432818
288 181 44.9329381707
289 182 45.3325262465
290 183 45.5042421909
291 184 45.6470448119
292 185 46.078940178
293 186 45.9551494519
294 187 46.1244201791
295 188 46.1145828579
296 189 46.4220599401
297 190 47.1885285548
298 191 47.5104068023
299 192 47.078985649
300 193 46.6270003104
301 194 45.6926301536
302 195 45.5334449428
303 196 45.2431780026
304 197 45.0266767065
305 198 45.1005872235
306 199 45.4104921758
307 200 45.7054756308
308 201 46.5706055433
309 202 47.2790943302
310 203 48.3549226959
311 204 49.5398126216
312 205 50.2415718236
313 206 49.4041793254
314 207 48.7832251713
315 208 47.7684786971
316 209 47.5028143879
317 210 46.5866358364
318 211 46.4881703429
319 212 45.9172112027
320 213 45.9667889904
321 214 45.7641317134
322 215 45.9211220886
323 216 46.3191586432
324 217 46.5367471954
325 218 46.5103840153
326 219 46.4986919554
327 220 46.4203229134
328 221 46.762510166
329 222 46.6357584294
330 223 47.1248624176
331 224 46.8306889024
332 225 47.2750778264
333 226 48.3131519303
334 227 54.5326933012
335 227 54.5326933012
336 227 54.5326933012
337 227 54.5326933012
338 227 54.5326933012
339 227 54.5326933012
340 227 54.5326933012
341 227 54.5326933012
342 227 54.5326933012
343 227 54.5326933012
344 227 54.5326933012
345 227 54.5326933012
346 227 54.5326933012
347 227 54.5326933012
348 227 54.5326933012
349 227 54.5326933012
350 227 54.5326933012
351 227 54.5326933012
352 227 54.5326933012
353 227 54.5326933012
354 227 54.5326933012
355 227 54.5326933012
356 228 46.4553137688
357 229 46.7718448577
358 230 46.6761369804
359 231 47.2339479297
360 232 47.055602801
361 233 46.788873844
362 234 47.062595557
363 235 47.0123960457
364 236 47.3058038721
365 237 47.1554907593
366 238 47.1483121988
367 239 46.7245957972
368 240 46.2344526053
369 241 46.357229416
370 242 46.1152584471
371 243 46.4137933209
372 244 46.9148136814
373 245 47.5589381768
374 246 48.4205937598
375 247 49.6025534827
376 248 50.546540171
377 249 51.7552360005
378 250 51.2561621883
379 251 50.2171856216
380 252 49.5927443532
381 253 49.0507739929
382 254 48.1487709792
383 255 47.9322825438
384 256 48.5841723073
385 257 48.218197548
386 258 47.516205343
387 259 47.360647773
388 260 47.0045828306
389 261 46.6787494478
390 262 47.1880314552
391 263 47.7174204474
392 264 48.0988303318
393 265 48.5100016019
394 266 48.3847769676
395 267 49.191334085
396 268 48.8048170009
397 269 48.3540471364
398 270 48.6165525079
399 271 48.9261085801
400 272 48.5918120921
401 273 47.6125089258
402 274 47.3396735823
403 275 46.5301287919
404 276 46.9122515087
405 277 47.854626531
406 278 48.6665287119
407 279 49.7910249888
408 280 51.0713441595
409 281 52.1413324757
410 282 53.9699609107
411 283 54.5365498697
412 284 52.6608171501
413 285 52.1974442991
414 286 50.8137377631
415 287 49.9204988405
416 288 48.7656583467
417 289 48.0907513449
418 290 47.9905554249
419 291 47.5173473198
420 292 48.6135538768
421 293 49.3335866479
422 294 49.7264328826
423 295 50.6801564205
424 296 51.4425739776
425 297 52.1174262823
426 298 51.4826073028
427 299 59.3479763507
428 299 59.3479763507
429 299 59.3479763507
430 299 59.3479763507
431 299 59.3479763507
432 299 59.3479763507
433 299 59.3479763507
434 299 59.3479763507
435 299 59.3479763507
436 299 59.3479763507
437 299 59.3479763507
438 299 59.3479763507
439 299 59.3479763507
440 299 59.3479763507
441 299 59.3479763507
442 299 59.3479763507
443 299 59.3479763507
444 299 59.3479763507
445 299 59.3479763507
446 299 59.3479763507
447 299 59.3479763507
448 299 59.3479763507
449 299 59.3479763507
450 299 59.3479763507
451 299 59.3479763507
452 299 59.3479763507
453 299 59.3479763507
454 299 59.3479763507
455 299 59.3479763507
456 299 59.3479763507
457 299 59.3479763507
458 299 59.3479763507
459 299 59.3479763507
460 299 59.3479763507
461 299 59.3479763507
462 299 59.3479763507
463 299 59.3479763507
464 299 59.3479763507
465 299 59.3479763507
466 299 59.3479763507
467 299 59.3479763507
468 299 59.3479763507
469 299 59.3479763507
470 299 59.3479763507
471 299 59.3479763507
472 299 59.3479763507
473 299 59.3479763507
474 299 59.3479763507
475 299 59.3479763507
476 299 59.3479763507
477 299 59.3479763507
478 299 59.3479763507
479 299 59.3479763507
480 299 59.3479763507
481 299 59.3479763507
482 299 59.3479763507
483 299 59.3479763507
484 299 59.3479763507
485 299 59.3479763507
486 299 59.3479763507
487 299 59.3479763507
488 299 59.3479763507
489 299 59.3479763507
490 299 59.3479763507
491 300 69.9070682805
492 300 69.9070682805
493 300 69.9070682805
494 300 69.9070682805
495 300 69.9070682805
496 300 69.9070682805
497 300 69.9070682805
498 300 69.9070682805
499 300 69.9070682805
500 300 69.9070682805
501 300 69.9070682805
502 300 69.9070682805
503 300 69.9070682805
504 300 69.9070682805
505 300 69.9070682805
506 300 69.9070682805
507 300 69.9070682805
508 300 69.9070682805
509 300 69.9070682805
510 300 69.9070682805
511 300 69.9070682805
512 300 69.9070682805
513 300 69.9070682805
514 300 69.9070682805
515 300 69.9070682805
516 300 69.9070682805
517 300 69.9070682805
518 300 69.9070682805
519 300 69.9070682805
520 300 69.9070682805
521 300 69.9070682805
522 300 69.9070682805
523 300 69.9070682805
524 300 69.9070682805
525 300 69.9070682805
526 300 69.9070682805
527 300 69.9070682805
528 300 69.9070682805
529 300 69.9070682805
530 300 69.9070682805
531 300 69.9070682805
532 300 69.9070682805
533 300 69.9070682805
534 300 69.9070682805
535 300 69.9070682805
536 300 69.9070682805
537 300 69.9070682805
538 300 69.9070682805
539 300 69.9070682805
540 300 69.9070682805
541 300 69.9070682805
542 300 69.9070682805
543 300 69.9070682805
544 300 69.9070682805
545 300 69.9070682805
546 300 69.9070682805
547 300 69.9070682805
548 300 69.9070682805
549 300 69.9070682805
550 300 69.9070682805
551 300 69.9070682805
552 300 69.9070682805
553 300 69.9070682805
554 300 69.9070682805
555 300 69.9070682805
556 300 69.9070682805
557 300 69.9070682805
558 300 69.9070682805
559 300 69.9070682805
560 300 69.9070682805
561 300 69.9070682805
562 300 69.9070682805
563 300 69.9070682805
564 300 69.9070682805
565 300 69.9070682805
566 300 69.9070682805
567 300 69.9070682805
568 300 69.9070682805
569 300 69.9070682805
570 300 69.9070682805
571 300 69.9070682805
572 300 69.9070682805
573 300 69.9070682805
574 300 69.9070682805
575 301 78.3298501161
576 301 78.3298501161
577 301 78.3298501161
578 301 78.3298501161
579 301 78.3298501161
580 301 78.3298501161
581 301 78.3298501161
582 301 78.3298501161
583 301 78.3298501161
584 301 78.3298501161
585 301 78.3298501161
586 301 78.3298501161
587 301 78.3298501161
588 301 78.3298501161
589 301 78.3298501161
590 301 78.3298501161
591 301 78.3298501161
592 301 78.3298501161
593 301 78.3298501161
594 301 78.3298501161
595 301 78.3298501161
596 301 78.3298501161
597 301 78.3298501161
598 301 78.3298501161
599 301 78.3298501161
600 301 78.3298501161
601 301 78.3298501161
602 301 78.3298501161
603 301 78.3298501161
604 301 78.3298501161
605 301 78.3298501161
606 301 78.3298501161
607 301 78.3298501161
608 301 78.3298501161
609 301 78.3298501161
610 301 78.3298501161
611 301 78.3298501161
612 301 78.3298501161
613 301 78.3298501161
614 301 78.3298501161
615 301 78.3298501161
616 301 78.3298501161
617 301 78.3298501161
618 301 78.3298501161
619 301 78.3298501161
620 301 78.3298501161
621 301 78.3298501161
622 301 78.3298501161
623 301 78.3298501161
624 301 78.3298501161
625 301 78.3298501161
626 301 78.3298501161
627 301 78.3298501161
628 301 78.3298501161
629 301 78.3298501161
630 301 78.3298501161
631 301 78.3298501161
632 301 78.3298501161
633 301 78.3298501161
634 301 78.3298501161
635 301 78.3298501161
636 301 78.3298501161
637 301 78.3298501161
638 301 78.3298501161
639 301 78.3298501161
640 301 78.3298501161
641 301 78.3298501161
642 301 78.3298501161
643 301 78.3298501161
644 301 78.3298501161
645 301 78.3298501161
646 301 78.3298501161
647 301 78.3298501161
648 301 78.3298501161
649 301 78.3298501161
650 301 78.3298501161
651 301 78.3298501161
652 301 78.3298501161
653 301 78.3298501161
654 301 78.3298501161
655 301 78.3298501161
656 301 78.3298501161
657 301 78.3298501161
658 301 78.3298501161
659 302 70.4031425469
660 303 72.5164800526
661 304 73.3659626369
662 305 72.7610906462
663 306 70.3862885115
664 307 70.4670002898
665 308 71.6036492354
666 309 69.8465987049
667 310 68.1115424691
668 311 69.1411252951
669 312 69.2569206068
670 313 66.8633611386
671 314 66.2643506906
672 315 67.964479052
673 316 66.7157860601
674 317 68.7388521774
675 318 67.6063886458
676 319 69.46546958
677 320 71.1374318415
678 321 69.6343796311
679 322 69.5941234566
680 323 72.0718190051
681 324 72.6494069107
682 325 71.0280569681
683 326 71.7239570174
684 327 74.1776431876
685 328 74.5660186613
686 329 74.3735355652
687 330 72.5479293029
688 331 71.6538092629
689 332 70.8216913779
690 333 69.1853762728
691 334 67.6099573844
692 335 68.5601447431
693 336 68.8645221952
694 337 66.4963745397
695 338 66.138998321
696 339 67.6209758052
697 340 66.1588407062
698 341 64.2265684021
699 342 65.1217926223
700 343 65.3323797324
701 344 63.0414292498
702 345 62.5234338919
703 346 62.645712169
704 347 60.6703594839
705 348 60.8402045638
706 349 62.9122568989
707 350 64.5866567713
708 351 64.5203395636
709 352 66.9714418049
710 353 67.2879269714
711 354 69.6930378698
712 355 69.7094452469
713 356 69.5467978809
714 357 71.0948303993
715 358 69.1119723554
716 359 68.0641201995
717 360 70.2772705839
718 361 71.1647222961
719 362 69.1616519523
720 363 69.3567220919
721 364 71.7116909995
722 365 71.3252174533
723 366 68.8746343578
724 367 68.7412823982
725 368 67.4235754338
726 369 66.3122508341
727 370 64.2905303083
728 371 65.6348004505
729 372 67.0240472669
730 373 65.133365736
731 374 64.3200922512
732 375 66.5785545038
733 376 66.6683997322
734 377 64.4774923525
735 378 65.0944746714
736 379 67.3649599007
737 380 66.1418190711
738 381 68.2204702365
739 382 66.813845623
740 383 67.1817404162
741 384 69.5512535591
742 385 69.23954899
743 386 67.1105454067
744 387 67.7536184308
745 388 69.8795631084
746 389 69.4992927593
747 390 67.2708452245
748 391 67.5909334599
749 392 65.4257283136
750 393 63.7944472206
751 394 63.1583852598
752 395 60.9059943548
753 396 61.6754273189
754 397 63.7192860618
755 398 62.4414409832
756 399 61.0118900309
757 400 62.9210362647
758 401 64.0478909704
759 402 62.1634251809
760 403 61.6982113646
761 404 63.9926251525
762 405 64.9960984276
763 406 63.1226121431
764 407 64.7044970612
765 408 66.8040307805
766 409 67.5943357373
767 410 65.5493957572
768 411 65.9025659179
769 412 68.2804831324
770 413 67.6481707926
771 414 65.7313697282
772 415 67.2592266665
773 416 68.8153449508
774 417 67.0164555957
775 418 66.3892896498
776 419 68.7352288744
777 420 68.7545155762
778 421 66.7269515556
779 422 68.0542391805
780 423 69.5229598427
781 424 67.5199059195
782 425 65.4861954713
783 426 66.6411857297
784 426 66.6411857297
785 426 66.6411857297
786 426 66.6411857297
787 426 66.6411857297
788 426 66.6411857297
789 426 66.6411857297
790 426 66.6411857297
791 426 66.6411857297
792 426 66.6411857297
793 426 66.6411857297
794 426 66.6411857297
795 426 66.6411857297
796 426 66.6411857297
797 426 66.6411857297
798 426 66.6411857297
799 426 66.6411857297
800 426 66.6411857297
801 426 66.6411857297
802 426 66.6411857297
803 426 66.6411857297
804 426 66.6411857297
805 426 66.6411857297
806 426 66.6411857297
807 426 66.6411857297
808 426 66.6411857297
809 427 66.4720845192
810 428 64.9006524647
811 429 62.4858493622
812 430 62.4866781314
813 431 64.4766211217
814 432 63.4059482685
815 433 61.5294935527
816 434 63.0857552237
817 435 64.3725216591
818 436 62.2873983967
819 437 61.9547225647
820 438 64.3517415681
821 439 64.6912025895
822 440 63.1418907911
823 441 63.8032295959
824 442 65.360200073
825 443 67.635012663
826 444 68.2791082867
827 445 68.0427994879
828 446 67.7179951678
829 447 65.5270505804
830 448 66.637438341
831 449 68.4547902367
832 450 66.9148159583
833 451 66.2018782654
834 452 64.3797239133
835 453 64.8117074153
836 454 67.7436403233
837 454 67.7436403233
838 454 67.7436403233
839 454 67.7436403233
840 454 67.7436403233
841 454 67.7436403233
842 454 67.7436403233
843 454 67.7436403233
844 454 67.7436403233
845 454 67.7436403233
846 454 67.7436403233
847 454 67.7436403233
848 454 67.7436403233
849 454 67.7436403233
850 454 67.7436403233
851 454 67.7436403233
852 454 67.7436403233
853 454 67.7436403233
854 454 67.7436403233
855 454 67.7436403233
856 454 67.7436403233
857 454 67.7436403233
858 454 67.7436403233
859 454 67.7436403233
860 454 67.7436403233
861 454 67.7436403233
862 454 67.7436403233
863 454 67.7436403233
864 454 67.7436403233
865 454 67.7436403233
866 454 67.7436403233
867 454 67.7436403233
868 454 67.7436403233
869 454 67.7436403233
870 454 67.7436403233
871 454 67.7436403233
872 454 67.7436403233
873 454 67.7436403233
874 454 67.7436403233
875 454 67.7436403233
876 454 67.7436403233
877 454 67.7436403233
878 454 67.7436403233
879 454 67.7436403233
880 454 67.7436403233
881 454 67.7436403233
882 454 67.7436403233
883 454 67.7436403233
884 454 67.7436403233
885 454 67.7436403233
886 454 67.7436403233
887 454 67.7436403233
888 454 67.7436403233
889 455 68.9347224402
890 455 68.9347224402
891 455 68.9347224402
892 455 68.9347224402
893 455 68.9347224402
894 455 68.9347224402
895 455 68.9347224402
896 455 68.9347224402
897 455 68.9347224402
898 455 68.9347224402
899 455 68.9347224402
900 455 68.9347224402
901 455 68.9347224402
902 455 68.9347224402
903 455 68.9347224402
904 455 68.9347224402
905 455 68.9347224402
906 455 68.9347224402
907 455 68.9347224402
908 455 68.9347224402
909 455 68.9347224402
910 455 68.9347224402
911 455 68.9347224402
912 455 68.9347224402
913 455 68.9347224402
914 455 68.9347224402
915 455 68.9347224402
916 455 68.9347224402
917 455 68.9347224402
918 455 68.9347224402
919 455 68.9347224402
920 455 68.9347224402
921 455 68.9347224402
922 455 68.9347224402
923 455 68.9347224402
924 455 68.9347224402
925 455 68.9347224402
926 455 68.9347224402
927 455 68.9347224402
928 455 68.9347224402
929 455 68.9347224402
930 455 68.9347224402
931 455 68.9347224402
932 455 68.9347224402
933 455 68.9347224402
934 455 68.9347224402
935 455 68.9347224402
936 455 68.9347224402
937 455 68.9347224402
938 455 68.9347224402
939 455 68.9347224402
940 455 68.9347224402
941 455 68.9347224402
942 456 84.9033590076
943 457 85.7200357312
944 458 84.2245772283
945 459 85.3807326271
946 460 85.1793158091
947 461 83.7408203058
948 462 85.2135909609
949 463 85.9345575945
950 464 87.9281419819
951 465 88.5228084228
952 466 88.8497854847
953 467 87.5080104497
954 468 86.5020427513
955 469 87.8372658954
956 470 89.4879625943
957 471 88.5351698508
958 472 88.0386808519
959 473 89.9144090871
960 474 90.6397221078
961 475 92.1422166471
962 476 91.2347210557
963 477 93.1698753687
964 478 104.216405999
965 478 104.216405999
966 478 104.216405999
967 478 104.216405999
968 478 104.216405999
969 478 104.216405999
970 478 104.216405999
971 478 104.216405999
972 478 104.216405999
973 478 104.216405999
974 478 104.216405999
975 478 104.216405999
976 478 104.216405999
977 478 104.216405999
978 478 104.216405999
979 478 104.216405999
980 478 104.216405999
981 478 104.216405999
982 478 104.216405999
983 478 104.216405999
984 478 104.216405999
985 478 104.216405999
986 478 104.216405999
987 478 104.216405999
988 478 104.216405999
989 478 104.216405999
990 478 104.216405999
991 478 104.216405999
992 478 104.216405999
993 478 104.216405999
994 478 104.216405999
995 478 104.216405999
996 478 104.216405999
997 478 104.216405999
998 478 104.216405999
999 478 104.216405999
1000 479 93.5555622778
1001 480 91.8083617463
1002 481 92.0269313601
1003 482 90.93403737
1004 483 91.4043350853
1005 484 90.8704393456
1006 485 90.4672371264
1007 486 90.5505950929
1008 487 88.2898575687
1009 488 88.7349567509
1010 489 87.6609342483
1011 490 88.6304735909
1012 491 88.5526000462
1013 492 89.3301185802
1014 493 91.2628283587
1015 494 90.7619560763
1016 495 88.857180156
1017 496 89.4321536012
1018 497 91.0639682984
1019 498 89.6425500229
1020 499 88.2711433563
1021 500 89.7400065338
1022 501 90.1141430788
1023 502 88.0892624647
1024 503 87.8972205428
1025 504 89.2899622705
1026 505 87.6590169057
1027 506 86.8513251691
1028 507 85.0334995583
1029 508 84.1382451309
1030 509 82.7814171911
1031 510 83.6868721811
1032 511 85.2828503094
1033 512 82.2918295244
1034 512 82.2918295244
1035 512 82.2918295244
1036 512 82.2918295244
1037 512 82.2918295244
1038 512 82.2918295244
