1 0 79.6238602204
2 0 79.6238602204
3 0 79.6238602204
4 0 79.6238602204
5 0 79.6238602204
6 0 79.6238602204
7 0 79.6238602204
8 0 79.6238602204
9 1 95.0060648958
10 2 95.835738774
11 3 95.2147176623
12 4 94.5778084955
13 5 95.0692008537
14 6 95.9935790116
15 7 94.3383175608
16 8 92.4951123969
17 9 92.035546349
18 10 92.5838547898
19 11 91.4111511953
20 12 91.5274967366
21 13 90.3129324002
22 14 89.7404800984
23 15 89.3079875555
24 16 87.8773586437
25 17 87.5926091637
26 18 87.4778037505
27 19 88.8041770701
28 20 89.4955893581
29 21 90.4019402193
30 22 90.6659150129
31 23 91.7918808742
32 24 91.4886279954
33 25 89.9782292264
34 26 89.2474143732
35 27 88.704311939
36 28 87.4757316598
37 29 85.8127234419
38 30 84.9247011366
39 31 84.2996037439
40 32 85.5249684531
41 33 86.6103486895
42 34 88.1744077309
43 35 87.8480056822
44 36 86.7028339976
45 37 87.6083035136
46 38 89.2275840942
47 39 89.0245190039
48 40 88.4799230444
49 41 89.998623399
50 42 90.8751146138
51 43 90.405080764
52 44 90.7432210958
53 45 91.4191912288
54 46 92.6489570923
55 47 94.3978127917
56 48 95.638160772
57 49 96.5198652418
58 50 96.1423354541
59 51 94.8723252657
60 52 94.567933424
61 53 92.8296180257
62 54 92.3834075925
63 55 90.738615212
64 56 90.7821157676
65 57 89.6447262474
66 58 90.1534212464
67 59 91.8827191198
68 60 92.8246936004
69 61 92.6622651581
70 62 92.4790094954
71 63 93.5493209896
72 64 93.0309212134
73 65 94.5047852972
74 66 93.9405979921
75 67 94.8475362827
76 68 94.1031974947
77 69 94.687685897
78 70 94.2854534101
79 71 94.2130869097
80 72 95.100647166
81 73 96.8964583199
82 74 98.1047092002
83 75 98.3371551382
84 76 96.5626706942
85 77 94.9032592759
86 78 93.1795872287
87 79 92.7333754349
88 80 91.1680878981
89 81 91.9524827206
90 82 92.4542466508
91 83 93.1535952845
92 84 92.9941783122
93 85 93.6371167353
94 86 92.8337620077
95 87 93.6872373116
96 88 94.0447835063
97 89 95.9423037106
98 90 96.7258207321
99 91 97.8799614349
100 92 97.7467154953
101 93 99.375611165
102 94 99.0313558876
103 95 97.2683268908
104 96 97.6935193545
105 97 99.0061645296
106 98 97.930280539
107 99 96.4666555882
108 100 97.4613103646
109 101 98.1159719202
110 102 96.3728274565
111 103 95.8352216386
112 104 97.2735391013
113 105 96.8303803001
114 106 95.1103888668
115 107 95.8860153512
116 108 96.9510544587
117 109 95.3549974602
118 110 96.2496433487
119 111 94.8663850324
120 112 95.8577134625
121 113 97.2839684138
122 114 96.0132833831
123 115 95.055024944
124 116 96.604809271
125 117 97.2184134159
126 118 95.501940794
127 119 95.5452995099
128 120 83.3945400123
129 120 83.3945400123
130 120 83.3945400123
131 120 83.3945400123
132 120 83.3945400123
133 120 83.3945400123
134 120 83.3945400123
135 120 83.3945400123
136 120 83.3945400123
137 120 83.3945400123
138 120 83.3945400123
139 120 83.3945400123
140 120 83.3945400123
141 120 83.3945400123
142 120 83.3945400123
143 120 83.3945400123
144 120 83.3945400123
145 120 83.3945400123
146 120 83.3945400123
147 120 83.3945400123
148 120 83.3945400123
149 120 83.3945400123
150 120 83.3945400123
151 120 83.3945400123
152 120 83.3945400123
153 120 83.3945400123
154 120 83.3945400123
155 120 83.3945400123
156 120 83.3945400123
157 120 83.3945400123
158 120 83.3945400123
159 120 83.3945400123
160 120 83.3945400123
161 120 83.3945400123
162 120 83.3945400123
163 120 83.3945400123
164 120 83.3945400123
165 120 83.3945400123
166 120 83.3945400123
167 120 83.3945400123
168 120 83.3945400123
169 120 83.3945400123
170 120 83.3945400123
171 120 83.3945400123
172 120 83.3945400123
173 120 83.3945400123
174 120 83.3945400123
175 120 83.3945400123
176 120 83.3945400123
177 120 83.3945400123
178 120 83.3945400123
179 120 83.3945400123
180 120 83.3945400123
181 120 83.3945400123
182 120 83.3945400123
183 120 83.3945400123
184 120 83.3945400123
185 120 83.3945400123
186 120 83.3945400123
187 120 83.3945400123
188 120 83.3945400123
189 120 83.3945400123
190 120 83.3945400123
191 120 83.3945400123
192 120 83.3945400123
193 121 65.2758066842
194 121 65.2758066842
195 121 65.2758066842
196 121 65.2758066842
197 121 65.2758066842
198 121 65.2758066842
199 121 65.2758066842
200 121 65.2758066842
201 121 65.2758066842
202 121 65.2758066842
203 121 65.2758066842
204 121 65.2758066842
205 121 65.2758066842
206 121 65.2758066842
207 121 65.2758066842
208 121 65.2758066842
209 121 65.2758066842
210 121 65.2758066842
211 121 65.2758066842
212 121 65.2758066842
213 121 65.2758066842
214 121 65.2758066842
215 121 65.2758066842
216 121 65.2758066842
217 121 65.2758066842
218 121 65.2758066842
219 121 65.2758066842
220 121 65.2758066842
221 121 65.2758066842
222 121 65.2758066842
223 121 65.2758066842
224 121 65.2758066842
225 121 65.2758066842
226 121 65.2758066842
227 121 65.2758066842
228 121 65.2758066842
229 121 65.2758066842
230 121 65.2758066842
231 121 65.2758066842
232 121 65.2758066842
233 121 65.2758066842
234 121 65.2758066842
235 121 65.2758066842
236 121 65.2758066842
237 121 65.2758066842
238 121 65.2758066842
239 121 65.2758066842
240 121 65.2758066842
241 121 65.2758066842
242 121 65.2758066842
243 121 65.2758066842
244 121 65.2758066842
245 121 65.2758066842
246 121 65.2758066842
247 121 65.2758066842
248 121 65.2758066842
249 121 65.2758066842
250 121 65.2758066842
251 121 65.2758066842
252 121 65.2758066842
253 121 65.2758066842
254 121 65.2758066842
255 121 65.2758066842
256 121 65.2758066842
257 122 72.0419333949
258 123 72.5903676849
259 124 71.2422563617
260 125 70.6796361743
261 126 69.2640443829
262 127 67.9694797312
263 128 67.8054631376
264 129 66.7910590974
265 130 65.4359432097
266 131 65.2290903058
267 132 64.6082533877
268 133 62.9814460937
269 134 62.8046704882
270 135 62.2848169003
271 136 60.3475952831
272 137 60.3760912519
273 138 61.4723940603
274 139 63.0636896266
275 140 63.9902130627
276 141 65.5981788488
277 142 64.5850937657
278 143 62.8995955525
279 144 64.0052452685
280 145 65.2402921062
281 146 63.546316308
282 147 63.9729083934
283 148 64.9718837375
284 149 66.9219152558
285 150 67.9483857279
286 151 68.6360494091
287 152 67.9265196329
288 153 69.8956155159
289 154 70.0252760277
290 155 67.9888118783
291 156 68.2324894512
292 157 70.0424010927
293 158 69.1220715991
294 159 67.5399963702
295 160 69.0058244335
296 161 70.0437214141
297 162 68.2403990668
298 163 67.7732564463
299 164 69.6798733722
300 165 69.3510480309
301 166 67.4713593956
302 167 66.6086735906
303 168 65.540011143
304 169 65.1154999479
305 170 65.3171062371
306 171 63.9352722608
307 172 64.8186276853
308 173 64.2712814679
309 174 65.4110487019
310 175 65.855949914
311 176 65.0599049876
312 177 64.7878703464
313 178 65.5647945097
314 179 63.8917794608
315 180 64.0616967883
316 181 62.9099522011
317 182 63.4392907383
318 183 63.9781440643
319 184 63.5954193539
320 185 65.5526156714
321 186 65.4014510706
322 187 63.8079502226
323 188 64.8857549406
324 189 66.5313104831
325 190 65.4177900461
326 191 65.2726204258
327 192 63.3824684399
328 193 53.4158835572
329 193 53.4158835572
330 193 53.4158835572
331 193 53.4158835572
332 193 53.4158835572
333 193 53.4158835572
334 193 53.4158835572
335 193 53.4158835572
336 193 53.4158835572
337 193 53.4158835572
338 193 53.4158835572
339 193 53.4158835572
340 193 53.4158835572
341 193 53.4158835572
342 193 53.4158835572
343 193 53.4158835572
344 193 53.4158835572
345 193 53.4158835572
346 193 53.4158835572
347 193 53.4158835572
348 193 53.4158835572
349 193 53.4158835572
350 193 53.4158835572
351 193 53.4158835572
352 193 53.4158835572
353 193 53.4158835572
354 193 53.4158835572
355 193 53.4158835572
356 194 45.0756984989
357 194 45.0756984989
358 194 45.0756984989
359 194 45.0756984989
360 194 45.0756984989
361 194 45.0756984989
362 194 45.0756984989
363 194 45.0756984989
364 194 45.0756984989
365 194 45.0756984989
366 194 45.0756984989
367 194 45.0756984989
368 194 45.0756984989
369 194 45.0756984989
370 194 45.0756984989
371 194 45.0756984989
372 194 45.0756984989
373 194 45.0756984989
374 194 45.0756984989
375 194 45.0756984989
376 194 45.0756984989
377 194 45.0756984989
378 194 45.0756984989
379 194 45.0756984989
380 194 45.0756984989
381 194 45.0756984989
382 194 45.0756984989
383 194 45.0756984989
384 194 45.0756984989
385 194 45.0756984989
386 194 45.0756984989
387 194 45.0756984989
388 194 45.0756984989
389 194 45.0756984989
390 194 45.0756984989
391 194 45.0756984989
392 194 45.0756984989
393 194 45.0756984989
394 194 45.0756984989
395 194 45.0756984989
396 194 45.0756984989
397 194 45.0756984989
398 194 45.0756984989
399 194 45.0756984989
400 194 45.0756984989
401 194 45.0756984989
402 194 45.0756984989
403 194 45.0756984989
404 194 45.0756984989
405 194 45.0756984989
406 194 45.0756984989
407 194 45.0756984989
408 194 45.0756984989
409 194 45.0756984989
410 194 45.0756984989
411 194 45.0756984989
412 194 45.0756984989
413 194 45.0756984989
414 194 45.0756984989
415 194 45.0756984989
416 194 45.0756984989
417 194 45.0756984989
418 194 45.0756984989
419 194 45.0756984989
420 194 45.0756984989
421 194 45.0756984989
422 194 45.0756984989
423 194 45.0756984989
424 194 45.0756984989
425 194 45.0756984989
426 194 45.0756984989
427 194 45.0756984989
428 194 45.0756984989
429 194 45.0756984989
430 194 45.0756984989
431 195 32.6866839595
432 195 32.6866839595
433 195 32.6866839595
434 195 32.6866839595
435 195 32.6866839595
436 195 32.6866839595
437 195 32.6866839595
438 195 32.6866839595
439 195 32.6866839595
440 195 32.6866839595
441 195 32.6866839595
442 195 32.6866839595
443 195 32.6866839595
444 195 32.6866839595
445 195 32.6866839595
446 195 32.6866839595
447 195 32.6866839595
448 195 32.6866839595
449 195 32.6866839595
450 195 32.6866839595
451 195 32.6866839595
452 195 32.6866839595
453 195 32.6866839595
454 195 32.6866839595
455 195 32.6866839595
456 195 32.6866839595
457 195 32.6866839595
458 195 32.6866839595
459 195 32.6866839595
460 195 32.6866839595
461 195 32.6866839595
462 195 32.6866839595
463 195 32.6866839595
464 195 32.6866839595
465 195 32.6866839595
466 195 32.6866839595
467 195 32.6866839595
468 195 32.6866839595
469 195 32.6866839595
470 195 32.6866839595
471 195 32.6866839595
472 195 32.6866839595
473 195 32.6866839595
474 195 32.6866839595
475 195 32.6866839595
476 195 32.6866839595
477 195 32.6866839595
478 195 32.6866839595
479 195 32.6866839595
480 195 32.6866839595
481 195 32.6866839595
482 195 32.6866839595
483 195 32.6866839595
484 195 32.6866839595
485 195 32.6866839595
486 195 32.6866839595
487 195 32.6866839595
488 195 32.6866839595
489 195 32.6866839595
490 195 32.6866839595
491 195 32.6866839595
492 195 32.6866839595
493 195 32.6866839595
494 196 15.3000395443
495 196 15.3000395443
496 196 15.3000395443
497 196 15.3000395443
498 196 15.3000395443
499 196 15.3000395443
500 196 15.3000395443
501 196 15.3000395443
502 196 15.3000395443
503 196 15.3000395443
504 196 15.3000395443
505 196 15.3000395443
506 196 15.3000395443
507 196 15.3000395443
508 196 15.3000395443
509 196 15.3000395443
510 196 15.3000395443
511 196 15.3000395443
512 196 15.3000395443
513 196 15.3000395443
514 196 15.3000395443
515 196 15.3000395443
516 196 15.3000395443
517 196 15.3000395443
518 196 15.3000395443
519 196 15.3000395443
520 196 15.3000395443
521 196 15.3000395443
522 196 15.3000395443
523 196 15.3000395443
524 196 15.3000395443
525 196 15.3000395443
526 196 15.3000395443
527 196 15.3000395443
528 196 15.3000395443
529 196 15.3000395443
530 196 15.3000395443
531 196 15.3000395443
532 196 15.3000395443
533 196 15.3000395443
534 196 15.3000395443
535 196 15.3000395443
536 196 15.3000395443
537 196 15.3000395443
538 196 15.3000395443
539 196 15.3000395443
540 196 15.3000395443
541 196 15.3000395443
542 196 15.3000395443
543 196 15.3000395443
544 196 15.3000395443
545 196 15.3000395443
546 196 15.3000395443
547 196 15.3000395443
548 196 15.3000395443
549 196 15.3000395443
550 196 15.3000395443
551 196 15.3000395443
552 196 15.3000395443
553 196 15.3000395443
554 196 15.3000395443
555 196 15.3000395443
556 196 15.3000395443
557 196 15.3000395443
558 196 15.3000395443
559 196 15.3000395443
560 196 15.3000395443
561 196 15.3000395443
562 196 15.3000395443
563 197 23.1475311825
564 198 21.1729738289
565 199 21.1526054075
566 200 22.4687386585
567 201 22.6544484711
568 202 20.8569084363
569 203 21.5655092591
570 204 22.1947892229
571 205 20.2075757948
572 206 18.5795266984
573 207 19.7857572168
574 208 19.8760562686
575 209 17.6010395739
576 210 17.2507291758
577 211 19.0356267764
578 212 18.2860146673
579 213 16.3963069862
580 214 17.4230676
581 215 18.7990025298
582 216 17.3338419722
583 217 16.9423224134
584 218 15.0219256165
585 219 13.8885837275
586 220 13.3009696056
587 221 11.845678729
588 222 12.2354941276
589 223 13.3470960026
590 224 12.9013326148
591 225 12.0499517816
592 226 13.1603131898
593 227 14.785323358
594 228 14.4061015165
595 229 15.4768666689
596 230 14.7534244762
597 231 13.7444161855
598 232 15.3130856213
599 233 17.4382248572
600 234 16.3950554741
601 235 16.2409488515
602 236 18.522611368
603 237 19.7658962182
604 238 18.9488009039
605 239 19.8478221075
606 240 22.2019241254
607 241 22.7007568352
608 242 25.5832966262
609 243 25.2992092635
610 244 24.6455192939
611 245 31.2231026682
612 245 31.2231026682
613 245 31.2231026682
614 245 31.2231026682
615 245 31.2231026682
