1 0 50.0875903282
2 0 50.0875903282
3 0 50.0875903282
4 0 50.0875903282
5 0 50.0875903282
6 0 50.0875903282
7 0 50.0875903282
8 0 50.0875903282
9 0 50.0875903282
10 0 50.0875903282
11 0 50.0875903282
12 0 50.0875903282
13 0 50.0875903282
14 0 50.0875903282
15 0 50.0875903282
16 0 50.0875903282
17 0 50.0875903282
18 0 50.0875903282
19 0 50.0875903282
20 0 50.0875903282
21 0 50.0875903282
22 0 50.0875903282
23 0 50.0875903282
24 0 50.0875903282
25 0 50.0875903282
26 0 50.0875903282
27 0 50.0875903282
28 0 50.0875903282
29 0 50.0875903282
30 0 50.0875903282
31 0 50.0875903282
32 0 50.0875903282
33 0 50.0875903282
34 0 50.0875903282
35 0 50.0875903282
36 0 50.0875903282
37 0 50.0875903282
38 0 50.0875903282
39 0 50.0875903282
40 0 50.0875903282
41 0 50.0875903282
42 0 50.0875903282
43 0 50.0875903282
44 0 50.0875903282
45 0 50.0875903282
46 0 50.0875903282
47 0 50.0875903282
48 0 50.0875903282
49 0 50.0875903282
50 0 50.0875903282
51 0 50.0875903282
52 0 50.0875903282
53 0 50.0875903282
54 0 50.0875903282
55 0 50.0875903282
56 0 50.0875903282
57 0 50.0875903282
58 0 50.0875903282
59 0 50.0875903282
60 0 50.0875903282
61 0 50.0875903282
62 0 50.0875903282
63 0 50.0875903282
64 1 43.0549627934
65 1 43.0549627934
66 1 43.0549627934
67 1 43.0549627934
68 1 43.0549627934
69 1 43.0549627934
70 1 43.0549627934
71 1 43.0549627934
72 1 43.0549627934
73 1 43.0549627934
74 1 43.0549627934
75 1 43.0549627934
76 1 43.0549627934
77 1 43.0549627934
78 1 43.0549627934
79 1 43.0549627934
80 1 43.0549627934
81 1 43.0549627934
82 1 43.0549627934
83 1 43.0549627934
84 1 43.0549627934
85 1 43.0549627934
86 1 43.0549627934
87 1 43.0549627934
88 1 43.0549627934
89 1 43.0549627934
90 1 43.0549627934
91 1 43.0549627934
92 1 43.0549627934
93 1 43.0549627934
94 1 43.0549627934
95 1 43.0549627934
96 1 43.0549627934
97 1 43.0549627934
98 1 43.0549627934
99 1 43.0549627934
100 1 43.0549627934
101 1 43.0549627934
102 1 43.0549627934
103 1 43.0549627934
104 1 43.0549627934
105 1 43.0549627934
106 1 43.0549627934
107 1 43.0549627934
108 1 43.0549627934
109 1 43.0549627934
110 1 43.0549627934
111 1 43.0549627934
112 1 43.0549627934
113 1 43.0549627934
114 1 43.0549627934
115 1 43.0549627934
116 1 43.0549627934
117 1 43.0549627934
118 1 43.0549627934
119 1 43.0549627934
120 1 43.0549627934
121 1 43.0549627934
122 1 43.0549627934
123 1 43.0549627934
124 1 43.0549627934
125 1 43.0549627934
126 1 43.0549627934
127 2 46.0036087898
128 3 45.4919435953
129 4 44.9502088968
130 5 45.6910863892
131 6 44.8276843584
132 7 45.5813455183
133 8 44.7402500327
134 9 45.7302075849
135 10 47.2422192013
136 11 48.035104145
137 12 49.5260535151
138 13 50.5254634845
139 14 52.1063258582
140 15 52.7314884172
141 16 51.9799507219
142 17 53.1852298507
143 18 52.2640809556
144 19 50.6094141258
145 20 49.9658629327
146 21 48.3277929453
147 22 49.1426173153
148 23 48.7865254315
149 24 47.5841583558
150 25 46.7428670562
151 26 45.2124018134
152 27 45.711399364
153 28 44.9917060986
154 29 46.3353654164
155 30 47.7351008737
156 31 49.1668956411
157 32 50.2742965515
158 33 51.8723343995
159 34 52.4369148873
160 35 53.8801357511
161 36 53.6951332258
162 37 52.2510501984
163 38 51.1836335772
164 39 49.5674148151
165 40 48.2533982383
166 41 46.9111862499
167 42 45.4134280791
168 43 45.1656913618
169 44 43.5788140366
170 45 43.2494199276
171 46 44.581746173
172 47 44.61020224
173 48 49.9103181777
174 48 49.9103181777
175 48 49.9103181777
176 48 49.9103181777
177 48 49.9103181777
178 48 49.9103181777
179 48 49.9103181777
180 48 49.9103181777
181 48 49.9103181777
182 48 49.9103181777
183 48 49.9103181777
184 48 49.9103181777
185 48 49.9103181777
186 48 49.9103181777
187 48 49.9103181777
188 48 49.9103181777
189 48 49.9103181777
190 48 49.9103181777
191 48 49.9103181777
192 48 49.9103181777
193 48 49.9103181777
194 48 49.9103181777
195 48 49.9103181777
196 48 49.9103181777
197 48 49.9103181777
198 48 49.9103181777
199 48 49.9103181777
200 48 49.9103181777
201 49 45.8252979222
202 50 47.3037649744
203 51 48.4693769732
204 52 49.8257736819
205 53 51.2698151606
206 54 52.6419551815
207 55 53.5075601023
208 56 54.8865712884
209 57 55.8142697918
210 58 56.1260995922
211 59 55.1771908725
212 60 54.2645194641
213 61 54.5681380945
214 62 53.791923682
215 63 52.3841260413
216 64 52.2494095269
217 65 51.1678710338
218 66 50.0180860425
219 67 50.6332847171
220 68 51.0163186488
221 69 49.3014713675
222 70 49.9617330025
223 71 51.0919477612
224 72 49.660175195
225 73 50.8412966982
226 74 51.1558000276
227 75 52.8414264649
228 76 53.5455889822
229 77 55.1506209767
230 78 55.770690529
231 79 57.1969841037
232 80 57.6614399187
233 81 58.013975227
234 82 57.1112728284
235 83 55.9668607217
236 84 54.6538417257
237 85 53.3844144934
238 86 52.0268068504
239 87 50.8814854639
240 88 49.4098046209
241 89 48.51040363
242 90 49.6110439811
243 91 49.8345489643
244 92 51.2939507588
245 93 51.8318942705
246 94 51.4768509911
247 95 50.2913509382
248 96 50.822454041
249 97 52.159360532
250 98 53.4653743351
251 99 53.8885925095
252 100 55.3632694224
253 101 56.2224494771
254 102 57.853504884
255 103 58.8385320613
256 104 58.7202037442
257 105 59.8629100339
258 106 61.0510707535
259 107 60.0513194271
260 108 58.4017319946
261 109 57.2264079411
262 110 56.6184490815
263 111 55.4878609897
264 112 54.8506927628
265 113 54.3042935426
266 114 53.4299825522
267 115 53.6568803753
268 116 51.8761653263
269 117 52.7337283691
270 118 52.7709003479
271 119 54.6488078941
272 120 54.5865124811
273 121 55.7062124146
274 122 55.4419500064
275 123 56.5681735428
276 124 57.0138336538
277 125 57.9516683752
278 126 58.8537673838
279 127 60.0431164626
280 128 61.3626359691
281 129 61.4985820148
282 130 60.9863906732
283 131 59.5490933478
284 132 59.3263052376
285 133 58.2987408853
286 134 57.777876108
287 135 57.1417611221
288 136 55.9172008892
289 137 56.9790050492
290 138 58.7386668867
291 139 58.9843795463
292 140 60.1854264192
293 141 60.0024895966
294 142 60.3297112755
295 143 59.2932660308
296 144 60.3905547364
297 145 61.5976663447
298 146 63.5894366717
299 147 64.36571964
300 148 63.8303496869
301 149 63.3706149192
302 150 61.8848336047
303 151 61.8136077694
304 152 63.084722816
305 153 63.5704991642
306 154 62.7905096534
307 155 63.5812509575
308 156 62.0840633626
309 157 60.3373207292
310 158 59.1570516801
311 159 57.6052752201
312 160 56.446679566
313 161 56.423702166
314 162 55.2732060264
315 163 55.4295817274
316 164 55.0734767143
317 165 53.6428169669
318 166 53.7185328524
319 167 55.7479358953
320 168 69.1081973486
321 168 69.1081973486
322 168 69.1081973486
323 168 69.1081973486
324 168 69.1081973486
325 168 69.1081973486
326 168 69.1081973486
327 168 69.1081973486
328 168 69.1081973486
329 168 69.1081973486
330 168 69.1081973486
331 168 69.1081973486
332 168 69.1081973486
333 168 69.1081973486
334 168 69.1081973486
335 168 69.1081973486
336 168 69.1081973486
337 168 69.1081973486
338 169 57.6189223737
339 170 57.6758417464
340 171 58.1046366256
341 172 57.4178976107
342 173 57.8677462608
343 174 58.3415394925
344 175 58.3664716264
345 176 59.7463981917
346 177 60.4960485093
347 178 62.1474850752
348 179 61.3714920682
349 180 61.2397444288
350 181 59.8639729232
351 182 60.5644140159
352 183 59.8616176806
353 184 60.3779106229
354 185 60.525994524
355 186 60.4450252788
356 187 62.3347935093
357 188 63.3602492555
358 189 64.1420434385
359 190 64.0574066903
360 191 62.6039391131
361 192 62.5060656276
362 193 62.5047745741
363 194 62.4223168389
364 195 61.4749024587
365 196 62.3516108712
366 197 60.777442526
367 198 61.9746803138
368 199 60.735415572
369 200 62.2231883038
370 201 60.9940347117
371 202 60.2682650188
372 203 58.7285382374
373 204 57.2179878405
374 205 56.044578148
375 206 55.9400011737
376 207 54.4478748974
377 208 54.303567285
378 209 53.0778958153
379 210 52.0595975716
380 211 51.795463083
381 212 53.7464661358
382 213 55.5569293725
383 214 55.4689776798
384 215 55.8415815186
385 216 55.5642469452
386 217 56.5993551684
387 218 56.428609293
388 219 57.8714846969
389 220 58.6347468389
390 221 59.5607373441
391 222 57.8728126107
392 223 57.6509291756
393 224 56.3603215837
394 225 57.0670984551
395 226 56.3554988823
396 227 57.6688407637
397 228 57.8105144043
398 229 58.4068051772
399 230 59.4253824428
400 231 60.4063955556
401 232 60.6723853284
402 233 60.7432335425
403 234 59.5541728609
404 235 58.4705183432
405 235 58.4705183432
406 235 58.4705183432
407 235 58.4705183432
408 235 58.4705183432
409 235 58.4705183432
410 235 58.4705183432
411 235 58.4705183432
412 235 58.4705183432
413 235 58.4705183432
414 235 58.4705183432
415 235 58.4705183432
416 235 58.4705183432
417 235 58.4705183432
418 235 58.4705183432
419 235 58.4705183432
420 235 58.4705183432
421 235 58.4705183432
422 235 58.4705183432
423 235 58.4705183432
424 235 58.4705183432
425 235 58.4705183432
426 235 58.4705183432
427 235 58.4705183432
428 235 58.4705183432
429 235 58.4705183432
430 235 58.4705183432
431 235 58.4705183432
432 235 58.4705183432
433 235 58.4705183432
434 236 57.3169758066
435 237 57.5440122878
436 238 57.2707188875
437 239 55.7145839759
438 240 56.2786378713
439 241 55.8043454015
440 242 55.7449693628
441 243 56.8629114428
442 244 56.7446007072
443 245 57.1388996075
444 246 55.7301626264
445 247 55.0495058975
446 248 54.1923285905
447 249 53.4680344254
448 250 52.3708733317
449 251 51.5343271502
450 252 49.6141960534
451 253 49.0808777285
452 254 47.2342913595
453 255 47.5598121194
454 256 49.0256213486
455 257 49.9083358778
456 258 51.8603457632
457 259 53.4435863068
458 260 55.2585561225
459 261 54.8267276301
460 262 53.1478128005
461 263 51.291859327
462 264 50.629928341
463 265 51.7774476148
464 266 50.1437542707
465 267 50.5621416006
466 268 52.3896431403
467 269 52.8561009467
468 270 54.3405994732
469 271 55.317152289
470 272 55.0366950852
471 273 53.3581269703
472 274 52.587091399
473 275 51.4564204395
474 276 51.5825784968
475 277 50.4245609192
476 278 51.2838063228
477 279 50.6802620117
478 280 51.2309998954
479 281 51.757026896
480 282 52.3551105336
481 283 53.3587899629
482 284 52.8437231483
483 285 51.9441868873
484 286 50.0849201227
485 287 49.9925826178
486 288 51.0733034904
487 289 50.3127724718
488 290 51.0549415256
489 291 50.0768402714
490 292 51.3537509555
491 293 51.3458390122
492 294 53.1223519942
493 295 53.8429039733
494 296 52.8384442583
495 297 53.4236917952
496 298 52.3988182911
497 299 51.0963200338
498 300 49.9541745348
499 301 48.8584867704
500 302 47.6869419153
501 303 47.8806125955
502 304 46.056826021
503 305 45.4276572539
504 306 45.835375005
505 307 46.0414717816
506 308 47.7660991834
507 309 48.5444623436
508 310 49.9942331632
509 311 50.9262498656
510 312 51.9026762426
511 313 52.9090463107
512 314 51.7374366291
513 315 50.3024231095
514 316 49.3455857554
515 317 48.1441499591
516 318 46.9348465767
517 319 46.3355296602
518 320 44.9674645488
519 321 45.3894124787
520 322 43.6590774594
521 323 44.1849231361
522 323 44.1849231361
523 323 44.1849231361
524 323 44.1849231361
525 323 44.1849231361
526 323 44.1849231361
527 323 44.1849231361
528 323 44.1849231361
529 323 44.1849231361
530 323 44.1849231361
531 323 44.1849231361
532 323 44.1849231361
533 323 44.1849231361
534 323 44.1849231361
535 323 44.1849231361
536 323 44.1849231361
537 323 44.1849231361
538 323 44.1849231361
539 323 44.1849231361
540 323 44.1849231361
541 323 44.1849231361
542 323 44.1849231361
543 323 44.1849231361
544 323 44.1849231361
545 323 44.1849231361
546 323 44.1849231361
547 323 44.1849231361
548 323 44.1849231361
549 323 44.1849231361
550 323 44.1849231361
551 323 44.1849231361
552 323 44.1849231361
553 323 44.1849231361
554 323 44.1849231361
555 323 44.1849231361
556 323 44.1849231361
557 323 44.1849231361
558 323 44.1849231361
559 323 44.1849231361
560 323 44.1849231361
561 323 44.1849231361
562 323 44.1849231361
563 323 44.1849231361
564 324 31.5065416893
565 324 31.5065416893
566 324 31.5065416893
567 324 31.5065416893
568 324 31.5065416893
569 324 31.5065416893
570 324 31.5065416893
571 324 31.5065416893
572 324 31.5065416893
573 324 31.5065416893
574 324 31.5065416893
575 324 31.5065416893
576 324 31.5065416893
577 324 31.5065416893
578 324 31.5065416893
579 324 31.5065416893
580 324 31.5065416893
581 324 31.5065416893
582 324 31.5065416893
583 324 31.5065416893
584 324 31.5065416893
585 324 31.5065416893
586 324 31.5065416893
587 324 31.5065416893
588 324 31.5065416893
589 324 31.5065416893
590 324 31.5065416893
591 324 31.5065416893
592 324 31.5065416893
593 324 31.5065416893
594 324 31.5065416893
595 324 31.5065416893
596 324 31.5065416893
597 324 31.5065416893
598 324 31.5065416893
599 324 31.5065416893
600 324 31.5065416893
601 324 31.5065416893
602 324 31.5065416893
603 324 31.5065416893
604 324 31.5065416893
605 324 31.5065416893
606 324 31.5065416893
607 324 31.5065416893
608 324 31.5065416893
609 324 31.5065416893
610 324 31.5065416893
611 324 31.5065416893
612 324 31.5065416893
613 324 31.5065416893
614 324 31.5065416893
615 324 31.5065416893
616 324 31.5065416893
617 324 31.5065416893
618 324 31.5065416893
619 324 31.5065416893
620 324 31.5065416893
621 324 31.5065416893
622 324 31.5065416893
623 324 31.5065416893
624 324 31.5065416893
625 324 31.5065416893
626 324 31.5065416893
627 324 31.5065416893
628 324 31.5065416893
629 324 31.5065416893
630 324 31.5065416893
631 324 31.5065416893
632 324 31.5065416893
633 324 31.5065416893
634 324 31.5065416893
635 324 31.5065416893
636 324 31.5065416893
637 324 31.5065416893
638 324 31.5065416893
639 324 31.5065416893
640 324 31.5065416893
641 324 31.5065416893
642 324 31.5065416893
643 324 31.5065416893
644 324 31.5065416893
645 324 31.5065416893
646 324 31.5065416893
647 324 31.5065416893
648 324 31.5065416893
649 324 31.5065416893
650 324 31.5065416893
651 324 31.5065416893
652 324 31.5065416893
653 324 31.5065416893
654 324 31.5065416893
655 324 31.5065416893
656 324 31.5065416893
657 324 31.5065416893
658 324 31.5065416893
659 324 31.5065416893
660 324 31.5065416893
661 324 31.5065416893
662 324 31.5065416893
663 325 42.4908168711
664 325 42.4908168711
665 325 42.4908168711
666 325 42.4908168711
667 325 42.4908168711
668 325 42.4908168711
669 325 42.4908168711
670 325 42.4908168711
671 325 42.4908168711
672 325 42.4908168711
673 325 42.4908168711
674 325 42.4908168711
675 325 42.4908168711
676 325 42.4908168711
677 325 42.4908168711
678 325 42.4908168711
679 325 42.4908168711
680 325 42.4908168711
681 325 42.4908168711
682 325 42.4908168711
683 325 42.4908168711
684 325 42.4908168711
685 325 42.4908168711
686 325 42.4908168711
687 325 42.4908168711
688 325 42.4908168711
689 325 42.4908168711
690 325 42.4908168711
691 325 42.4908168711
692 325 42.4908168711
693 325 42.4908168711
694 325 42.4908168711
695 325 42.4908168711
696 325 42.4908168711
697 325 42.4908168711
698 325 42.4908168711
699 325 42.4908168711
700 325 42.4908168711
701 325 42.4908168711
702 325 42.4908168711
703 325 42.4908168711
704 325 42.4908168711
705 325 42.4908168711
706 325 42.4908168711
707 325 42.4908168711
708 325 42.4908168711
709 325 42.4908168711
710 325 42.4908168711
711 325 42.4908168711
712 325 42.4908168711
713 325 42.4908168711
714 325 42.4908168711
715 325 42.4908168711
716 325 42.4908168711
717 325 42.4908168711
718 325 42.4908168711
719 325 42.4908168711
720 325 42.4908168711
721 325 42.4908168711
722 325 42.4908168711
723 325 42.4908168711
724 325 42.4908168711
725 325 42.4908168711
726 325 42.4908168711
727 325 42.4908168711
728 325 42.4908168711
729 325 42.4908168711
730 325 42.4908168711
731 325 42.4908168711
732 325 42.4908168711
733 325 42.4908168711
734 325 42.4908168711
735 325 42.4908168711
736 325 42.4908168711
737 325 42.4908168711
738 325 42.4908168711
739 325 42.4908168711
740 325 42.4908168711
741 325 42.4908168711
742 325 42.4908168711
743 325 42.4908168711
744 325 42.4908168711
745 325 42.4908168711
746 325 42.4908168711
747 325 42.4908168711
748 325 42.4908168711
749 325 42.4908168711
750 325 42.4908168711
751 325 42.4908168711
752 325 42.4908168711
753 325 42.4908168711
754 325 42.4908168711
755 325 42.4908168711
756 325 42.4908168711
757 325 42.4908168711
758 325 42.4908168711
759 325 42.4908168711
760 325 42.4908168711
761 325 42.4908168711
762 326 59.3188737495
763 326 59.3188737495
764 326 59.3188737495
765 326 59.3188737495
766 326 59.3188737495
767 326 59.3188737495
768 326 59.3188737495
769 326 59.3188737495
770 326 59.3188737495
771 326 59.3188737495
772 326 59.3188737495
773 326 59.3188737495
774 326 59.3188737495
775 326 59.3188737495
776 326 59.3188737495
777 326 59.3188737495
778 326 59.3188737495
779 326 59.3188737495
780 326 59.3188737495
781 326 59.3188737495
782 326 59.3188737495
783 326 59.3188737495
784 326 59.3188737495
785 326 59.3188737495
786 326 59.3188737495
787 326 59.3188737495
788 326 59.3188737495
789 326 59.3188737495
790 326 59.3188737495
791 326 59.3188737495
792 326 59.3188737495
793 326 59.3188737495
794 326 59.3188737495
795 326 59.3188737495
796 326 59.3188737495
797 326 59.3188737495
798 326 59.3188737495
799 326 59.3188737495
800 326 59.3188737495
801 326 59.3188737495
802 326 59.3188737495
803 326 59.3188737495
804 326 59.3188737495
805 326 59.3188737495
806 326 59.3188737495
807 326 59.3188737495
808 326 59.3188737495
809 326 59.3188737495
810 326 59.3188737495
811 326 59.3188737495
812 326 59.3188737495
813 326 59.3188737495
814 326 59.3188737495
815 326 59.3188737495
816 326 59.3188737495
817 326 59.3188737495
818 326 59.3188737495
819 326 59.3188737495
820 326 59.3188737495
821 326 59.3188737495
822 326 59.3188737495
823 326 59.3188737495
824 326 59.3188737495
825 326 59.3188737495
826 326 59.3188737495
827 326 59.3188737495
828 326 59.3188737495
829 326 59.3188737495
830 326 59.3188737495
831 326 59.3188737495
832 326 59.3188737495
833 326 59.3188737495
834 326 59.3188737495
835 326 59.3188737495
836 326 59.3188737495
837 326 59.3188737495
838 326 59.3188737495
839 326 59.3188737495
840 326 59.3188737495
841 326 59.3188737495
842 326 59.3188737495
843 326 59.3188737495
844 326 59.3188737495
845 326 59.3188737495
846 326 59.3188737495
847 326 59.3188737495
848 326 59.3188737495
849 326 59.3188737495
850 326 59.3188737495
851 326 59.3188737495
852 326 59.3188737495
853 326 59.3188737495
854 326 59.3188737495
855 326 59.3188737495
856 326 59.3188737495
857 326 59.3188737495
858 326 59.3188737495
859 326 59.3188737495
860 326 59.3188737495
861 327 74.7288199517
862 327 74.7288199517
863 327 74.7288199517
864 327 74.7288199517
865 327 74.7288199517
866 327 74.7288199517
867 327 74.7288199517
868 327 74.7288199517
869 327 74.7288199517
870 327 74.7288199517
871 327 74.7288199517
872 327 74.7288199517
873 327 74.7288199517
874 327 74.7288199517
875 327 74.7288199517
876 327 74.7288199517
877 327 74.7288199517
878 327 74.7288199517
879 327 74.7288199517
880 327 74.7288199517
881 327 74.7288199517
882 327 74.7288199517
883 327 74.7288199517
884 327 74.7288199517
885 327 74.7288199517
886 327 74.7288199517
887 327 74.7288199517
888 327 74.7288199517
889 327 74.7288199517
890 327 74.7288199517
891 327 74.7288199517
892 327 74.7288199517
893 327 74.7288199517
894 327 74.7288199517
895 327 74.7288199517
896 327 74.7288199517
897 327 74.7288199517
898 327 74.7288199517
899 327 74.7288199517
900 327 74.7288199517
901 327 74.7288199517
902 327 74.7288199517
903 327 74.7288199517
904 327 74.7288199517
905 327 74.7288199517
906 327 74.7288199517
907 327 74.7288199517
908 327 74.7288199517
909 327 74.7288199517
910 327 74.7288199517
911 327 74.7288199517
912 327 74.7288199517
913 327 74.7288199517
914 327 74.7288199517
915 327 74.7288199517
916 327 74.7288199517
917 327 74.7288199517
918 327 74.7288199517
919 327 74.7288199517
920 327 74.7288199517
921 327 74.7288199517
922 327 74.7288199517
923 327 74.7288199517
924 327 74.7288199517
925 327 74.7288199517
926 327 74.7288199517
927 327 74.7288199517
928 327 74.7288199517
929 327 74.7288199517
930 327 74.7288199517
931 327 74.7288199517
932 327 74.7288199517
933 327 74.7288199517
934 327 74.7288199517
935 327 74.7288199517
936 327 74.7288199517
937 327 74.7288199517
938 327 74.7288199517
939 327 74.7288199517
940 327 74.7288199517
941 327 74.7288199517
942 327 74.7288199517
943 327 74.7288199517
944 327 74.7288199517
945 327 74.7288199517
946 327 74.7288199517
947 327 74.7288199517
948 327 74.7288199517
949 327 74.7288199517
950 327 74.7288199517
951 327 74.7288199517
952 327 74.7288199517
953 327 74.7288199517
954 327 74.7288199517
955 327 74.7288199517
956 327 74.7288199517
957 327 74.7288199517
958 327 74.7288199517
959 327 74.7288199517
960 328 77.0543009704
961 328 77.0543009704
962 328 77.0543009704
963 328 77.0543009704
964 328 77.0543009704
965 328 77.0543009704
966 328 77.0543009704
967 328 77.0543009704
968 328 77.0543009704
969 328 77.0543009704
970 328 77.0543009704
971 328 77.0543009704
972 328 77.0543009704
973 328 77.0543009704
974 328 77.0543009704
975 328 77.0543009704
976 328 77.0543009704
977 328 77.0543009704
978 328 77.0543009704
979 328 77.0543009704
980 328 77.0543009704
981 328 77.0543009704
982 328 77.0543009704
983 328 77.0543009704
984 328 77.0543009704
985 328 77.0543009704
986 328 77.0543009704
987 328 77.0543009704
988 328 77.0543009704
989 328 77.0543009704
990 328 77.0543009704
991 328 77.0543009704
992 328 77.0543009704
993 328 77.0543009704
994 328 77.0543009704
995 328 77.0543009704
996 328 77.0543009704
997 328 77.0543009704
998 328 77.0543009704
999 328 77.0543009704
1000 328 77.0543009704
1001 328 77.0543009704
1002 328 77.0543009704
1003 328 77.0543009704
1004 328 77.0543009704
1005 328 77.0543009704
1006 328 77.0543009704
1007 328 77.0543009704
1008 328 77.0543009704
1009 328 77.0543009704
1010 328 77.0543009704
1011 328 77.0543009704
1012 328 77.0543009704
1013 328 77.0543009704
1014 328 77.0543009704
1015 328 77.0543009704
1016 328 77.0543009704
1017 328 77.0543009704
1018 328 77.0543009704
1019 328 77.0543009704
1020 328 77.0543009704
1021 328 77.0543009704
1022 328 77.0543009704
1023 328 77.0543009704
1024 328 77.0543009704
1025 328 77.0543009704
1026 328 77.0543009704
1027 328 77.0543009704
1028 328 77.0543009704
1029 328 77.0543009704
1030 328 77.0543009704
1031 328 77.0543009704
1032 328 77.0543009704
1033 328 77.0543009704
1034 328 77.0543009704
1035 328 77.0543009704
1036 328 77.0543009704
1037 328 77.0543009704
1038 328 77.0543009704
1039 328 77.0543009704
1040 328 77.0543009704
1041 328 77.0543009704
1042 328 77.0543009704
1043 328 77.0543009704
1044 328 77.0543009704
1045 328 77.0543009704
1046 328 77.0543009704
1047 328 77.0543009704
1048 328 77.0543009704
1049 328 77.0543009704
1050 328 77.0543009704
1051 328 77.0543009704
1052 328 77.0543009704
1053 328 77.0543009704
1054 328 77.0543009704
1055 328 77.0543009704
1056 328 77.0543009704
1057 328 77.0543009704
1058 328 77.0543009704
1059 329 88.0223889349
1060 329 88.0223889349
1061 329 88.0223889349
1062 329 88.0223889349
1063 329 88.0223889349
1064 329 88.0223889349
1065 329 88.0223889349
1066 329 88.0223889349
1067 329 88.0223889349
1068 329 88.0223889349
1069 329 88.0223889349
1070 329 88.0223889349
1071 329 88.0223889349
1072 329 88.0223889349
1073 329 88.0223889349
1074 329 88.0223889349
1075 329 88.0223889349
1076 329 88.0223889349
1077 329 88.0223889349
1078 329 88.0223889349
1079 329 88.0223889349
1080 329 88.0223889349
1081 329 88.0223889349
1082 329 88.0223889349
1083 329 88.0223889349
1084 329 88.0223889349
1085 329 88.0223889349
1086 329 88.0223889349
1087 329 88.0223889349
1088 329 88.0223889349
1089 329 88.0223889349
1090 329 88.0223889349
1091 329 88.0223889349
1092 329 88.0223889349
1093 329 88.0223889349
1094 329 88.0223889349
1095 329 88.0223889349
1096 329 88.0223889349
1097 329 88.0223889349
1098 329 88.0223889349
1099 329 88.0223889349
1100 329 88.0223889349
1101 329 88.0223889349
1102 329 88.0223889349
1103 329 88.0223889349
1104 329 88.0223889349
1105 329 88.0223889349
1106 329 88.0223889349
1107 329 88.0223889349
1108 329 88.0223889349
1109 329 88.0223889349
1110 329 88.0223889349
1111 329 88.0223889349
1112 329 88.0223889349
1113 329 88.0223889349
1114 329 88.0223889349
1115 329 88.0223889349
1116 329 88.0223889349
1117 329 88.0223889349
1118 329 88.0223889349
1119 329 88.0223889349
1120 329 88.0223889349
1121 329 88.0223889349
1122 329 88.0223889349
1123 329 88.0223889349
1124 329 88.0223889349
1125 329 88.0223889349
1126 329 88.0223889349
1127 329 88.0223889349
1128 329 88.0223889349
1129 329 88.0223889349
1130 329 88.0223889349
1131 329 88.0223889349
1132 329 88.0223889349
1133 329 88.0223889349
1134 329 88.0223889349
1135 329 88.0223889349
1136 329 88.0223889349
1137 329 88.0223889349
1138 329 88.0223889349
1139 329 88.0223889349
1140 329 88.0223889349
1141 329 88.0223889349
1142 329 88.0223889349
1143 329 88.0223889349
1144 329 88.0223889349
1145 329 88.0223889349
1146 329 88.0223889349
1147 329 88.0223889349
1148 329 88.0223889349
1149 329 88.0223889349
1150 329 88.0223889349
1151 329 88.0223889349
1152 329 88.0223889349
1153 329 88.0223889349
1154 329 88.0223889349
1155 329 88.0223889349
1156 330 69.8507171408
1157 330 69.8507171408
1158 330 69.8507171408
1159 330 69.8507171408
1160 330 69.8507171408
1161 330 69.8507171408
1162 330 69.8507171408
1163 330 69.8507171408
1164 330 69.8507171408
1165 330 69.8507171408
1166 330 69.8507171408
1167 330 69.8507171408
1168 330 69.8507171408
1169 330 69.8507171408
1170 330 69.8507171408
1171 330 69.8507171408
1172 330 69.8507171408
1173 330 69.8507171408
1174 330 69.8507171408
1175 330 69.8507171408
1176 330 69.8507171408
1177 330 69.8507171408
1178 330 69.8507171408
1179 330 69.8507171408
1180 330 69.8507171408
1181 330 69.8507171408
1182 330 69.8507171408
1183 330 69.8507171408
1184 330 69.8507171408
1185 330 69.8507171408
1186 330 69.8507171408
1187 330 69.8507171408
1188 330 69.8507171408
1189 330 69.8507171408
1190 330 69.8507171408
1191 330 69.8507171408
1192 330 69.8507171408
1193 330 69.8507171408
1194 330 69.8507171408
1195 330 69.8507171408
1196 330 69.8507171408
1197 330 69.8507171408
1198 330 69.8507171408
1199 330 69.8507171408
1200 330 69.8507171408
1201 330 69.8507171408
1202 330 69.8507171408
1203 330 69.8507171408
1204 330 69.8507171408
1205 330 69.8507171408
1206 330 69.8507171408
1207 330 69.8507171408
1208 330 69.8507171408
1209 330 69.8507171408
1210 330 69.8507171408
1211 330 69.8507171408
1212 330 69.8507171408
1213 330 69.8507171408
1214 330 69.8507171408
1215 330 69.8507171408
1216 330 69.8507171408
1217 330 69.8507171408
1218 331 52.2758072394
1219 331 52.2758072394
1220 331 52.2758072394
1221 331 52.2758072394
1222 331 52.2758072394
1223 331 52.2758072394
1224 331 52.2758072394
1225 331 52.2758072394
1226 331 52.2758072394
1227 331 52.2758072394
1228 331 52.2758072394
1229 331 52.2758072394
1230 331 52.2758072394
1231 331 52.2758072394
1232 331 52.2758072394
1233 331 52.2758072394
1234 331 52.2758072394
1235 331 52.2758072394
1236 331 52.2758072394
1237 331 52.2758072394
1238 331 52.2758072394
1239 331 52.2758072394
1240 331 52.2758072394
1241 331 52.2758072394
1242 331 52.2758072394
1243 331 52.2758072394
1244 331 52.2758072394
1245 331 52.2758072394
1246 331 52.2758072394
1247 331 52.2758072394
1248 331 52.2758072394
1249 331 52.2758072394
1250 331 52.2758072394
1251 331 52.2758072394
1252 331 52.2758072394
1253 331 52.2758072394
1254 331 52.2758072394
1255 331 52.2758072394
1256 331 52.2758072394
1257 331 52.2758072394
1258 331 52.2758072394
1259 331 52.2758072394
1260 331 52.2758072394
1261 331 52.2758072394
1262 331 52.2758072394
1263 331 52.2758072394
1264 331 52.2758072394
1265 331 52.2758072394
1266 331 52.2758072394
1267 331 52.2758072394
1268 331 52.2758072394
1269 331 52.2758072394
1270 331 52.2758072394
1271 331 52.2758072394
1272 331 52.2758072394
1273 331 52.2758072394
1274 331 52.2758072394
1275 331 52.2758072394
1276 331 52.2758072394
1277 331 52.2758072394
1278 331 52.2758072394
1279 331 52.2758072394
1280 332 51.9358960784
1281 333 53.2323970493
1282 334 53.9404296802
1283 335 55.5263679757
1284 336 55.3794322039
1285 337 56.9855288411
1286 338 56.8963392425
1287 339 55.1422426075
1288 340 55.180218533
1289 341 54.6333617904
1290 342 55.7510890983
1291 343 56.4277553969
1292 344 57.9976272211
1293 345 58.0528637996
1294 346 58.0175709935
1295 347 60.0268016107
1296 348 60.5280498399
1297 349 59.3014930309
1298 350 60.3752318107
1299 351 62.3809415278
1300 352 61.3855668248
1301 353 62.4125627313
1302 354 61.1651194966
1303 355 60.8347456676
1304 356 60.2736057271
1305 357 58.4016740546
1306 358 58.74686182
1307 359 57.3918315326
1308 360 57.549974562
1309 361 57.0563344174
1310 362 55.765569475
1311 363 55.0171613371
1312 364 55.2012762589
1313 365 55.9918959205
1314 366 57.1164594989
1315 367 58.5535086195
1316 368 60.471283455
1317 369 61.294637668
1318 370 59.8013956701
1319 371 59.803712555
1320 372 61.942197543
1321 373 61.8853033108
1322 374 60.3034788115
1323 375 61.332465749
1324 376 63.2144508287
1325 377 62.3867144344
1326 378 62.3463457719
1327 379 60.4307943502
1328 380 59.5117201765
1329 381 60.3362520599
1330 382 58.6219384683
1331 383 57.1346934128
1332 384 56.4655161362
1333 385 55.1536637055
1334 386 54.0622773291
1335 387 55.0977223038
1336 388 56.290741252
1337 389 56.9196995928
1338 390 58.608907145
1339 391 58.7798458473
1340 392 59.6946657163
1341 393 60.3367977373
