1 0 49.6731524534
2 1 47.6355828588
3 2 46.7208727214
4 3 47.4036685599
5 4 46.2439800363
6 5 44.5322071163
7 6 44.9508956616
8 7 47.045709027
9 8 47.9366628588
10 9 50.1527057248
11 10 49.7072228726
12 11 49.1998261499
13 12 47.7429457085
14 13 47.4067930205
15 14 46.9437340062
16 15 46.3890598366
17 16 47.092456951
18 17 46.1542508791
19 18 47.6224418552
20 19 47.7290897906
21 20 49.2790757628
22 21 49.3316670009
23 22 49.0104331443
24 23 46.952975591
25 24 45.9951231141
26 25 43.9390916311
27 26 43.5275834424
28 27 44.6326375398
29 28 44.4499591379
30 29 43.8035931658
31 30 42.1558319292
32 31 36.5696544097
33 31 36.5696544097
34 31 36.5696544097
35 31 36.5696544097
36 31 36.5696544097
37 31 36.5696544097
38 31 36.5696544097
39 31 36.5696544097
40 31 36.5696544097
41 31 36.5696544097
42 31 36.5696544097
43 31 36.5696544097
44 31 36.5696544097
45 31 36.5696544097
46 31 36.5696544097
47 31 36.5696544097
48 31 36.5696544097
49 31 36.5696544097
50 31 36.5696544097
51 31 36.5696544097
52 31 36.5696544097
53 31 36.5696544097
54 31 36.5696544097
55 31 36.5696544097
56 31 36.5696544097
57 31 36.5696544097
58 31 36.5696544097
59 31 36.5696544097
60 31 36.5696544097
61 31 36.5696544097
62 31 36.5696544097
63 31 36.5696544097
64 31 36.5696544097
65 31 36.5696544097
66 31 36.5696544097
67 31 36.5696544097
68 31 36.5696544097
69 31 36.5696544097
70 31 36.5696544097
71 31 36.5696544097
72 31 36.5696544097
73 31 36.5696544097
74 31 36.5696544097
75 31 36.5696544097
76 31 36.5696544097
77 31 36.5696544097
78 31 36.5696544097
79 31 36.5696544097
80 31 36.5696544097
81 31 36.5696544097
82 31 36.5696544097
83 31 36.5696544097
84 31 36.5696544097
85 31 36.5696544097
86 31 36.5696544097
87 31 36.5696544097
88 31 36.5696544097
89 31 36.5696544097
90 31 36.5696544097
91 31 36.5696544097
92 31 36.5696544097
93 31 36.5696544097
94 31 36.5696544097
95 31 36.5696544097
96 31 36.5696544097
97 31 36.5696544097
98 31 36.5696544097
99 31 36.5696544097
100 31 36.5696544097
101 31 36.5696544097
102 31 36.5696544097
103 31 36.5696544097
104 31 36.5696544097
105 31 36.5696544097
106 31 36.5696544097
107 31 36.5696544097
108 31 36.5696544097
109 31 36.5696544097
110 31 36.5696544097
111 31 36.5696544097
112 31 36.5696544097
113 31 36.5696544097
114 31 36.5696544097
115 31 36.5696544097
116 31 36.5696544097
117 31 36.5696544097
118 31 36.5696544097
119 31 36.5696544097
120 31 36.5696544097
121 31 36.5696544097
122 31 36.5696544097
123 31 36.5696544097
124 31 36.5696544097
125 31 36.5696544097
126 31 36.5696544097
127 31 36.5696544097
128 31 36.5696544097
129 32 21.2424876652
130 32 21.2424876652
131 32 21.2424876652
132 32 21.2424876652
133 32 21.2424876652
134 32 21.2424876652
135 32 21.2424876652
136 32 21.2424876652
137 32 21.2424876652
138 32 21.2424876652
139 32 21.2424876652
140 32 21.2424876652
141 32 21.2424876652
142 32 21.2424876652
143 32 21.2424876652
144 32 21.2424876652
145 32 21.2424876652
146 32 21.2424876652
147 32 21.2424876652
148 32 21.2424876652
149 32 21.2424876652
150 32 21.2424876652
151 32 21.2424876652
152 32 21.2424876652
153 32 21.2424876652
154 32 21.2424876652
155 32 21.2424876652
156 32 21.2424876652
157 32 21.2424876652
158 32 21.2424876652
159 32 21.2424876652
160 32 21.2424876652
161 32 21.2424876652
162 32 21.2424876652
163 32 21.2424876652
164 32 21.2424876652
165 32 21.2424876652
166 32 21.2424876652
167 32 21.2424876652
168 32 21.2424876652
169 32 21.2424876652
170 32 21.2424876652
171 32 21.2424876652
172 32 21.2424876652
173 32 21.2424876652
174 32 21.2424876652
175 32 21.2424876652
176 32 21.2424876652
177 32 21.2424876652
178 32 21.2424876652
179 32 21.2424876652
180 32 21.2424876652
181 32 21.2424876652
182 32 21.2424876652
183 32 21.2424876652
184 32 21.2424876652
185 32 21.2424876652
186 32 21.2424876652
187 32 21.2424876652
188 32 21.2424876652
189 32 21.2424876652
190 32 21.2424876652
191 32 21.2424876652
192 32 21.2424876652
193 32 21.2424876652
194 32 21.2424876652
195 32 21.2424876652
196 32 21.2424876652
197 32 21.2424876652
198 32 21.2424876652
199 32 21.2424876652
200 32 21.2424876652
201 32 21.2424876652
202 32 21.2424876652
203 32 21.2424876652
204 32 21.2424876652
205 32 21.2424876652
206 32 21.2424876652
207 32 21.2424876652
208 32 21.2424876652
209 32 21.2424876652
210 32 21.2424876652
211 32 21.2424876652
212 32 21.2424876652
213 32 21.2424876652
214 32 21.2424876652
215 32 21.2424876652
216 32 21.2424876652
217 32 21.2424876652
218 32 21.2424876652
219 32 21.2424876652
220 32 21.2424876652
221 32 21.2424876652
222 32 21.2424876652
223 32 21.2424876652
224 32 21.2424876652
225 32 21.2424876652
226 33 46.7803881124
227 33 46.7803881124
228 33 46.7803881124
229 33 46.7803881124
230 33 46.7803881124
231 33 46.7803881124
232 33 46.7803881124
233 33 46.7803881124
234 33 46.7803881124
235 33 46.7803881124
236 33 46.7803881124
237 33 46.7803881124
238 33 46.7803881124
239 33 46.7803881124
240 33 46.7803881124
241 33 46.7803881124
242 33 46.7803881124
243 33 46.7803881124
244 33 46.7803881124
245 33 46.7803881124
246 33 46.7803881124
247 33 46.7803881124
248 33 46.7803881124
249 33 46.7803881124
250 33 46.7803881124
251 33 46.7803881124
252 33 46.7803881124
253 33 46.7803881124
254 33 46.7803881124
255 33 46.7803881124
256 33 46.7803881124
257 33 46.7803881124
258 33 46.7803881124
259 33 46.7803881124
260 33 46.7803881124
261 33 46.7803881124
262 33 46.7803881124
263 33 46.7803881124
264 33 46.7803881124
265 33 46.7803881124
266 33 46.7803881124
267 33 46.7803881124
268 33 46.7803881124
269 33 46.7803881124
270 33 46.7803881124
271 33 46.7803881124
272 33 46.7803881124
273 33 46.7803881124
274 33 46.7803881124
275 33 46.7803881124
276 33 46.7803881124
277 33 46.7803881124
278 33 46.7803881124
279 33 46.7803881124
280 33 46.7803881124
281 33 46.7803881124
282 33 46.7803881124
283 33 46.7803881124
284 33 46.7803881124
285 33 46.7803881124
286 33 46.7803881124
287 33 46.7803881124
288 33 46.7803881124
289 33 46.7803881124
290 33 46.7803881124
291 33 46.7803881124
292 33 46.7803881124
293 33 46.7803881124
294 33 46.7803881124
295 33 46.7803881124
296 33 46.7803881124
297 33 46.7803881124
298 33 46.7803881124
299 33 46.7803881124
300 33 46.7803881124
301 33 46.7803881124
302 33 46.7803881124
303 33 46.7803881124
304 33 46.7803881124
305 33 46.7803881124
306 33 46.7803881124
307 33 46.7803881124
308 33 46.7803881124
309 33 46.7803881124
310 33 46.7803881124
311 33 46.7803881124
312 33 46.7803881124
313 33 46.7803881124
314 33 46.7803881124
315 33 46.7803881124
316 33 46.7803881124
317 33 46.7803881124
318 33 46.7803881124
319 33 46.7803881124
320 33 46.7803881124
321 33 46.7803881124
322 34 27.8753495243
323 35 25.861440503
324 36 25.6185621474
325 37 27.4980571504
326 38 26.3183229977
327 39 24.5775960475
328 40 23.4943239035
329 41 23.8462981893
330 42 22.6214581692
331 43 22.9101825791
332 44 22.6783638274
333 45 23.1470528149
334 46 24.2416924592
335 47 22.9307499197
336 48 22.8438756746
337 49 20.7054280227
338 50 20.3137666374
339 51 19.1256894884
340 52 19.0359187986
341 53 20.3781394561
342 54 20.5514070436
343 55 21.8169395364
344 56 21.3758470771
345 57 19.6566167797
346 58 18.8687330249
347 59 20.7058778626
348 60 20.9756176223
349 61 20.5321601488
350 62 18.8496205308
351 63 18.3835879659
352 64 12.2062591929
353 64 12.2062591929
354 64 12.2062591929
355 64 12.2062591929
356 64 12.2062591929
357 64 12.2062591929
358 64 12.2062591929
359 64 12.2062591929
360 64 12.2062591929
361 64 12.2062591929
362 64 12.2062591929
363 64 12.2062591929
364 64 12.2062591929
365 64 12.2062591929
366 64 12.2062591929
367 64 12.2062591929
368 64 12.2062591929
369 64 12.2062591929
370 64 12.2062591929
371 64 12.2062591929
372 64 12.2062591929
373 64 12.2062591929
374 64 12.2062591929
375 64 12.2062591929
376 64 12.2062591929
377 64 12.2062591929
378 64 12.2062591929
379 64 12.2062591929
380 64 12.2062591929
381 64 12.2062591929
382 64 12.2062591929
383 64 12.2062591929
384 64 12.2062591929
385 64 12.2062591929
386 64 12.2062591929
387 64 12.2062591929
388 64 12.2062591929
389 64 12.2062591929
390 64 12.2062591929
391 64 12.2062591929
392 64 12.2062591929
393 64 12.2062591929
394 64 12.2062591929
395 64 12.2062591929
396 64 12.2062591929
397 64 12.2062591929
398 64 12.2062591929
399 64 12.2062591929
400 65 23.4742287085
401 66 24.2620563275
402 67 22.2329659221
403 68 22.9340888175
404 69 25.1027361955
405 70 25.4263463579
406 71 24.4676388801
407 72 26.2230402342
408 73 27.7864553206
409 74 27.1428484546
410 75 27.2869133086
411 76 29.486785546
412 77 31.0973403442
413 78 32.0930927692
414 79 32.9146883994
415 80 31.4785469903
416 81 32.0489811083
417 82 31.3677074249
418 83 32.301245338
419 84 31.4409938096
420 85 30.9822543448
421 86 31.4114282776
422 87 30.6106022059
423 88 32.0174050372
424 89 31.4666040395
425 90 32.8677250832
426 91 34.1875632101
427 92 31.9650786656
428 93 31.9089057873
429 94 30.0795499398
430 95 30.4413332346
431 96 28.7718127748
432 97 28.9270706833
433 98 28.7038579558
434 99 27.9573166726
435 100 28.98668268
436 101 27.951270269
437 102 29.3032989332
438 103 29.5910238826
439 104 9.94903302392
440 104 9.94903302392
441 104 9.94903302392
442 104 9.94903302392
443 104 9.94903302392
444 104 9.94903302392
445 104 9.94903302392
446 104 9.94903302392
447 104 9.94903302392
448 104 9.94903302392
449 104 9.94903302392
450 104 9.94903302392
451 104 9.94903302392
452 104 9.94903302392
453 104 9.94903302392
454 104 9.94903302392
455 104 9.94903302392
456 104 9.94903302392
457 104 9.94903302392
458 104 9.94903302392
459 104 9.94903302392
460 104 9.94903302392
461 104 9.94903302392
462 104 9.94903302392
463 104 9.94903302392
464 104 9.94903302392
465 104 9.94903302392
466 104 9.94903302392
467 104 9.94903302392
468 104 9.94903302392
469 104 9.94903302392
470 104 9.94903302392
471 104 9.94903302392
472 104 9.94903302392
473 104 9.94903302392
474 104 9.94903302392
475 104 9.94903302392
476 104 9.94903302392
477 104 9.94903302392
478 104 9.94903302392
479 104 9.94903302392
480 104 9.94903302392
481 104 9.94903302392
482 104 9.94903302392
483 104 9.94903302392
484 104 9.94903302392
485 104 9.94903302392
486 104 9.94903302392
487 104 9.94903302392
488 104 9.94903302392
489 104 9.94903302392
490 104 9.94903302392
491 104 9.94903302392
492 104 9.94903302392
493 104 9.94903302392
494 104 9.94903302392
495 104 9.94903302392
496 104 9.94903302392
497 104 9.94903302392
498 104 9.94903302392
499 104 9.94903302392
500 104 9.94903302392
501 104 9.94903302392
502 104 9.94903302392
503 104 9.94903302392
504 104 9.94903302392
505 104 9.94903302392
506 104 9.94903302392
507 104 9.94903302392
508 104 9.94903302392
509 104 9.94903302392
510 104 9.94903302392
511 104 9.94903302392
512 104 9.94903302392
513 104 9.94903302392
514 104 9.94903302392
515 104 9.94903302392
516 104 9.94903302392
517 104 9.94903302392
518 104 9.94903302392
519 104 9.94903302392
520 104 9.94903302392
521 104 9.94903302392
522 104 9.94903302392
523 104 9.94903302392
524 104 9.94903302392
525 104 9.94903302392
526 104 9.94903302392
527 104 9.94903302392
528 104 9.94903302392
529 104 9.94903302392
530 104 9.94903302392
531 105 24.0619245123
532 106 27.0968877061
533 107 27.221421691
534 108 25.3591465576
535 109 22.360857601
536 110 20.6288017332
537 111 18.0472339065
538 112 18.5241579594
539 113 16.9853489687
540 114 16.4073975229
541 115 13.8944058179
542 116 13.0403813121
543 117 11.6014415558
544 118 10.290486485
545 119 8.78638882625
546 120 9.01894262101
547 121 9.45158450384
548 122 11.069237949
549 123 11.7922437071
550 124 14.2532304447
551 125 13.7075824942
552 126 12.8738084643
553 127 14.795147531
554 128 16.8866973829
555 129 16.2502623916
556 130 15.6540087678
557 131 18.2241063313
558 132 19.9871417753
559 133 18.6898333291
560 134 18.8936788509
561 135 21.9378211965
562 136 22.6015997082
563 137 21.2818358012
564 138 23.1195679271
565 139 25.7469814703
566 140 24.9307561223
567 141 24.3917628914
568 142 22.0348179756
569 143 19.9351445981
570 144 18.4690749412
571 145 17.660489524
572 146 16.9568732834
573 147 15.2739201952
574 148 13.8316228906
575 149 13.2837945034
576 151 12.9064486046
577 152 11.9261542535
578 151 12.7901758909
579 151 12.7901758909
580 151 12.7901758909
581 151 12.7901758909
582 151 12.7901758909
583 151 12.7901758909
584 151 12.7901758909
585 151 12.7901758909
586 151 12.7901758909
587 151 12.7901758909
588 151 12.7901758909
589 151 12.7901758909
590 151 12.7901758909
591 151 12.7901758909
592 151 12.7901758909
593 151 12.7901758909
594 151 12.7901758909
595 151 12.7901758909
596 151 12.7901758909
597 151 12.7901758909
598 151 12.7901758909
599 151 12.7901758909
600 151 12.7901758909
601 151 12.7901758909
602 151 12.7901758909
603 151 12.7901758909
604 151 12.7901758909
605 151 12.7901758909
606 151 12.7901758909
607 151 12.7901758909
608 151 12.7901758909
609 151 12.7901758909
610 151 12.7901758909
611 151 12.7901758909
612 151 12.7901758909
613 151 12.7901758909
614 151 12.7901758909
615 151 12.7901758909
616 151 12.7901758909
617 151 12.7901758909
618 151 12.7901758909
619 151 12.7901758909
620 151 12.7901758909
621 151 12.7901758909
622 151 12.7901758909
623 151 12.7901758909
624 151 12.7901758909
625 151 12.7901758909
626 151 12.7901758909
627 151 12.7901758909
628 151 12.7901758909
629 151 12.7901758909
630 151 12.7901758909
631 151 12.7901758909
632 151 12.7901758909
633 151 12.7901758909
634 151 12.7901758909
635 151 12.7901758909
636 151 12.7901758909
637 151 12.7901758909
638 151 12.7901758909
639 151 12.7901758909
640 151 12.7901758909
641 151 12.7901758909
642 151 12.7901758909
643 151 12.7901758909
644 151 12.7901758909
645 151 12.7901758909
646 151 12.7901758909
647 151 12.7901758909
648 151 12.7901758909
649 151 12.7901758909
650 151 12.7901758909
651 151 12.7901758909
652 151 12.7901758909
653 151 12.7901758909
654 151 12.7901758909
655 151 12.7901758909
656 151 12.7901758909
657 151 12.7901758909
658 151 12.7901758909
659 151 12.7901758909
660 151 12.7901758909
661 151 12.7901758909
662 151 12.7901758909
663 151 12.7901758909
664 151 12.7901758909
665 151 12.7901758909
666 151 12.7901758909
667 151 12.7901758909
668 151 12.7901758909
669 153 15.0134269545
670 153 15.0134269545
671 153 15.0134269545
672 153 15.0134269545
673 153 15.0134269545
674 153 15.0134269545
675 153 15.0134269545
676 153 15.0134269545
677 153 15.0134269545
678 153 15.0134269545
679 153 15.0134269545
680 153 15.0134269545
681 153 15.0134269545
682 153 15.0134269545
683 153 15.0134269545
684 153 15.0134269545
685 153 15.0134269545
686 153 15.0134269545
687 153 15.0134269545
688 153 15.0134269545
689 153 15.0134269545
690 153 15.0134269545
691 153 15.0134269545
692 153 15.0134269545
693 153 15.0134269545
694 153 15.0134269545
695 153 15.0134269545
696 153 15.0134269545
697 153 15.0134269545
698 153 15.0134269545
699 153 15.0134269545
700 153 15.0134269545
701 153 15.0134269545
702 153 15.0134269545
703 153 15.0134269545
704 153 15.0134269545
705 153 15.0134269545
706 153 15.0134269545
707 153 15.0134269545
708 153 15.0134269545
709 153 15.0134269545
710 153 15.0134269545
711 153 15.0134269545
712 153 15.0134269545
713 153 15.0134269545
714 153 15.0134269545
715 153 15.0134269545
716 153 15.0134269545
717 153 15.0134269545
718 153 15.0134269545
719 153 15.0134269545
720 153 15.0134269545
721 153 15.0134269545
722 153 15.0134269545
723 153 15.0134269545
724 153 15.0134269545
725 153 15.0134269545
726 153 15.0134269545
727 153 15.0134269545
728 153 15.0134269545
729 153 15.0134269545
730 153 15.0134269545
731 153 15.0134269545
732 153 15.0134269545
733 153 15.0134269545
734 153 15.0134269545
735 153 15.0134269545
736 153 15.0134269545
737 153 15.0134269545
738 153 15.0134269545
739 153 15.0134269545
740 153 15.0134269545
741 153 15.0134269545
742 153 15.0134269545
743 153 15.0134269545
744 153 15.0134269545
745 153 15.0134269545
746 153 15.0134269545
747 153 15.0134269545
748 153 15.0134269545
749 153 15.0134269545
750 153 15.0134269545
751 153 15.0134269545
752 153 15.0134269545
753 153 15.0134269545
754 153 15.0134269545
755 153 15.0134269545
756 153 15.0134269545
757 153 15.0134269545
758 153 15.0134269545
759 153 15.0134269545
760 153 15.0134269545
761 153 15.0134269545
762 154 32.5630506851
763 154 32.5630506851
764 154 32.5630506851
765 154 32.5630506851
766 154 32.5630506851
767 154 32.5630506851
768 154 32.5630506851
769 154 32.5630506851
770 154 32.5630506851
771 154 32.5630506851
772 154 32.5630506851
773 154 32.5630506851
774 154 32.5630506851
775 154 32.5630506851
776 154 32.5630506851
777 154 32.5630506851
778 154 32.5630506851
779 154 32.5630506851
780 154 32.5630506851
781 154 32.5630506851
782 154 32.5630506851
783 154 32.5630506851
784 154 32.5630506851
785 154 32.5630506851
786 154 32.5630506851
787 154 32.5630506851
788 154 32.5630506851
789 154 32.5630506851
790 154 32.5630506851
791 154 32.5630506851
792 154 32.5630506851
793 154 32.5630506851
794 154 32.5630506851
795 154 32.5630506851
796 154 32.5630506851
797 154 32.5630506851
798 154 32.5630506851
799 154 32.5630506851
800 154 32.5630506851
801 154 32.5630506851
802 154 32.5630506851
803 154 32.5630506851
804 154 32.5630506851
805 154 32.5630506851
806 154 32.5630506851
807 154 32.5630506851
808 154 32.5630506851
809 154 32.5630506851
810 154 32.5630506851
811 154 32.5630506851
812 154 32.5630506851
813 154 32.5630506851
814 154 32.5630506851
815 154 32.5630506851
816 154 32.5630506851
817 154 32.5630506851
818 154 32.5630506851
819 154 32.5630506851
820 154 32.5630506851
821 154 32.5630506851
822 154 32.5630506851
823 154 32.5630506851
824 154 32.5630506851
825 154 32.5630506851
826 154 32.5630506851
827 154 32.5630506851
828 154 32.5630506851
829 154 32.5630506851
830 154 32.5630506851
831 154 32.5630506851
832 154 32.5630506851
833 154 32.5630506851
834 154 32.5630506851
835 154 32.5630506851
836 154 32.5630506851
837 154 32.5630506851
838 154 32.5630506851
839 154 32.5630506851
840 154 32.5630506851
841 154 32.5630506851
842 154 32.5630506851
843 154 32.5630506851
844 154 32.5630506851
845 154 32.5630506851
846 154 32.5630506851
847 154 32.5630506851
848 154 32.5630506851
849 154 32.5630506851
850 154 32.5630506851
851 154 32.5630506851
852 154 32.5630506851
853 154 32.5630506851
854 154 32.5630506851
855 155 30.7516492935
856 155 30.7516492935
857 155 30.7516492935
858 155 30.7516492935
859 155 30.7516492935
860 155 30.7516492935
861 155 30.7516492935
862 155 30.7516492935
863 155 30.7516492935
864 155 30.7516492935
865 155 30.7516492935
866 155 30.7516492935
867 155 30.7516492935
868 155 30.7516492935
869 155 30.7516492935
870 155 30.7516492935
871 155 30.7516492935
872 155 30.7516492935
873 155 30.7516492935
874 155 30.7516492935
875 155 30.7516492935
876 155 30.7516492935
877 155 30.7516492935
878 155 30.7516492935
879 155 30.7516492935
880 155 30.7516492935
881 155 30.7516492935
882 155 30.7516492935
883 155 30.7516492935
884 155 30.7516492935
885 155 30.7516492935
886 155 30.7516492935
887 155 30.7516492935
888 155 30.7516492935
889 155 30.7516492935
890 155 30.7516492935
891 155 30.7516492935
892 155 30.7516492935
893 155 30.7516492935
894 155 30.7516492935
895 155 30.7516492935
896 155 30.7516492935
897 155 30.7516492935
898 155 30.7516492935
899 155 30.7516492935
900 155 30.7516492935
901 155 30.7516492935
902 155 30.7516492935
903 155 30.7516492935
904 155 30.7516492935
905 155 30.7516492935
906 155 30.7516492935
907 155 30.7516492935
908 155 30.7516492935
909 155 30.7516492935
910 155 30.7516492935
911 155 30.7516492935
912 155 30.7516492935
913 155 30.7516492935
914 155 30.7516492935
915 155 30.7516492935
916 155 30.7516492935
917 155 30.7516492935
918 155 30.7516492935
919 155 30.7516492935
920 155 30.7516492935
921 155 30.7516492935
922 155 30.7516492935
923 155 30.7516492935
924 155 30.7516492935
925 155 30.7516492935
926 155 30.7516492935
927 155 30.7516492935
928 155 30.7516492935
929 155 30.7516492935
930 155 30.7516492935
931 155 30.7516492935
932 155 30.7516492935
933 155 30.7516492935
934 155 30.7516492935
935 155 30.7516492935
936 155 30.7516492935
937 155 30.7516492935
938 155 30.7516492935
939 155 30.7516492935
940 155 30.7516492935
941 155 30.7516492935
942 155 30.7516492935
943 155 30.7516492935
944 155 30.7516492935
945 155 30.7516492935
946 155 30.7516492935
947 155 30.7516492935
948 156 16.7811086193
949 156 16.7811086193
950 157 18.0350931194
951 158 17.3544842448
952 159 16.8231910022
953 160 16.4671390998
954 161 17.4170504224
955 162 18.5049829328
956 163 18.3171738064
957 164 20.0940646201
958 165 19.9849370358
959 166 22.0112470803
960 167 22.345675203
961 168 24.4863587302
962 169 24.7396951341
963 170 26.812437186
964 171 25.8927884221
965 172 23.9388645111
966 173 25.3015376379
967 174 26.3013902605
968 175 24.329429509
969 176 23.3953952218
970 177 24.9951548486
971 178 24.8820424755
972 179 22.7221878799
973 180 22.8709286655
974 181 24.1456767543
975 182 22.6434228114
976 183 20.9332142398
977 184 19.9342446187
978 185 19.6866176094
979 186 19.8075783563
980 187 17.8019934118
981 188 17.9547854575
982 189 16.4637643827
983 190 16.2463983153
984 191 14.7277880949
985 192 14.4719891534
986 193 15.6454501669
987 194 15.8189224633
988 195 17.6494213255
989 196 32.2764508473
990 196 32.2764508473
991 196 32.2764508473
992 196 32.2764508473
993 196 32.2764508473
994 196 32.2764508473
995 196 32.2764508473
996 196 32.2764508473
997 196 32.2764508473
998 196 32.2764508473
999 196 32.2764508473
1000 196 32.2764508473
1001 196 32.2764508473
1002 196 32.2764508473
1003 196 32.2764508473
1004 196 32.2764508473
1005 196 32.2764508473
1006 196 32.2764508473
1007 196 32.2764508473
1008 196 32.2764508473
1009 196 32.2764508473
1010 196 32.2764508473
1011 196 32.2764508473
1012 196 32.2764508473
1013 196 32.2764508473
1014 196 32.2764508473
1015 196 32.2764508473
1016 196 32.2764508473
1017 196 32.2764508473
1018 196 32.2764508473
1019 196 32.2764508473
1020 196 32.2764508473
1021 196 32.2764508473
1022 196 32.2764508473
1023 196 32.2764508473
1024 196 32.2764508473
1025 196 32.2764508473
1026 196 32.2764508473
1027 196 32.2764508473
1028 196 32.2764508473
1029 196 32.2764508473
1030 196 32.2764508473
1031 196 32.2764508473
1032 196 32.2764508473
1033 196 32.2764508473
1034 196 32.2764508473
1035 196 32.2764508473
1036 196 32.2764508473
1037 196 32.2764508473
1038 196 32.2764508473
1039 196 32.2764508473
1040 196 32.2764508473
1041 196 32.2764508473
1042 196 32.2764508473
1043 196 32.2764508473
1044 196 32.2764508473
1045 196 32.2764508473
1046 196 32.2764508473
1047 196 32.2764508473
1048 196 32.2764508473
1049 196 32.2764508473
1050 196 32.2764508473
1051 196 32.2764508473
1052 196 32.2764508473
1053 196 32.2764508473
1054 196 32.2764508473
1055 196 32.2764508473
1056 196 32.2764508473
1057 196 32.2764508473
1058 196 32.2764508473
1059 196 32.2764508473
1060 196 32.2764508473
1061 196 32.2764508473
1062 196 32.2764508473
1063 196 32.2764508473
1064 196 32.2764508473
1065 196 32.2764508473
1066 196 32.2764508473
1067 196 32.2764508473
1068 196 32.2764508473
1069 196 32.2764508473
1070 196 32.2764508473
1071 196 32.2764508473
1072 196 32.2764508473
1073 196 32.2764508473
1074 196 32.2764508473
1075 196 32.2764508473
1076 196 32.2764508473
1077 196 32.2764508473
1078 196 32.2764508473
1079 196 32.2764508473
1080 196 32.2764508473
1081 196 32.2764508473
1082 196 32.2764508473
1083 197 24.6952557375
1084 198 26.3364606444
1085 199 26.5938144033
1086 200 24.171750626
1087 201 24.2083953058
1088 202 26.3867173337
1089 203 25.4145152178
1090 204 23.712669593
1091 205 25.358371944
1092 206 26.9619005304
1093 207 25.2390627735
1094 208 25.1885520051
1095 209 26.9254676748
1096 210 29.0592495803
1097 211 28.3846020116
1098 212 25.9946230269
1099 213 26.9323899293
1100 214 28.674876381
1101 215 27.0738290501
1102 216 25.371284631
1103 217 24.1884254766
1104 218 24.9732776309
1105 219 27.1086413372
1106 220 27.9411430067
1107 221 26.4086145226
1108 222 25.983138365
1109 223 28.1881433966
1110 224 29.5354692721
1111 225 27.8474915833
1112 226 28.9915650185
1113 227 27.8363324315
1114 228 26.5592356181
1115 229 26.8389036727
1116 230 29.0047332254
1117 231 30.2998198813
1118 232 29.4639820964
1119 233 30.0677515923
1120 234 32.5912543383
1121 235 32.9928053691
1122 236 31.7049659349
1123 237 32.9106963667
1124 238 30.6565616379
1125 239 29.5594267588
1126 240 27.9933617239
1127 241 26.2112866651
1128 242 26.5152445259
1129 243 26.4019159063
1130 244 24.1451907317
1131 245 23.4919452482
1132 246 24.5163426167
1133 247 23.3538324107
1134 248 21.5196123683
1135 249 22.1686199109
1136 250 23.0438628244
1137 251 21.2995780908
1138 252 20.1741250407
1139 253 21.3297100724
1140 254 21.7706394083
1141 255 36.6179887929
1142 255 36.6179887929
1143 255 36.6179887929
1144 255 36.6179887929
1145 255 36.6179887929
1146 255 36.6179887929
