1 0 1.11909256469
2 1 1.13493542509
3 2 1.11372484154
4 3 1.10769400675
5 4 1.09581789353
6 5 1.0597243356
7 6 1.06873247558
8 7 1.04229086085
9 8 1.05043201052
10 9 1.02213026293
11 10 1.01155129721
12 11 0.99795848883
13 12 0.963529725045
14 13 0.954974928793
15 14 0.972665980957
16 15 0.951725615864
17 16 0.959002025334
18 17 0.943491756489
19 18 0.925854430112
20 19 0.958311845112
21 20 0.979934978676
22 21 1.00604495467
23 22 0.995281056557
24 23 0.989781092372
25 24 0.971859981359
26 25 0.98233785812
27 26 0.964654496171
28 27 0.977779669877
29 28 0.970421492832
30 29 0.991333921571
31 30 0.960728248824
32 31 0.978351043944
33 32 0.970704728309
34 33 1.00139670608
35 34 1.00016041448
36 35 1.02900239133
37 36 1.03831157937
38 37 1.05547644125
39 38 1.08290097226
40 39 1.08389752544
41 40 1.12241401906
42 41 1.13562073108
43 42 1.11060302646
44 43 1.10896942758
45 44 1.07927170792
46 45 1.08313606567
47 46 1.06108821587
48 47 1.03879084596
49 48 1.02335376837
50 49 1.01578713638
51 50 0.992039873622
52 51 0.97228153166
53 52 0.935016240777
54 53 0.915815455604
55 54 0.915207841679
56 55 0.917289650804
57 56 0.93246675214
58 57 0.924636673079
59 58 0.916164307982
60 59 0.900874820252
61 60 0.90640375483
62 61 0.895678750326
63 62 0.898434879758
64 63 0.868777906473
65 64 0.866420977102
66 65 0.891553936
67 66 0.862512068588
68 67 0.853879045998
69 68 0.889960417384
70 69 0.915792446446
71 70 0.89408569805
72 71 0.901027609748
73 72 0.877198434633
74 73 0.887158035666
75 74 0.870703902067
76 75 0.883517633484
77 76 0.877349407742
78 77 0.866244561185
79 78 0.831729320308
80 79 0.836227433794
81 80 0.842520070637
82 81 0.861931536855
83 82 0.86619241488
84 83 0.898024559283
85 84 0.908797526969
86 85 0.94509151846
87 86 0.959228808639
88 87 0.987154342006
89 88 1.00244978835
90 89 1.01808779415
91 90 1.050820236
92 91 1.04833077739
93 92 1.05508595287
94 93 1.04428147261
95 94 1.01488375483
96 95 0.993318169343
97 96 0.988050425679
98 97 0.952290081887
99 98 0.924664373455
100 99 0.894385788298
101 100 0.863029524361
102 101 0.837411361122
103 102 0.828754145752
104 103 0.800201241517
105 104 0.790847543591
106 105 0.757904622586
107 106 0.776444877526
108 107 0.774578460922
109 108 0.80299470502
110 109 0.838668654239
111 110 0.841102379999
112 111 0.862074968373
113 112 0.854754918391
114 113 0.843811392058
115 114 0.841691629901
116 115 0.831338135657
117 116 0.805033371
118 117 0.810438371325
119 118 0.812832338108
120 119 0.782150098111
121 120 0.760923805559
122 121 0.777318730696
123 122 0.798519633999
124 123 0.781574391865
125 124 0.797251538422
126 125 0.791603158343
127 126 0.805975583416
128 127 0.802836161396
129 128 0.814099987217
130 129 0.808830824215
131 130 0.771703780679
132 131 0.769706770481
133 132 0.74886385689
134 133 0.758516062075
135 134 0.750621249856
136 135 0.750257946515
137 136 0.758259194073
138 137 0.754676018771
139 138 0.77403656181
140 139 0.742712824645
141 140 0.762218395632
142 141 0.795165285212
143 142 0.811534058498
144 143 0.806984041135
145 144 0.826363529627
146 145 0.813763695624
147 146 0.776611458637
148 147 0.772406536898
149 148 0.735732702942
150 149 0.724807203628
151 150 0.707978450962
152 151 0.700641668671
153 152 0.705767612461
154 153 0.706828262553
155 154 0.713978706958
156 155 0.742311542551
157 156 0.751324169553
158 157 0.723766356046
159 158 0.74078448799
160 159 0.775758086792
161 160 0.790708874048
162 161 0.802625374691
163 162 0.838385867457
164 163 0.858172365088
165 164 0.887956116524
166 165 0.88801064783
167 166 0.864776650964
168 167 0.866442591694
169 168 0.843505625878
170 169 0.848658092993
171 170 0.829963577306
172 171 0.833185727378
173 172 0.808163165426
174 173 0.802122975245
175 174 0.822157046025
176 175 0.801576209087
177 176 0.786320547946
178 177 0.760467339292
179 178 0.748364879378
180 179 0.721841052182
181 180 0.735003862121
182 181 0.748431548797
183 182 0.776465162535
184 183 0.795241347201
185 184 0.799867988352
186 185 0.822216555558
187 186 0.815474710974
188 187 0.839951372161
189 188 0.839736567122
190 189 0.808745564605
191 190 0.80729834163
192 191 0.77339199179
193 192 0.760044854985
194 193 0.731898576635
195 194 0.711633930252
196 195 0.688581037981
197 196 0.652185837962
198 197 0.625020475673
199 198 0.614483762851
200 199 0.648712511259
201 200 0.657194140531
202 201 0.686148004869
203 202 0.678115292702
204 203 0.703763946859
205 204 0.708765914333
206 205 0.738161087731
207 206 0.768793017697
208 207 0.80589419584
209 208 0.813738453949
210 209 0.848714850371
211 210 0.863149779997
212 211 0.879330623776
213 212 0.887218178675
214 213 0.884425304319
215 214 0.880024343886
216 215 0.9062852998
217 216 0.897906491191
218 217 0.873966105738
219 218 0.870222543422
220 219 0.846273996033
221 220 0.864785614071
222 221 0.858418672489
223 222 0.837793824163
224 223 0.848742176243
225 224 0.839598819142
226 225 0.825557322406
227 226 0.788945940206
228 227 0.796842683896
229 228 0.810681462634
230 229 0.841974511566
231 230 0.849280425501
232 231 0.881146243221
233 232 0.88737277077
234 233 0.919002168247
235 234 0.912134675051
236 235 0.931703430782
237 236 0.935631915429
238 237 0.961581811122
239 238 0.941244245381
240 239 0.930826294266
241 240 0.897350911853
242 241 0.880793869835
243 242 0.843585600459
244 243 0.825209728658
245 244 0.789255852167
246 245 0.764224351998
247 246 0.727607590663
248 247 0.704937243741
249 248 5.6713829551
250 248 5.6713829551
251 248 5.6713829551
252 248 5.6713829551
253 248 5.6713829551
254 248 5.6713829551
255 248 5.6713829551
256 248 5.6713829551
257 248 5.6713829551
258 248 5.6713829551
259 248 5.6713829551
260 248 5.6713829551
261 248 5.6713829551
262 248 5.6713829551
263 248 5.6713829551
264 248 5.6713829551
265 248 5.6713829551
266 248 5.6713829551
267 248 5.6713829551
268 248 5.6713829551
269 248 5.6713829551
270 248 5.6713829551
271 248 5.6713829551
272 248 5.6713829551
273 248 5.6713829551
274 248 5.6713829551
275 248 5.6713829551
276 248 5.6713829551
277 248 5.6713829551
278 248 5.6713829551
279 248 5.6713829551
280 248 5.6713829551
281 248 5.6713829551
282 248 5.6713829551
283 248 5.6713829551
284 248 5.6713829551
285 248 5.6713829551
286 248 5.6713829551
287 248 5.6713829551
288 249 0.676911052954
289 250 0.655000107202
290 251 0.681771955631
291 252 0.686061365392
292 253 0.724122263684
293 254 0.748513679135
294 255 0.782147060304
295 256 0.814770672831
296 257 0.848770268542
297 258 0.874756273761
298 259 0.908294660844
299 260 0.925081625495
300 261 0.960827073911
301 262 0.98243034452
302 263 1.01458336755
303 264 1.01456987162
304 265 1.01818436116
305 266 1.00141525324
306 267 0.971907755572
307 268 0.963265563211
308 269 0.957876374376
309 270 0.95286850248
310 271 0.934459778472
311 272 0.933283824258
312 273 0.923456670787
313 274 0.936284599043
314 275 0.920133197245
315 276 0.906441556382
316 277 0.900324580241
317 278 0.927444794919
318 279 0.95252127525
319 280 0.944879594606
320 281 0.969094010085
321 282 0.973652197256
322 283 0.997416258606
323 284 1.00328847368
324 285 1.02550555882
325 286 1.05352903763
326 287 1.06066613671
327 288 1.05349134426
328 289 1.02923208117
329 290 1.01592995451
330 291 0.999920217976
331 292 0.974323836376
332 293 0.960476588359
333 294 0.932702957898
334 295 0.941658184633
335 296 0.922623455093
336 297 0.905802246491
337 298 0.895066086748
338 299 0.919182700343
339 300 0.941719370167
340 301 0.97973637775
341 302 1.00613965518
342 303 1.02321685563
343 304 1.04864899795
344 305 1.06022006251
345 306 1.07317941131
346 307 1.09048545029
347 308 3.03244075745
348 308 3.03244075745
349 308 3.03244075745
