1 0 2.35648489851
2 0 2.35648489851
3 0 2.35648489851
4 0 2.35648489851
5 0 2.35648489851
6 0 2.35648489851
7 0 2.35648489851
8 0 2.35648489851
9 0 2.35648489851
10 0 2.35648489851
11 0 2.35648489851
12 0 2.35648489851
13 0 2.35648489851
14 0 2.35648489851
15 0 2.35648489851
16 0 2.35648489851
17 0 2.35648489851
18 0 2.35648489851
19 0 2.35648489851
20 0 2.35648489851
21 0 2.35648489851
22 0 2.35648489851
23 0 2.35648489851
24 0 2.35648489851
25 0 2.35648489851
26 0 2.35648489851
27 0 2.35648489851
28 0 2.35648489851
29 0 2.35648489851
30 0 2.35648489851
31 0 2.35648489851
32 0 2.35648489851
33 0 2.35648489851
34 0 2.35648489851
35 0 2.35648489851
36 0 2.35648489851
37 0 2.35648489851
38 0 2.35648489851
39 0 2.35648489851
40 0 2.35648489851
41 0 2.35648489851
42 0 2.35648489851
43 0 2.35648489851
44 0 2.35648489851
45 1 2.50290724769
46 2 2.57013570591
47 3 2.42153328762
48 4 2.45771373409
49 5 2.57498028477
50 6 2.58420259501
51 7 2.72353471913
52 8 2.62587196038
53 9 2.62314334745
54 10 2.56075800106
55 11 2.35691414567
56 12 2.25597960247
57 13 2.0642241859
58 14 1.99112882939
59 15 1.81695192498
60 16 1.74791919353
61 17 1.57796475281
62 18 1.44377069378
63 19 1.39523273682
64 20 1.60173696075
65 21 1.75353221264
66 22 1.93829726429
67 23 1.85575271663
68 24 1.90027315272
69 25 1.87928331449
70 26 2.04786988302
71 27 2.06373533097
72 28 2.26080777863
73 29 2.36689153432
74 30 2.39672510909
75 31 2.17951233673
76 32 2.17062474216
77 33 2.02735390032
78 34 2.05935496949
79 35 1.95034141362
80 36 2.0653802032
81 37 2.02387752671
82 38 2.14994112148
83 39 2.14423794032
84 40 2.18171613088
85 41 2.32466079936
86 42 2.25330352227
87 43 2.06414389974
88 44 3.07862185287
89 44 3.07862185287
90 44 3.07862185287
91 44 3.07862185287
92 44 3.07862185287
93 44 3.07862185287
94 44 3.07862185287
95 44 3.07862185287
96 44 3.07862185287
97 44 3.07862185287
98 44 3.07862185287
99 44 3.07862185287
100 44 3.07862185287
101 44 3.07862185287
102 44 3.07862185287
103 44 3.07862185287
104 44 3.07862185287
105 44 3.07862185287
106 44 3.07862185287
107 44 3.07862185287
108 44 3.07862185287
109 44 3.07862185287
110 44 3.07862185287
111 44 3.07862185287
112 44 3.07862185287
113 44 3.07862185287
114 44 3.07862185287
115 44 3.07862185287
116 44 3.07862185287
117 44 3.07862185287
118 44 3.07862185287
119 44 3.07862185287
120 44 3.07862185287
121 44 3.07862185287
122 44 3.07862185287
123 44 3.07862185287
124 45 2.16967157558
125 46 2.00991404748
126 47 2.09879689389
127 48 1.97226653911
128 49 2.04980373001
129 50 1.91071387546
130 51 2.03856006197
131 52 4.23606901884
132 52 4.23606901884
133 52 4.23606901884
134 52 4.23606901884
135 52 4.23606901884
136 52 4.23606901884
137 52 4.23606901884
138 52 4.23606901884
139 52 4.23606901884
140 52 4.23606901884
141 52 4.23606901884
142 52 4.23606901884
143 52 4.23606901884
144 52 4.23606901884
145 52 4.23606901884
146 52 4.23606901884
147 52 4.23606901884
148 52 4.23606901884
149 53 2.28953737957
150 54 2.18976150831
151 55 2.21015551272
152 56 2.02376423091
153 57 2.04343319214
154 58 1.85846203354
155 59 1.75053478974
156 60 1.59351303638
157 61 1.46430174729
158 62 1.25060431222
159 63 1.2313478221
160 64 1.05180933088
161 65 1.08898523311
162 66 1.301717227
163 67 1.4669906557
164 68 1.46181723494
165 69 1.63426042453
166 70 1.7086676141
167 71 1.89090425179
168 72 2.05215755076
169 73 2.26561280839
170 74 2.35509375693
171 75 2.14432129352
172 76 1.94457604916
173 77 1.81658076699
174 78 1.68911418052
175 79 1.5393612917
176 80 1.46248745425
177 81 1.4607821161
178 82 1.38285424185
179 83 1.45816343486
180 84 1.40805589457
181 85 1.57804984414
182 86 1.57437069155
183 87 1.56645170365
184 88 1.68157513546
185 89 1.53590574665
186 90 1.59142549249
187 91 1.47026057024
188 92 1.50904886205
189 93 1.38714670547
190 94 1.48481485197
191 95 1.33165346718
192 96 1.37188227446
193 97 1.20150556157
194 98 1.16508612808
195 99 1.27337450408
196 100 1.25332381192
197 101 1.38336694745
198 102 1.39097184427
199 103 1.54343708684
200 104 1.66904458924
201 105 1.84705001362
202 106 1.92952406498
203 107 1.81505128024
204 108 1.95326371715
205 109 1.82440165598
206 110 1.62073250091
207 111 1.51988480552
208 112 1.32036152669
209 113 1.19364712055
210 114 1.1322412148
211 115 0.929558311921
212 116 0.921836039406
213 117 0.960588068298
214 118 1.13579870062
215 119 1.31277646854
216 120 1.52989998321
217 121 1.70157296965
218 122 1.80366240295
219 123 1.86403319005
220 124 1.94425855327
221 125 1.7494022033
222 126 1.6290071819
223 127 1.42500178799
224 128 1.25450010046
225 129 1.10630763265
226 130 0.922324236078
227 131 0.84300443021
228 132 0.672973035861
229 133 0.718193060374
230 134 0.897367199744
231 135 1.04848859318
232 136 1.22966959414
233 137 1.42078274644
234 138 1.61150012668
235 139 1.77446311194
236 140 1.98380124546
237 141 2.09337221104
238 142 2.24086600161
239 143 2.23412032881
240 144 2.12852547207
241 145 2.01455296672
242 146 2.10273448501
243 147 1.96794862069
244 148 1.78326226975
245 149 1.71204759836
246 150 1.54721695064
247 151 1.60670414013
248 152 1.4997780524
249 153 1.50397094956
250 154 1.4285674202
251 155 1.32678936309
252 156 1.33218996272
253 157 1.5363715118
254 158 1.63026857014
255 159 1.83528138923
256 160 1.91714015467
257 161 2.12148582353
258 162 2.21601807462
259 163 2.39828562962
260 164 2.41579769585
261 165 2.51312506015
262 166 2.36926955873
263 167 2.19300007411
264 168 2.03765789891
265 169 1.88860196768
266 170 1.70871164358
267 171 1.53862620105
268 172 1.34355830617
269 173 1.3037087021
270 174 1.51266887937
271 175 1.56538280722
272 176 1.77183416705
273 177 4.9044190452
274 177 4.9044190452
275 177 4.9044190452
276 177 4.9044190452
277 177 4.9044190452
278 177 4.9044190452
279 177 4.9044190452
280 177 4.9044190452
281 177 4.9044190452
282 177 4.9044190452
283 177 4.9044190452
284 177 4.9044190452
285 178 1.85617633458
286 179 2.01668634612
287 180 2.12769432143
288 181 2.22905591844
289 182 2.37361490868
290 183 2.56241222291
291 184 2.59489853455
292 185 2.80872617734
293 186 2.77643093762
294 187 2.86092870154
295 188 2.83358601116
296 189 2.89854309352
297 190 3.05823515552
298 191 3.08979732934
299 192 3.05787852737
300 193 2.99695082397
301 194 2.78778180725
302 195 2.74245898787
303 196 2.60089211208
304 197 2.42190434371
305 198 2.37138573782
306 199 2.21853463123
307 200 2.11957093389
308 201 2.00917672525
309 202 1.91583385261
310 203 1.93735792431
311 204 1.74278280349
312 205 1.79338624357
313 206 1.97646112034
314 207 2.03202208165
315 208 1.98468406573
316 209 2.11676906757
317 210 2.16683753663
318 211 2.27047686169
319 212 2.38489293129
320 213 2.51112030682
321 214 2.63433542869
322 215 2.79035693565
323 216 2.92477193688
324 217 2.92862415446
325 218 2.85915756613
326 219 2.67004963882
327 220 2.61171542998
328 221 2.46153704564
329 222 2.39911527827
330 223 2.29373825922
331 224 2.17915284172
332 225 2.31936036749
333 226 2.30140168856
334 227 4.56438491337
335 227 4.56438491337
336 227 4.56438491337
337 227 4.56438491337
338 227 4.56438491337
339 227 4.56438491337
340 227 4.56438491337
341 227 4.56438491337
342 227 4.56438491337
343 227 4.56438491337
344 227 4.56438491337
345 227 4.56438491337
346 227 4.56438491337
347 227 4.56438491337
348 227 4.56438491337
349 227 4.56438491337
350 227 4.56438491337
351 227 4.56438491337
352 227 4.56438491337
353 227 4.56438491337
354 227 4.56438491337
355 227 4.56438491337
356 228 2.50519395745
357 229 2.64054825785
358 230 2.64014955386
359 231 2.61639349535
360 232 2.74934093514
361 233 2.81758262761
362 234 2.84811336382
363 235 3.02174006602
364 236 3.10887532375
365 237 3.02472673164
366 238 3.17833129545
367 239 3.0457387112
368 240 2.83642095616
369 241 2.69163770484
370 242 2.50740080793
371 243 2.37772522258
372 244 2.36116146911
373 245 2.18107172237
374 246 2.11947869715
375 247 2.07229395466
376 248 1.87234162709
377 249 1.92865178037
378 250 2.14564281534
379 251 2.19597113817
380 252 2.38301811443
381 253 2.54090854284
382 254 2.57585470699
383 255 2.53454958663
384 256 2.34955091498
385 257 2.38519833435
386 258 2.52307905898
387 259 2.59682646584
388 260 2.76957092921
389 261 2.84023607602
390 262 3.03660995938
391 263 2.94395768748
392 264 2.93520112088
393 265 2.77214575063
394 266 2.82078175752
395 267 2.75895970994
396 268 2.62724297368
397 269 2.57459465743
398 270 2.51021880048
399 271 2.63875085059
400 272 2.77915977544
401 273 2.79816936007
402 274 2.59343015364
403 275 2.44285553182
404 276 2.25802774441
405 277 2.17546767131
406 278 1.98408803906
407 279 1.90468827678
408 280 1.72513212553
409 281 1.57389404464
410 282 1.55426778624
411 283 1.71374965418
412 284 1.83514704031
413 285 2.01205567911
414 286 2.16773537057
415 287 2.17977707137
416 288 2.31308103478
417 289 2.36584597043
418 290 2.58023305863
419 291 2.70021389932
420 292 2.78874009644
421 293 2.62573232988
422 294 2.44224293952
423 295 2.35402809912
424 296 2.47943907476
425 297 2.40116963148
426 298 2.49680256159
427 299 5.63060721517
428 299 5.63060721517
429 299 5.63060721517
430 299 5.63060721517
431 299 5.63060721517
432 299 5.63060721517
433 299 5.63060721517
434 299 5.63060721517
435 299 5.63060721517
436 299 5.63060721517
437 299 5.63060721517
438 299 5.63060721517
439 299 5.63060721517
440 299 5.63060721517
441 299 5.63060721517
442 299 5.63060721517
443 299 5.63060721517
444 299 5.63060721517
445 299 5.63060721517
446 299 5.63060721517
447 299 5.63060721517
448 299 5.63060721517
449 299 5.63060721517
450 299 5.63060721517
451 299 5.63060721517
452 299 5.63060721517
453 299 5.63060721517
454 299 5.63060721517
455 299 5.63060721517
456 299 5.63060721517
457 299 5.63060721517
458 299 5.63060721517
459 299 5.63060721517
460 299 5.63060721517
461 299 5.63060721517
462 299 5.63060721517
463 299 5.63060721517
464 299 5.63060721517
465 299 5.63060721517
466 299 5.63060721517
467 299 5.63060721517
468 299 5.63060721517
469 299 5.63060721517
470 299 5.63060721517
471 299 5.63060721517
472 299 5.63060721517
473 299 5.63060721517
474 299 5.63060721517
475 299 5.63060721517
476 299 5.63060721517
477 299 5.63060721517
478 299 5.63060721517
479 299 5.63060721517
480 299 5.63060721517
481 299 5.63060721517
482 299 5.63060721517
483 299 5.63060721517
484 299 5.63060721517
485 299 5.63060721517
486 299 5.63060721517
487 299 5.63060721517
488 299 5.63060721517
489 299 5.63060721517
490 299 5.63060721517
491 300 3.51732046914
492 300 3.51732046914
493 300 3.51732046914
494 300 3.51732046914
495 300 3.51732046914
496 300 3.51732046914
497 300 3.51732046914
498 300 3.51732046914
499 300 3.51732046914
500 300 3.51732046914
501 300 3.51732046914
502 300 3.51732046914
503 300 3.51732046914
504 300 3.51732046914
505 300 3.51732046914
506 300 3.51732046914
507 300 3.51732046914
508 300 3.51732046914
509 300 3.51732046914
510 300 3.51732046914
511 300 3.51732046914
512 300 3.51732046914
513 300 3.51732046914
514 300 3.51732046914
515 300 3.51732046914
516 300 3.51732046914
517 300 3.51732046914
518 300 3.51732046914
519 300 3.51732046914
520 300 3.51732046914
521 300 3.51732046914
522 300 3.51732046914
523 300 3.51732046914
524 300 3.51732046914
525 300 3.51732046914
526 300 3.51732046914
527 300 3.51732046914
528 300 3.51732046914
529 300 3.51732046914
530 300 3.51732046914
531 300 3.51732046914
532 300 3.51732046914
533 300 3.51732046914
534 300 3.51732046914
535 300 3.51732046914
536 300 3.51732046914
537 300 3.51732046914
538 300 3.51732046914
539 300 3.51732046914
540 300 3.51732046914
541 300 3.51732046914
542 300 3.51732046914
543 300 3.51732046914
544 300 3.51732046914
545 300 3.51732046914
546 300 3.51732046914
547 300 3.51732046914
548 300 3.51732046914
549 300 3.51732046914
550 300 3.51732046914
551 300 3.51732046914
552 300 3.51732046914
553 300 3.51732046914
554 300 3.51732046914
555 300 3.51732046914
556 300 3.51732046914
557 300 3.51732046914
558 300 3.51732046914
559 300 3.51732046914
560 300 3.51732046914
561 300 3.51732046914
562 300 3.51732046914
563 300 3.51732046914
564 300 3.51732046914
565 300 3.51732046914
566 300 3.51732046914
567 300 3.51732046914
568 300 3.51732046914
569 300 3.51732046914
570 300 3.51732046914
571 300 3.51732046914
572 300 3.51732046914
573 300 3.51732046914
574 300 3.51732046914
575 301 3.69051906942
576 301 3.69051906942
577 301 3.69051906942
578 301 3.69051906942
579 301 3.69051906942
580 301 3.69051906942
581 301 3.69051906942
582 301 3.69051906942
583 301 3.69051906942
584 301 3.69051906942
585 301 3.69051906942
586 301 3.69051906942
587 301 3.69051906942
588 301 3.69051906942
589 301 3.69051906942
590 301 3.69051906942
591 301 3.69051906942
592 301 3.69051906942
593 301 3.69051906942
594 301 3.69051906942
595 301 3.69051906942
596 301 3.69051906942
597 301 3.69051906942
598 301 3.69051906942
599 301 3.69051906942
600 301 3.69051906942
601 301 3.69051906942
602 301 3.69051906942
603 301 3.69051906942
604 301 3.69051906942
605 301 3.69051906942
606 301 3.69051906942
607 301 3.69051906942
608 301 3.69051906942
609 301 3.69051906942
610 301 3.69051906942
611 301 3.69051906942
612 301 3.69051906942
613 301 3.69051906942
614 301 3.69051906942
615 301 3.69051906942
616 301 3.69051906942
617 301 3.69051906942
618 301 3.69051906942
619 301 3.69051906942
620 301 3.69051906942
621 301 3.69051906942
622 301 3.69051906942
623 301 3.69051906942
624 301 3.69051906942
625 301 3.69051906942
626 301 3.69051906942
627 301 3.69051906942
628 301 3.69051906942
629 301 3.69051906942
630 301 3.69051906942
631 301 3.69051906942
632 301 3.69051906942
633 301 3.69051906942
634 301 3.69051906942
635 301 3.69051906942
636 301 3.69051906942
637 301 3.69051906942
638 301 3.69051906942
639 301 3.69051906942
640 301 3.69051906942
641 301 3.69051906942
642 301 3.69051906942
643 301 3.69051906942
644 301 3.69051906942
645 301 3.69051906942
646 301 3.69051906942
647 301 3.69051906942
648 301 3.69051906942
649 301 3.69051906942
650 301 3.69051906942
651 301 3.69051906942
652 301 3.69051906942
653 301 3.69051906942
654 301 3.69051906942
655 301 3.69051906942
656 301 3.69051906942
657 301 3.69051906942
658 301 3.69051906942
659 302 4.3962205321
660 303 4.14323568905
661 304 3.92361063262
662 305 3.81382040274
663 306 4.03175004213
664 307 4.03644472597
665 308 3.77122045084
666 309 3.80450682098
667 310 4.03550324904
668 311 3.92113727111
669 312 3.72245960044
670 313 3.89652520458
671 314 4.05818869335
672 315 3.84056063825
673 316 3.78864118016
674 317 3.54733704804
675 318 3.57098589985
676 319 3.32145375763
677 320 3.32516580345
678 321 3.55800428897
679 322 3.47453913479
680 323 3.2788741866
681 324 3.41602284858
682 325 3.60889850071
683 326 3.46922697129
684 327 3.3152003538
685 328 3.49737796391
686 329 3.72767779174
687 330 3.80116083238
688 331 3.73704963086
689 332 3.95848705117
690 333 4.06415667809
691 334 4.20404466866
692 335 4.01280200922
693 336 3.81313145748
694 337 3.9983849582
695 338 4.00818619857
696 339 3.73382375048
697 340 3.73579707002
698 341 3.94513904281
699 342 3.80787609423
700 343 3.61317257077
701 344 3.80520044898
702 345 3.90340275186
703 346 3.71074019405
704 347 3.84484191395
705 348 3.93220542858
706 349 3.78297893884
707 350 3.51872351011
708 351 3.39539083613
709 352 3.21359408787
710 353 3.07188176443
711 354 2.90961679508
712 355 3.06596564935
713 356 3.03767882479
714 357 3.08143573243
715 358 3.32972859092
716 359 3.39892124669
717 360 3.21874775928
718 361 3.34554772852
719 362 3.57428564823
720 363 3.50540176297
721 364 3.46519108006
722 365 3.71900498393
723 366 3.84605786479
724 367 3.72947781159
725 368 3.96212866491
726 369 3.9630335303
727 370 3.97471095857
728 371 3.79916141556
729 372 3.63446214611
730 373 3.60266288692
731 374 3.58640921009
732 375 3.39561230097
733 376 3.25060380846
734 377 3.29022794328
735 378 3.25490880376
736 379 3.04564866307
737 380 2.98115168846
738 381 2.86889294563
739 382 3.08709076243
740 383 3.03912821885
741 384 3.01128849892
742 385 3.22633806172
743 386 3.36335101203
744 387 3.26553488698
745 388 3.33280448092
746 389 3.51959527783
747 390 3.68710254176
748 391 3.84664700534
749 392 3.87000315392
750 393 3.80619199258
751 394 3.66737397013
752 395 3.71128138168
753 396 3.63119914372
754 397 3.43914668855
755 398 3.33546672428
756 399 3.345421974
757 400 3.23819821235
758 401 3.02966216768
759 402 2.99851517293
760 403 3.06794246435
761 404 2.91539826593
762 405 2.72366799546
763 406 2.72132603427
764 407 2.51092681847
765 408 2.46317847857
766 409 2.52607177255
767 410 2.72051226651
768 411 2.74657706509
769 412 2.72690380951
770 413 2.88446465015
771 414 3.02374067176
772 415 3.0237969701
773 416 3.0778695591
774 417 3.2750999884
775 418 3.35382240278
776 419 3.39144874082
777 420 3.53032554816
778 421 3.67897195465
779 422 3.7770399134
780 423 3.8632719189
781 424 3.9891275006
782 425 4.088983735
783 426 8.95913844255
784 426 8.95913844255
785 426 8.95913844255
786 426 8.95913844255
787 426 8.95913844255
788 426 8.95913844255
789 426 8.95913844255
790 426 8.95913844255
791 426 8.95913844255
792 426 8.95913844255
793 426 8.95913844255
794 426 8.95913844255
795 426 8.95913844255
796 426 8.95913844255
797 426 8.95913844255
798 426 8.95913844255
799 426 8.95913844255
800 426 8.95913844255
801 426 8.95913844255
802 426 8.95913844255
803 426 8.95913844255
804 426 8.95913844255
805 426 8.95913844255
806 426 8.95913844255
807 426 8.95913844255
808 426 8.95913844255
809 427 3.66494397104
810 428 3.87073036843
811 429 3.91830490118
812 430 3.77180560176
813 431 3.58874321658
814 432 3.50709429385
815 433 3.45302520108
816 434 3.31455202018
817 435 3.18077970112
818 436 3.1590433801
819 437 3.04091440995
820 438 2.89730999868
821 439 2.85973568752
822 440 2.97861774678
823 441 2.96364556819
824 442 2.75843759581
825 443 2.82113559135
826 444 3.04734018088
827 445 3.07501698214
828 446 3.30540542308
829 447 3.34268091568
830 448 3.33019268276
831 449 3.48605499461
832 450 3.68342606991
833 451 3.63798778843
834 452 3.76607999571
835 453 4.03697363608
836 454 3.13680760899
837 454 3.13680760899
838 454 3.13680760899
839 454 3.13680760899
840 454 3.13680760899
841 454 3.13680760899
842 454 3.13680760899
843 454 3.13680760899
844 454 3.13680760899
845 454 3.13680760899
846 454 3.13680760899
847 454 3.13680760899
848 454 3.13680760899
849 454 3.13680760899
850 454 3.13680760899
851 454 3.13680760899
852 454 3.13680760899
853 454 3.13680760899
854 454 3.13680760899
855 454 3.13680760899
856 454 3.13680760899
857 454 3.13680760899
858 454 3.13680760899
859 454 3.13680760899
860 454 3.13680760899
861 454 3.13680760899
862 454 3.13680760899
863 454 3.13680760899
864 454 3.13680760899
865 454 3.13680760899
866 454 3.13680760899
867 454 3.13680760899
868 454 3.13680760899
869 454 3.13680760899
870 454 3.13680760899
871 454 3.13680760899
872 454 3.13680760899
873 454 3.13680760899
874 454 3.13680760899
875 454 3.13680760899
876 454 3.13680760899
877 454 3.13680760899
878 454 3.13680760899
879 454 3.13680760899
880 454 3.13680760899
881 454 3.13680760899
882 454 3.13680760899
883 454 3.13680760899
884 454 3.13680760899
885 454 3.13680760899
886 454 3.13680760899
887 454 3.13680760899
888 454 3.13680760899
889 455 9.00346609115
890 455 9.00346609115
891 455 9.00346609115
892 455 9.00346609115
893 455 9.00346609115
894 455 9.00346609115
895 455 9.00346609115
896 455 9.00346609115
897 455 9.00346609115
898 455 9.00346609115
899 455 9.00346609115
900 455 9.00346609115
901 455 9.00346609115
902 455 9.00346609115
903 455 9.00346609115
904 455 9.00346609115
905 455 9.00346609115
906 455 9.00346609115
907 455 9.00346609115
908 455 9.00346609115
909 455 9.00346609115
910 455 9.00346609115
911 455 9.00346609115
912 455 9.00346609115
913 455 9.00346609115
914 455 9.00346609115
915 455 9.00346609115
916 455 9.00346609115
917 455 9.00346609115
918 455 9.00346609115
919 455 9.00346609115
920 455 9.00346609115
921 455 9.00346609115
922 455 9.00346609115
923 455 9.00346609115
924 455 9.00346609115
925 455 9.00346609115
926 455 9.00346609115
927 455 9.00346609115
928 455 9.00346609115
929 455 9.00346609115
930 455 9.00346609115
931 455 9.00346609115
932 455 9.00346609115
933 455 9.00346609115
934 455 9.00346609115
935 455 9.00346609115
936 455 9.00346609115
937 455 9.00346609115
938 455 9.00346609115
939 455 9.00346609115
940 455 9.00346609115
941 455 9.00346609115
942 456 2.7492127452
943 457 2.67974157621
944 458 2.71177573354
945 459 2.60636573091
946 460 2.56225969911
947 461 2.63070751906
948 462 2.58360252013
949 463 2.64127795788
950 464 2.60750612519
951 465 2.5222744626
952 466 2.42254679144
953 467 2.43909974422
954 468 2.39677412201
955 469 2.31150479519
956 470 2.27945512204
957 471 2.29960647115
958 472 2.23316934496
959 473 2.14206000791
960 474 2.18019818344
961 475 2.18882313789
962 476 2.29741424779
963 477 2.26306899319
964 478 11.6890486231
965 478 11.6890486231
966 478 11.6890486231
967 478 11.6890486231
968 478 11.6890486231
969 478 11.6890486231
970 478 11.6890486231
971 478 11.6890486231
972 478 11.6890486231
973 478 11.6890486231
974 478 11.6890486231
975 478 11.6890486231
976 478 11.6890486231
977 478 11.6890486231
978 478 11.6890486231
979 478 11.6890486231
980 478 11.6890486231
981 478 11.6890486231
982 478 11.6890486231
983 478 11.6890486231
984 478 11.6890486231
985 478 11.6890486231
986 478 11.6890486231
987 478 11.6890486231
988 478 11.6890486231
989 478 11.6890486231
990 478 11.6890486231
991 478 11.6890486231
992 478 11.6890486231
993 478 11.6890486231
994 478 11.6890486231
995 478 11.6890486231
996 478 11.6890486231
997 478 11.6890486231
998 478 11.6890486231
999 478 11.6890486231
1000 479 2.25296105045
1001 480 2.35095114929
1002 481 2.444439039
1003 482 2.55514682833
1004 483 2.59265438981
1005 484 2.70417563568
1006 485 2.76571109335
1007 486 2.86652635941
1008 487 2.90637230998
1009 488 2.88472206329
1010 489 2.8200273823
1011 490 2.71905994047
1012 491 2.62919366563
1013 492 2.51796716542
1014 493 2.45997916763
1015 494 2.3807712524
1016 495 2.4566954496
1017 496 2.52028370159
1018 497 2.4298941102
1019 498 2.40595959664
1020 499 2.51624072921
1021 500 2.52823783687
1022 501 2.44772652882
1023 502 2.5154279573
1024 503 2.61220319823
1025 504 2.63607120217
1026 505 2.741970171
1027 506 2.76333775404
1028 507 2.76481491883
1029 508 2.85038696094
1030 509 2.95990190513
1031 510 3.02093597175
1032 511 2.93446358882
1033 512 12.5463904423
1034 512 12.5463904423
1035 512 12.5463904423
1036 512 12.5463904423
1037 512 12.5463904423
1038 512 12.5463904423
