1 0 2.5583105805
2 1 2.5859502885
3 2 2.63880590756
4 3 2.71501221677
5 4 2.82331446921
6 5 2.84170654278
7 6 2.98145388322
8 7 3.03585580923
9 8 3.18129650556
10 9 3.18655355976
11 10 3.07337153909
12 11 2.93272901166
13 12 2.91123223915
14 13 2.78559556028
15 14 2.6920901105
16 15 2.62802387398
17 16 2.57728298782
18 17 2.58222673086
19 18 2.55838767896
20 19 2.58146333214
21 20 2.56042772241
22 21 2.60733964007
23 22 2.63171099011
24 23 2.63937752977
25 24 2.70884316116
26 25 2.77917968836
27 26 2.8877010685
28 27 3.0050313419
29 28 3.1673158981
30 29 3.22372541559
31 30 3.1861682088
32 31 3.0771442839
33 32 2.93346736722
34 33 2.87492220666
35 34 2.78640632633
36 35 2.73554980571
37 36 2.72340785802
38 37 2.67067047165
39 38 2.75457672774
40 39 2.76505143708
41 40 2.82788608008
42 41 2.75910810491
43 42 2.66061111793
44 43 2.66711225258
45 44 2.67693165282
46 45 2.78377732126
47 46 2.85401507049
48 47 2.88581065382
49 48 2.96996252387
50 49 3.01902053654
51 50 3.1234499641
52 51 3.21140986201
53 52 3.14096455527
54 53 3.22233428661
55 54 3.39971816313
56 55 3.34799749817
57 56 3.2200721185
58 57 3.05434158239
59 58 2.9847312288
60 59 2.85436791335
61 60 2.7616847814
62 61 2.66603066152
63 62 2.62366811449
64 63 2.59970182278
65 64 2.56542222061
66 65 2.61345412975
67 66 2.62017362627
68 67 2.64447267513
69 68 2.71198861585
70 69 2.72772329958
71 70 2.71756068097
72 71 2.73126596045
73 72 2.77399683782
74 73 2.86855530783
75 74 2.95818609486
76 75 3.10744435382
77 76 3.26328948125
78 77 3.33325522071
79 78 3.26370368022
80 79 3.13592793631
81 80 2.97659098945
82 81 2.96030075775
83 82 2.86057278009
84 83 2.88189713275
85 84 2.86249658498
86 85 2.89926044728
87 86 3.03377620186
88 87 3.04176983671
89 88 3.21448156838
90 89 3.22786851417
91 90 3.22776453082
92 91 3.08246535247
93 92 3.11688336062
94 93 3.25739141567
95 94 3.20635324949
96 95 3.22446444118
97 96 3.07835250907
98 97 3.00057886565
99 98 3.06995102351
100 99 3.05114104131
101 100 2.97407437009
102 101 3.00434810434
103 102 3.06302125308
104 103 3.03558955079
105 104 3.19126646622
106 105 3.16539326365
107 106 3.20262532145
108 107 3.39007511976
109 108 3.3788472186
110 109 3.28902962232
111 110 3.10840089347
112 111 3.03521526237
113 112 2.88817121182
114 113 2.7905622872
115 114 2.68238746059
116 115 2.61801933542
117 116 2.58009129679
118 117 2.54174304482
119 118 2.53015432836
120 119 2.52488201208
121 120 2.52570011761
122 121 2.54379856322
123 122 2.59295175445
124 123 2.61198184828
125 124 2.67098930866
126 125 2.75684594335
127 126 2.87212569203
128 127 3.00132394161
129 128 3.1530898904
130 129 3.33909740756
131 130 3.34837599535
132 131 3.26414527889
133 132 3.14107928651
134 133 2.97442398869
135 134 2.89552052003
136 135 2.76357575906
137 136 2.74082093529
138 137 2.66371251606
139 138 2.67872083198
140 139 2.64183807369
141 140 2.68360078301
142 141 2.67307012064
143 142 2.78149489267
144 143 2.83468927373
145 144 2.8092770816
146 145 2.90181115922
147 146 2.83946346376
148 147 2.8085658396
149 148 2.8008276578
150 149 2.82905349753
151 150 2.74025239943
152 151 2.82440735417
153 152 2.96506365753
154 153 3.03749548433
155 154 3.20493015919
156 155 3.19178436153
157 156 3.37338063061
158 157 3.52415909352
159 158 3.6946655879
160 159 3.64606823486
161 160 3.84543188378
162 161 3.89029620116
163 162 3.93451734423
164 163 3.75067130679
165 164 3.62103786969
166 165 3.53168138014
167 166 3.38624239729
168 167 3.20495360503
169 168 3.07772317164
170 169 2.92400088112
171 170 2.81406260406
172 171 2.7203050399
173 172 2.66148144986
174 173 2.65948959196
175 174 2.59401130393
176 175 2.62465779881
177 176 2.5914100574
178 177 2.65723144612
179 178 2.68228204336
180 179 2.66730791195
181 180 2.6318497464
182 181 2.71074447824
183 182 2.74841551914
184 183 2.85020254625
185 184 2.9429110606
186 185 3.05988330698
187 186 3.20360272534
188 187 3.33199098154
189 188 3.40096580325
190 189 3.3167065482
191 190 3.142126713
192 191 3.08379561882
193 192 2.95224128586
194 193 2.87868398787
195 194 2.79632771186
196 195 2.71488839783
197 196 2.75543756859
198 197 2.69540196446
199 198 2.70765297777
200 199 2.65947572268
201 200 2.76727794312
202 201 2.82343843954
203 202 2.94627380861
204 203 3.04402276729
205 204 3.03140719948
206 205 3.13612445469
207 206 3.20436658651
208 207 3.19931409874
209 208 3.38832158268
210 209 3.46624840127
211 210 3.39875351889
212 211 3.55797837467
213 212 3.4811504084
214 213 3.33240189827
215 214 3.15727216043
216 215 3.05504429592
217 216 2.91582325291
218 217 2.86178332791
219 218 2.74994431457
220 219 2.72870920194
221 220 2.70306119419
222 221 2.65358831107
223 222 2.73530235614
224 223 2.73258552988
225 224 2.85513543545
226 225 2.90363679918
227 226 2.93662293385
228 227 2.94281815404
229 228 2.85818244643
230 229 2.8781729888
231 230 2.86282332131
232 231 2.90384325293
233 232 2.9787217185
234 233 3.01608986034
235 234 3.17873314819
236 235 3.28774023597
237 236 3.41164114265
238 237 3.2770058995
239 238 3.2261731348
240 239 3.07954413513
241 240 3.11676648343
242 241 3.03974672395
243 242 3.07772799217
244 243 3.06850885957
245 244 3.02583697432
246 245 3.05585279125
247 246 3.01929190145
248 247 3.13225526791
249 248 6.81818961252
250 248 6.81818961252
251 248 6.81818961252
252 248 6.81818961252
253 248 6.81818961252
254 248 6.81818961252
255 248 6.81818961252
256 248 6.81818961252
257 248 6.81818961252
258 248 6.81818961252
259 248 6.81818961252
260 248 6.81818961252
261 248 6.81818961252
262 248 6.81818961252
263 248 6.81818961252
264 248 6.81818961252
265 248 6.81818961252
266 248 6.81818961252
267 248 6.81818961252
268 248 6.81818961252
269 248 6.81818961252
270 248 6.81818961252
271 248 6.81818961252
272 248 6.81818961252
273 248 6.81818961252
274 248 6.81818961252
275 248 6.81818961252
276 248 6.81818961252
277 248 6.81818961252
278 248 6.81818961252
279 248 6.81818961252
280 248 6.81818961252
281 248 6.81818961252
282 248 6.81818961252
283 248 6.81818961252
284 248 6.81818961252
285 248 6.81818961252
286 248 6.81818961252
287 248 6.81818961252
288 249 3.412669172
289 250 3.24965456339
290 251 3.14399079702
291 252 3.07422254555
292 253 3.07704516878
293 254 3.21006408171
294 255 3.22448736279
295 256 3.29329449064
296 257 3.28708606544
297 258 3.23425525272
298 259 3.22474368199
299 260 3.26266353729
300 261 3.20457186128
301 262 3.2589599571
302 263 3.15825326772
303 264 3.10368763953
304 265 3.27460013199
305 266 3.26313853504
306 267 3.18591865354
307 268 3.0316321856
308 269 2.95921063225
309 270 2.82453033167
310 271 2.79236256126
311 272 2.68655636442
312 273 2.6553799407
313 274 2.62087045784
314 275 2.58691406471
315 276 2.65584000882
316 277 2.69390332176
317 278 2.75115833159
318 279 2.72716643009
319 280 2.74915207014
320 281 2.73380038418
321 282 2.81974991262
322 283 2.8383509818
323 284 2.96679639451
324 285 3.07560146927
325 286 3.03428566396
326 287 2.89969392549
327 288 2.83251109405
328 289 2.76204567967
329 290 2.8056738214
330 291 2.76540881503
331 292 2.85830352747
332 293 2.89289928514
333 294 3.00711298155
334 295 3.1607606958
335 296 3.26009077091
336 297 3.35420070904
337 298 3.19468095439
338 299 3.22426484072
339 300 3.08300401839
340 301 3.0650921476
341 302 2.96209719316
342 303 2.88212044279
343 304 2.80460705952
344 305 2.79242408705
345 306 2.70099325222
346 307 2.73019505817
347 308 4.1655660027
348 308 4.1655660027
349 308 4.1655660027
