1 0 11.3089081213
2 0 11.3089081213
3 0 11.3089081213
4 0 11.3089081213
5 0 11.3089081213
6 0 11.3089081213
7 0 11.3089081213
8 0 11.3089081213
9 0 11.3089081213
10 0 11.3089081213
11 0 11.3089081213
12 0 11.3089081213
13 0 11.3089081213
14 0 11.3089081213
15 0 11.3089081213
16 0 11.3089081213
17 0 11.3089081213
18 0 11.3089081213
19 0 11.3089081213
20 0 11.3089081213
21 0 11.3089081213
22 0 11.3089081213
23 0 11.3089081213
24 0 11.3089081213
25 0 11.3089081213
26 0 11.3089081213
27 0 11.3089081213
28 0 11.3089081213
29 0 11.3089081213
30 0 11.3089081213
31 0 11.3089081213
32 0 11.3089081213
33 0 11.3089081213
34 0 11.3089081213
35 0 11.3089081213
36 0 11.3089081213
37 0 11.3089081213
38 0 11.3089081213
39 0 11.3089081213
40 0 11.3089081213
41 0 11.3089081213
42 0 11.3089081213
43 0 11.3089081213
44 0 11.3089081213
45 0 11.3089081213
46 0 11.3089081213
47 0 11.3089081213
48 0 11.3089081213
49 0 11.3089081213
50 0 11.3089081213
51 0 11.3089081213
52 0 11.3089081213
53 0 11.3089081213
54 1 1.40556157124
55 2 1.48890841224
56 3 1.49321050668
57 4 1.42590349782
58 5 1.45024318598
59 6 1.40770476258
60 7 1.38484755222
61 8 1.34905715159
62 9 1.32188227019
63 10 1.30156269821
64 11 1.28664721708
65 12 1.24832549046
66 13 1.21411781072
67 14 1.15781495859
68 15 1.1680692771
69 16 1.12780914585
70 17 1.10703875362
71 18 1.05364412283
72 19 1.05553820381
73 20 1.09431134982
74 21 1.09363235656
75 22 1.13617728427
76 23 1.13447307454
77 24 1.14307010884
78 25 1.16906454581
79 26 1.21489528306
80 27 1.26493906176
81 28 1.3054567174
82 29 1.2716206232
83 30 1.23313899529
84 31 1.1824270727
85 32 1.13746271014
86 33 1.13513871161
87 34 1.10156153894
88 35 1.11458451763
89 36 1.08635334791
90 37 1.13136094106
91 38 1.12337942369
92 39 1.15858394881
93 40 1.14479826738
94 41 1.19054796799
95 42 1.20298331787
96 43 1.25534195703
97 44 1.29600375107
98 45 1.3197587222
99 46 1.37327840679
100 47 1.39945807641
101 48 1.39430995677
102 49 1.44405766521
103 50 1.44947001863
104 51 1.39532933103
105 52 1.37201398379
106 53 1.30766257114
107 54 1.28695898122
108 55 1.25433022609
109 56 1.24038519827
110 57 1.19467608012
111 58 1.18400210334
112 59 1.12407221521
113 60 1.10825761945
114 61 1.11446219918
115 62 1.06269524692
116 63 1.05100636015
117 64 1.04016858736
118 65 1.01048712128
119 66 1.00193130578
120 67 1.02936062027
121 68 1.02677114142
122 69 1.05799059261
123 70 1.03113066038
124 71 1.07857863859
125 72 1.04775472356
126 73 1.05652236614
127 74 1.07017836348
128 75 1.10321805992
129 76 1.07964426193
130 77 1.07084813446
131 78 1.02022283479
132 79 1.01754770226
133 80 0.982812246055
134 81 0.999542156684
135 82 0.984156404756
136 83 0.998632308826
137 84 0.957018503435
138 85 0.978312033349
139 86 0.974674077744
140 87 1.02529281166
141 88 1.04527232495
142 89 1.10412104149
143 90 1.13552062146
144 91 1.17076891767
145 92 1.21016322166
146 93 1.21892704282
147 94 1.20346965568
148 95 1.16729651173
149 96 1.13778056626
150 97 1.11951350032
151 98 1.09197406168
152 99 1.03725385833
153 100 1.02435145925
154 101 0.979297656559
155 102 0.951853944016
156 103 0.914340638488
157 104 0.903652979492
158 105 0.916442652581
159 106 0.924490520466
160 107 0.939775151244
161 108 0.933339623382
162 109 0.943353092452
163 110 0.946576666632
164 111 0.938056588377
165 112 0.933795178188
166 113 0.93704033059
167 114 0.916775280164
168 115 0.956637639053
169 116 0.934378244227
170 117 0.901608305179
171 118 0.911133752707
172 119 0.883397463442
173 120 0.899765023771
174 121 0.88352455449
175 122 0.895731217505
176 123 0.895147571316
177 124 0.904006341175
178 125 0.917705413219
179 126 0.901466515267
180 127 0.906464303245
181 128 0.878452495438
182 129 0.866964082521
183 130 0.854396769357
184 131 0.849855455939
185 132 0.872918638745
186 133 0.882122350074
187 134 0.931502254009
188 135 0.925074821744
189 136 0.903095872562
190 137 0.938284155613
191 138 0.916969047888
192 139 0.881603742893
193 140 0.854637307944
194 141 0.827911064037
195 142 0.824117863592
196 143 0.840436706803
197 144 0.857099295163
198 145 0.889705564012
199 146 0.9410147208
200 147 0.945966030245
201 148 0.984480195334
202 149 0.963472761337
203 150 0.935344365434
204 151 0.923067408762
205 152 0.949935672691
206 153 0.948436348976
207 154 0.924615297471
208 155 0.942838279753
209 156 0.927961316158
210 157 0.959897116552
211 158 0.990568813024
212 159 0.998398586785
213 160 0.938533682219
214 161 0.905884622251
215 162 0.868149055176
216 163 0.891934530396
217 164 0.905404632001
218 165 0.935223310842
219 166 0.928821209013
220 167 0.96813168735
221 168 0.967576024464
222 169 0.995048275141
223 170 1.01863793698
224 171 1.05839366304
225 172 1.03551418934
226 173 1.0015899893
227 174 0.960522763432
228 175 0.945496469283
229 176 0.893134615228
230 177 0.863524150757
231 178 0.829094338087
232 179 0.813517689575
233 180 0.846082813091
234 181 0.868658929491
235 182 0.912128013119
236 183 0.931965348906
237 184 0.962478064561
238 185 1.01899965553
239 186 1.03462769083
240 187 1.08539440856
241 188 1.13259552787
242 189 1.13917437217
243 190 1.19760753912
244 191 1.15277898851
245 192 1.15611804998
246 193 1.10535872206
247 194 1.04833706134
248 195 1.03335569364
249 196 1.01497440168
250 197 1.0118308679
251 198 1.01563184097
252 199 1.03386198206
253 200 1.05020207881
254 201 1.11688650807
255 202 1.10845695786
256 203 1.1586709575
257 204 1.21411288031
258 205 1.13982837476
259 206 1.12045172122
260 207 1.05484600332
261 208 1.05363007333
262 209 1.11638812263
263 210 1.08805980031
264 211 1.11428130147
265 212 1.08527106624
266 213 1.09737632629
267 214 1.09249612645
268 215 1.10249044405
269 216 1.16163683936
270 217 1.18326711124
271 218 1.20580920017
272 219 1.18111669326
273 220 1.19294294539
274 221 1.19870227228
275 222 1.17405660176
276 223 1.2003361862
277 224 1.12539518581
278 225 1.15484340122
279 226 3.36197030973
280 226 3.36197030973
281 226 3.36197030973
282 226 3.36197030973
283 226 3.36197030973
284 226 3.36197030973
285 226 3.36197030973
286 226 3.36197030973
287 226 3.36197030973
288 226 3.36197030973
289 226 3.36197030973
290 227 1.27072244532
291 228 1.20626892392
292 229 1.26960195629
293 230 1.25593096506
294 231 1.31093633878
295 232 1.32473741369
296 233 1.29344395951
297 234 1.29509479972
298 235 1.30116016588
299 236 1.3168811712
300 237 1.25285389472
301 238 1.25099869113
302 239 1.18015180319
303 240 1.12517566303
304 241 1.12276703941
305 242 1.07573866108
306 243 1.0803204096
307 244 1.11928734343
308 245 1.11958894565
309 246 1.16099289581
310 247 1.19601665772
311 248 1.18405305315
312 249 1.26775326943
313 250 1.29848591465
314 251 1.38580103408
315 252 2.30768223872
316 252 2.30768223872
317 252 2.30768223872
318 252 2.30768223872
319 252 2.30768223872
320 252 2.30768223872
321 252 2.30768223872
322 252 2.30768223872
323 252 2.30768223872
324 252 2.30768223872
325 253 1.2746159293
326 254 1.22013664953
327 255 1.21471066346
328 256 1.17930716462
329 257 1.16882231712
330 258 1.15057780406
331 259 1.14412252535
332 260 1.20599644352
333 261 1.21499803186
334 262 1.25068877908
335 263 1.24598185868
336 264 1.28202076243
337 265 1.30914452718
338 266 1.32654232864
339 267 1.39136428602
340 268 1.35918315129
341 269 1.42897682394
342 270 1.46686215862
343 271 1.37899132196
344 272 1.4279834236
345 273 1.70545063532
346 273 1.70545063532
347 273 1.70545063532
348 273 1.70545063532
349 273 1.70545063532
350 273 1.70545063532
351 273 1.70545063532
352 273 1.70545063532
353 273 1.70545063532
354 273 1.70545063532
355 273 1.70545063532
356 273 1.70545063532
357 273 1.70545063532
358 273 1.70545063532
359 273 1.70545063532
360 273 1.70545063532
361 273 1.70545063532
362 273 1.70545063532
363 273 1.70545063532
364 273 1.70545063532
365 273 1.70545063532
366 273 1.70545063532
367 273 1.70545063532
368 273 1.70545063532
369 273 1.70545063532
370 273 1.70545063532
371 273 1.70545063532
372 273 1.70545063532
373 273 1.70545063532
374 273 1.70545063532
375 273 1.70545063532
376 273 1.70545063532
377 273 1.70545063532
378 273 1.70545063532
379 273 1.70545063532
380 273 1.70545063532
381 273 1.70545063532
382 273 1.70545063532
383 273 1.70545063532
384 273 1.70545063532
385 273 1.70545063532
386 273 1.70545063532
387 273 1.70545063532
388 273 1.70545063532
389 273 1.70545063532
390 274 1.44932853332
391 275 1.39163965461
392 276 1.41233642578
393 277 1.36102566047
394 278 1.343293804
395 279 1.32245693644
396 280 1.30377318891
397 281 1.30132475143
398 282 1.24889546362
399 283 1.20676374371
400 284 1.15656658591
401 285 1.14342309739
402 286 1.08806770271
403 287 1.08262438012
404 288 1.10800782957
405 289 1.11317646922
406 290 1.12399019658
407 291 1.19406603174
408 292 1.18364586134
409 293 1.20722994612
410 294 1.27239436828
411 295 1.32078365051
412 296 1.28321530816
413 297 1.22739384855
414 298 1.19776685962
415 299 1.17206091855
416 300 1.15436430439
417 301 1.16186060954
418 302 1.15808087847
419 303 1.21671214412
420 304 1.2272973744
421 305 1.21629475656
422 306 1.25922712411
423 307 1.26943839984
424 308 1.31661889184
425 309 3.57807787247
426 309 3.57807787247
427 309 3.57807787247
428 309 3.57807787247
429 309 3.57807787247
430 310 1.24759588489
431 311 1.15390578673
432 312 1.12864272698
433 313 1.20299624738
434 314 1.17180651072
435 315 1.08402659417
436 316 1.14028652654
437 317 1.19935947953
438 318 1.12097329059
439 319 1.11234726689
440 320 1.21497236001
441 321 1.22264881583
442 322 1.13868959648
443 323 1.11858867988
444 324 1.19761090201
445 325 1.28777460567
446 326 1.2561391695
447 327 1.22951676213
448 328 1.22834546568
449 329 1.29193297891
450 330 1.28085809697
451 331 1.23070314537
452 332 1.30512453841
453 333 1.37217542581
454 334 1.29945620646
455 335 1.35478572306
456 336 1.32903389678
457 337 1.38670182738
458 338 1.39593561865
459 339 1.42851310398
460 340 1.51603624856
461 341 1.56812439011
462 342 1.6677827714
463 343 1.67558856334
464 344 1.69199686318
465 345 1.80700813794
466 346 1.87858331008
467 347 1.87098438371
468 348 1.75826592169
469 349 1.69415598041
470 350 1.64871549588
471 351 1.71220993235
472 352 1.67022019007
473 353 1.69628224808
474 354 1.62026934929
475 355 1.62807154178
476 356 1.53994708212
477 357 1.54948341753
478 358 1.5009777025
479 359 1.47796923267
480 360 1.46032422471
481 361 1.43258576334
482 362 1.51749485875
483 363 1.5114291043
484 364 1.55291384732
485 365 1.48025362854
486 366 1.45730661073
487 367 1.52376134537
488 368 1.61544806663
489 369 1.69261120362
490 370 1.66522830627
491 371 1.63096322046
492 372 1.56662894936
493 373 1.61755069176
494 374 1.63761513447
495 375 1.67519805343
496 376 1.67474768217
497 377 1.61410895234
498 378 1.64759932896
499 379 1.70207682425
500 380 1.72350653926
501 381 1.82024349628
502 382 1.8740570852
503 383 1.98220844335
504 384 1.99844304145
505 385 2.06379570496
506 386 1.97624041174
507 387 1.89112933827
508 388 1.96316736356
509 389 1.97143777264
510 390 1.8466483152
511 391 1.84374572874
512 392 1.93329609485
513 393 1.87192630071
514 394 1.76550315008
515 395 1.82962245978
516 396 1.85751003255
517 397 1.74720608514
518 398 1.66882608168
519 399 1.74183053301
520 400 1.75663439875
521 401 1.65103564792
522 402 1.61614156875
523 403 1.54066899752
524 404 1.58938156175
525 405 1.52068742937
526 406 1.43068521549
527 407 1.40943754207
528 408 1.48086255613
529 409 1.42607740817
530 410 1.4192641937
531 411 1.5301162911
532 412 1.57216931672
533 413 1.53289341893
534 414 1.57978575799
535 415 1.68942977285
536 416 1.69623423379
537 417 2.78180873596
538 417 2.78180873596
539 417 2.78180873596
540 417 2.78180873596
541 417 2.78180873596
542 417 2.78180873596
543 417 2.78180873596
544 417 2.78180873596
545 417 2.78180873596
546 417 2.78180873596
547 417 2.78180873596
548 417 2.78180873596
549 417 2.78180873596
550 417 2.78180873596
551 417 2.78180873596
552 417 2.78180873596
553 417 2.78180873596
554 417 2.78180873596
555 417 2.78180873596
556 417 2.78180873596
557 417 2.78180873596
558 417 2.78180873596
559 417 2.78180873596
560 417 2.78180873596
561 417 2.78180873596
562 417 2.78180873596
563 417 2.78180873596
564 417 2.78180873596
565 417 2.78180873596
566 417 2.78180873596
567 417 2.78180873596
568 417 2.78180873596
569 417 2.78180873596
570 417 2.78180873596
571 417 2.78180873596
572 417 2.78180873596
573 417 2.78180873596
574 417 2.78180873596
575 417 2.78180873596
576 417 2.78180873596
577 417 2.78180873596
578 417 2.78180873596
579 417 2.78180873596
580 417 2.78180873596
581 417 2.78180873596
582 417 2.78180873596
583 417 2.78180873596
584 417 2.78180873596
585 417 2.78180873596
586 417 2.78180873596
587 417 2.78180873596
588 417 2.78180873596
589 417 2.78180873596
590 417 2.78180873596
591 417 2.78180873596
592 417 2.78180873596
593 417 2.78180873596
594 417 2.78180873596
595 417 2.78180873596
596 417 2.78180873596
597 417 2.78180873596
598 417 2.78180873596
599 417 2.78180873596
600 417 2.78180873596
601 417 2.78180873596
602 417 2.78180873596
603 417 2.78180873596
604 417 2.78180873596
605 417 2.78180873596
606 417 2.78180873596
607 417 2.78180873596
608 417 2.78180873596
609 417 2.78180873596
610 417 2.78180873596
611 417 2.78180873596
612 417 2.78180873596
613 417 2.78180873596
614 417 2.78180873596
615 417 2.78180873596
616 418 1.94952454282
617 418 1.94952454282
618 418 1.94952454282
619 418 1.94952454282
620 418 1.94952454282
621 418 1.94952454282
622 418 1.94952454282
623 418 1.94952454282
624 418 1.94952454282
625 418 1.94952454282
626 418 1.94952454282
627 418 1.94952454282
628 418 1.94952454282
629 418 1.94952454282
630 418 1.94952454282
631 418 1.94952454282
632 418 1.94952454282
633 418 1.94952454282
634 418 1.94952454282
635 418 1.94952454282
636 418 1.94952454282
637 418 1.94952454282
638 418 1.94952454282
639 418 1.94952454282
640 418 1.94952454282
641 418 1.94952454282
642 418 1.94952454282
643 418 1.94952454282
644 418 1.94952454282
645 418 1.94952454282
646 418 1.94952454282
647 418 1.94952454282
648 418 1.94952454282
649 418 1.94952454282
650 418 1.94952454282
651 418 1.94952454282
652 418 1.94952454282
653 418 1.94952454282
654 418 1.94952454282
655 418 1.94952454282
656 418 1.94952454282
657 418 1.94952454282
658 418 1.94952454282
659 418 1.94952454282
660 418 1.94952454282
661 418 1.94952454282
662 418 1.94952454282
663 418 1.94952454282
664 418 1.94952454282
665 418 1.94952454282
666 418 1.94952454282
667 418 1.94952454282
668 418 1.94952454282
669 418 1.94952454282
670 418 1.94952454282
671 418 1.94952454282
672 418 1.94952454282
673 418 1.94952454282
674 418 1.94952454282
675 418 1.94952454282
676 418 1.94952454282
677 418 1.94952454282
678 418 1.94952454282
679 418 1.94952454282
680 418 1.94952454282
681 418 1.94952454282
682 418 1.94952454282
683 418 1.94952454282
684 418 1.94952454282
685 418 1.94952454282
686 418 1.94952454282
687 418 1.94952454282
688 418 1.94952454282
689 418 1.94952454282
690 418 1.94952454282
691 418 1.94952454282
692 418 1.94952454282
693 418 1.94952454282
694 418 1.94952454282
695 419 2.57816542046
696 419 2.57816542046
697 419 2.57816542046
698 419 2.57816542046
699 419 2.57816542046
700 419 2.57816542046
701 419 2.57816542046
702 419 2.57816542046
703 419 2.57816542046
704 419 2.57816542046
705 419 2.57816542046
706 419 2.57816542046
707 419 2.57816542046
708 419 2.57816542046
709 419 2.57816542046
710 419 2.57816542046
711 419 2.57816542046
712 419 2.57816542046
713 419 2.57816542046
714 419 2.57816542046
715 419 2.57816542046
716 419 2.57816542046
717 419 2.57816542046
718 419 2.57816542046
719 419 2.57816542046
720 419 2.57816542046
721 419 2.57816542046
722 419 2.57816542046
723 419 2.57816542046
724 419 2.57816542046
725 419 2.57816542046
726 419 2.57816542046
727 419 2.57816542046
728 419 2.57816542046
729 419 2.57816542046
730 419 2.57816542046
731 419 2.57816542046
732 419 2.57816542046
733 419 2.57816542046
734 419 2.57816542046
735 419 2.57816542046
736 419 2.57816542046
737 419 2.57816542046
738 419 2.57816542046
739 419 2.57816542046
740 419 2.57816542046
741 419 2.57816542046
742 419 2.57816542046
743 419 2.57816542046
744 419 2.57816542046
745 419 2.57816542046
746 419 2.57816542046
747 419 2.57816542046
748 419 2.57816542046
749 419 2.57816542046
750 419 2.57816542046
751 419 2.57816542046
752 419 2.57816542046
753 419 2.57816542046
754 419 2.57816542046
755 419 2.57816542046
756 419 2.57816542046
757 419 2.57816542046
758 419 2.57816542046
759 419 2.57816542046
760 419 2.57816542046
761 419 2.57816542046
762 419 2.57816542046
763 419 2.57816542046
764 419 2.57816542046
765 419 2.57816542046
766 419 2.57816542046
767 419 2.57816542046
768 419 2.57816542046
769 419 2.57816542046
770 419 2.57816542046
771 419 2.57816542046
772 419 2.57816542046
773 420 1.77450347768
774 420 1.77450347768
775 420 1.77450347768
776 420 1.77450347768
777 420 1.77450347768
778 420 1.77450347768
779 420 1.77450347768
780 420 1.77450347768
781 420 1.77450347768
782 420 1.77450347768
783 420 1.77450347768
784 420 1.77450347768
785 420 1.77450347768
786 420 1.77450347768
787 420 1.77450347768
788 420 1.77450347768
789 420 1.77450347768
790 420 1.77450347768
791 420 1.77450347768
792 420 1.77450347768
793 420 1.77450347768
794 420 1.77450347768
795 420 1.77450347768
796 420 1.77450347768
797 420 1.77450347768
798 420 1.77450347768
799 420 1.77450347768
800 420 1.77450347768
801 420 1.77450347768
802 420 1.77450347768
803 420 1.77450347768
804 420 1.77450347768
805 420 1.77450347768
806 420 1.77450347768
807 420 1.77450347768
808 420 1.77450347768
809 420 1.77450347768
810 420 1.77450347768
811 420 1.77450347768
812 420 1.77450347768
813 420 1.77450347768
814 420 1.77450347768
815 420 1.77450347768
816 420 1.77450347768
817 420 1.77450347768
818 420 1.77450347768
819 420 1.77450347768
820 420 1.77450347768
821 420 1.77450347768
822 420 1.77450347768
823 420 1.77450347768
824 420 1.77450347768
825 420 1.77450347768
826 421 7.22854189727
827 421 7.22854189727
828 421 7.22854189727
829 421 7.22854189727
830 421 7.22854189727
831 421 7.22854189727
832 421 7.22854189727
833 421 7.22854189727
834 421 7.22854189727
835 421 7.22854189727
836 421 7.22854189727
837 421 7.22854189727
838 421 7.22854189727
839 421 7.22854189727
840 421 7.22854189727
841 421 7.22854189727
842 421 7.22854189727
843 421 7.22854189727
844 421 7.22854189727
845 421 7.22854189727
846 421 7.22854189727
847 421 7.22854189727
848 421 7.22854189727
849 421 7.22854189727
850 421 7.22854189727
851 421 7.22854189727
852 421 7.22854189727
853 421 7.22854189727
854 421 7.22854189727
855 421 7.22854189727
856 421 7.22854189727
857 421 7.22854189727
858 421 7.22854189727
859 421 7.22854189727
860 421 7.22854189727
861 421 7.22854189727
862 421 7.22854189727
863 421 7.22854189727
864 421 7.22854189727
865 421 7.22854189727
866 421 7.22854189727
867 421 7.22854189727
868 421 7.22854189727
869 421 7.22854189727
870 421 7.22854189727
871 421 7.22854189727
872 421 7.22854189727
873 421 7.22854189727
874 421 7.22854189727
875 421 7.22854189727
876 421 7.22854189727
877 421 7.22854189727
878 421 7.22854189727
879 422 6.22662877908
880 422 6.22662877908
881 422 6.22662877908
882 422 6.22662877908
883 422 6.22662877908
884 422 6.22662877908
885 422 6.22662877908
886 422 6.22662877908
887 422 6.22662877908
888 422 6.22662877908
889 422 6.22662877908
890 422 6.22662877908
891 422 6.22662877908
892 422 6.22662877908
893 422 6.22662877908
894 422 6.22662877908
895 422 6.22662877908
896 422 6.22662877908
897 422 6.22662877908
898 422 6.22662877908
899 422 6.22662877908
900 422 6.22662877908
901 422 6.22662877908
902 422 6.22662877908
903 422 6.22662877908
904 422 6.22662877908
905 422 6.22662877908
906 422 6.22662877908
907 422 6.22662877908
908 422 6.22662877908
909 422 6.22662877908
910 422 6.22662877908
911 422 6.22662877908
912 422 6.22662877908
913 422 6.22662877908
914 422 6.22662877908
915 422 6.22662877908
916 422 6.22662877908
917 422 6.22662877908
918 422 6.22662877908
919 422 6.22662877908
920 422 6.22662877908
921 422 6.22662877908
922 422 6.22662877908
923 422 6.22662877908
924 422 6.22662877908
925 422 6.22662877908
926 422 6.22662877908
927 422 6.22662877908
928 422 6.22662877908
929 422 6.22662877908
930 422 6.22662877908
931 422 6.22662877908
932 422 6.22662877908
933 422 6.22662877908
934 422 6.22662877908
935 422 6.22662877908
936 422 6.22662877908
937 422 6.22662877908
938 423 1.30634343939
939 423 1.30634343939
940 423 1.30634343939
941 423 1.30634343939
942 423 1.30634343939
943 423 1.30634343939
944 423 1.30634343939
945 423 1.30634343939
946 423 1.30634343939
947 423 1.30634343939
948 423 1.30634343939
949 423 1.30634343939
950 423 1.30634343939
951 423 1.30634343939
952 423 1.30634343939
953 423 1.30634343939
954 423 1.30634343939
955 423 1.30634343939
956 423 1.30634343939
957 423 1.30634343939
958 423 1.30634343939
959 423 1.30634343939
960 423 1.30634343939
961 423 1.30634343939
962 423 1.30634343939
963 423 1.30634343939
964 423 1.30634343939
965 423 1.30634343939
966 423 1.30634343939
967 423 1.30634343939
968 423 1.30634343939
969 423 1.30634343939
970 423 1.30634343939
971 423 1.30634343939
972 423 1.30634343939
973 423 1.30634343939
974 423 1.30634343939
975 423 1.30634343939
976 423 1.30634343939
977 423 1.30634343939
978 423 1.30634343939
979 423 1.30634343939
980 423 1.30634343939
981 423 1.30634343939
982 423 1.30634343939
983 423 1.30634343939
984 423 1.30634343939
985 423 1.30634343939
986 423 1.30634343939
987 423 1.30634343939
988 423 1.30634343939
989 423 1.30634343939
990 423 1.30634343939
991 423 1.30634343939
992 423 1.30634343939
993 423 1.30634343939
994 423 1.30634343939
995 423 1.30634343939
996 424 6.94753748198
997 424 6.94753748198
998 424 6.94753748198
999 424 6.94753748198
1000 424 6.94753748198
1001 424 6.94753748198
1002 424 6.94753748198
1003 424 6.94753748198
1004 424 6.94753748198
1005 424 6.94753748198
1006 424 6.94753748198
1007 424 6.94753748198
1008 424 6.94753748198
1009 424 6.94753748198
1010 424 6.94753748198
1011 424 6.94753748198
1012 424 6.94753748198
1013 424 6.94753748198
1014 424 6.94753748198
1015 424 6.94753748198
1016 424 6.94753748198
1017 424 6.94753748198
1018 424 6.94753748198
1019 424 6.94753748198
1020 424 6.94753748198
1021 424 6.94753748198
1022 424 6.94753748198
1023 424 6.94753748198
1024 424 6.94753748198
1025 424 6.94753748198
1026 424 6.94753748198
1027 424 6.94753748198
1028 424 6.94753748198
1029 424 6.94753748198
1030 424 6.94753748198
1031 424 6.94753748198
1032 424 6.94753748198
1033 424 6.94753748198
1034 424 6.94753748198
1035 424 6.94753748198
1036 424 6.94753748198
1037 424 6.94753748198
1038 424 6.94753748198
1039 424 6.94753748198
1040 424 6.94753748198
1041 424 6.94753748198
1042 424 6.94753748198
1043 424 6.94753748198
1044 424 6.94753748198
1045 424 6.94753748198
1046 424 6.94753748198
1047 424 6.94753748198
1048 424 6.94753748198
1049 424 6.94753748198
1050 424 6.94753748198
1051 424 6.94753748198
1052 424 6.94753748198
1053 424 6.94753748198
1054 424 6.94753748198
1055 424 6.94753748198
1056 424 6.94753748198
1057 424 6.94753748198
1058 424 6.94753748198
1059 424 6.94753748198
1060 424 6.94753748198
1061 424 6.94753748198
1062 424 6.94753748198
1063 424 6.94753748198
1064 424 6.94753748198
1065 424 6.94753748198
1066 424 6.94753748198
1067 424 6.94753748198
1068 424 6.94753748198
1069 424 6.94753748198
1070 424 6.94753748198
1071 424 6.94753748198
1072 424 6.94753748198
1073 424 6.94753748198
1074 424 6.94753748198
1075 424 6.94753748198
1076 424 6.94753748198
1077 424 6.94753748198
1078 424 6.94753748198
1079 424 6.94753748198
1080 424 6.94753748198
1081 424 6.94753748198
1082 424 6.94753748198
1083 424 6.94753748198
1084 424 6.94753748198
1085 424 6.94753748198
1086 424 6.94753748198
1087 424 6.94753748198
1088 424 6.94753748198
1089 424 6.94753748198
1090 424 6.94753748198
1091 424 6.94753748198
1092 425 6.43898734977
1093 426 6.6606428383
1094 427 6.41610346902
1095 428 6.08441576948
1096 429 5.99291133529
1097 430 5.9762984618
1098 431 5.84237475804
1099 432 5.80285905325
1100 433 5.77723742061
1101 434 6.01505599795
1102 435 6.1417120095
1103 436 6.32188536233
1104 437 6.3204305928
1105 438 6.10290690158
1106 439 6.24711303637
1107 440 6.15820563103
1108 441 6.11055913173
1109 442 5.86465137174
1110 443 5.78912495324
1111 444 5.72633749716
1112 445 5.78244775319
1113 446 5.77685068776
1114 447 5.84637329553
1115 448 5.79558520704
1116 449 5.79917468416
1117 450 5.74701371475
1118 451 5.761696259
1119 452 5.74065678503
1120 453 5.79813732591
1121 454 5.74376957219
1122 455 5.81468535234
1123 456 5.74524985105
1124 457 5.67304505975
1125 458 5.65362219791
1126 459 5.66818175288
1127 460 5.60247572343
1128 461 5.5931770934
1129 462 5.57338643245
1130 463 5.50577451249
1131 464 5.42961347112
1132 465 5.44494467452
1133 466 5.52318001478
1134 467 5.58603187155
1135 468 5.59527067773
1136 469 5.71801377319
1137 470 5.72896458916
1138 471 5.67009375842
1139 472 5.70601258489
1140 473 10.6525654435
1141 473 10.6525654435
1142 473 10.6525654435
1143 473 10.6525654435
1144 473 10.6525654435
1145 473 10.6525654435
1146 473 10.6525654435
1147 473 10.6525654435
1148 473 10.6525654435
