1 0 3.64461800434
2 1 3.76899206442
3 2 3.87026110179
4 3 4.03830421456
5 4 4.21471157451
6 5 4.2011691497
7 6 4.43754583396
8 7 4.45761389521
9 8 4.65389513071
10 9 4.57532757315
11 10 4.36024430001
12 11 4.15773301295
13 12 4.03163304607
14 13 3.85696365033
15 14 3.77408374046
16 15 3.65754020162
17 16 3.58662446364
18 17 3.61967112922
19 18 3.51597525537
20 19 3.54476442433
21 20 3.52353377336
22 21 3.67368003417
23 22 3.76978860116
24 23 3.78284787525
25 24 3.895773926
26 25 3.99594837984
27 26 4.11867831782
28 27 4.27463146956
29 28 4.46495703558
30 29 4.62092861817
31 30 4.54395058282
32 31 4.45337610797
33 32 4.25316275451
34 33 4.21444202595
35 34 4.08156426534
36 35 4.01242760226
37 36 3.97363952745
38 37 3.84787915383
39 38 3.97585717272
40 39 3.90310115866
41 40 3.99643503497
42 41 3.96360159988
43 42 3.78712599637
44 43 3.88437820002
45 44 3.92023167124
46 45 4.12718714711
47 46 4.24210635336
48 47 4.26997143868
49 48 4.39678218115
50 49 4.45776828102
51 50 4.57713567786
52 51 4.65379963797
53 52 4.50461878981
54 53 4.54673100478
55 54 4.75083594365
56 55 4.63866482533
57 56 4.46917918935
58 57 4.25844384533
59 58 4.08614112293
60 59 3.8988886982
61 60 3.83802619295
62 61 3.6972216038
63 62 3.68249170856
64 63 3.63622249606
65 64 3.56087091501
66 65 3.68173488235
67 66 3.68933106811
68 67 3.77282164942
69 68 3.90841406393
70 69 3.94398681643
71 70 3.90658464449
72 71 3.89989363429
73 72 3.90188115291
74 73 4.00989415323
75 74 4.04913607366
76 75 4.25149160855
77 76 4.39244427531
78 77 4.51797105572
79 78 4.35307299501
80 79 4.26251856938
81 80 4.09177341321
82 81 4.16099021857
83 82 4.0688107946
84 83 4.16238573382
85 84 4.1659950006
86 85 4.24362361678
87 86 4.44977682174
88 87 4.45416246953
89 88 4.70329634184
90 89 4.74200007787
91 90 4.75629114405
92 91 4.56228147199
93 92 4.63188479952
94 93 4.81768067955
95 94 4.7278375795
96 95 4.73754429434
97 96 4.53126398648
98 97 4.39435970126
99 98 4.47399165672
100 99 4.40199967678
101 100 4.27969670675
102 101 4.26038109655
103 102 4.27309580202
104 103 4.14513279561
105 104 4.28762666795
106 105 4.15549083434
107 106 4.16223134689
108 107 4.35146223948
109 108 4.33985892254
110 109 4.31074479848
111 110 4.09440598807
112 111 3.98194760641
113 112 3.80048616594
114 113 3.7257883659
115 114 3.56879983585
116 115 3.53192934528
117 116 3.40291755034
118 117 3.32798560327
119 118 3.40557355568
120 119 3.3326989194
121 120 3.34620513138
122 121 3.48611800152
123 122 3.59652836686
124 123 3.53520982856
125 124 3.57524370152
126 125 3.60191049846
127 126 3.746728786
128 127 3.82585771935
129 128 4.02619423028
130 129 4.20010665593
131 130 4.16020582015
132 131 3.98636366339
133 132 3.86678147542
134 133 3.70664119462
135 134 3.69949771448
136 135 3.58833256297
137 136 3.67442842151
138 137 3.63656560732
139 138 3.75626595285
140 139 3.70061980567
141 140 3.83839002281
142 141 3.83492685823
143 142 4.03964047973
144 143 4.10044581598
145 144 4.04657077938
146 145 4.15052221719
147 146 4.02762513644
148 147 3.91551992731
149 148 3.8243671369
150 149 3.75429878395
151 150 3.57265609404
152 151 3.56198579996
153 152 3.67107816007
154 153 3.64686258057
155 154 3.79031240205
156 155 3.75748904463
157 156 3.94654892038
158 157 4.06388586508
159 158 4.28585821874
160 159 4.33687466451
161 160 4.58277255118
162 161 4.7347141276
163 162 4.82745646707
164 163 4.63447545512
165 164 4.58770907777
166 165 4.4073783924
167 166 4.22726683777
168 167 4.01229970181
169 168 3.84450856383
170 169 3.67187571051
171 170 3.53855774659
172 171 3.40360982202
173 172 3.31775115151
174 173 3.2264648189
175 174 3.22134822785
176 175 3.17306002474
177 176 3.19771419081
178 177 3.17046048949
179 178 3.14514807505
180 179 3.14742314585
181 180 3.19537045384
182 181 3.23757190641
183 182 3.31920826017
184 183 3.39629123538
185 184 3.54003764986
186 185 3.66785555968
187 186 3.84391043287
188 187 3.98463627211
189 188 3.95808937765
190 189 3.8108486534
191 190 3.62932627108
192 191 3.5273257323
193 192 3.38673757105
194 193 3.34449394871
195 194 3.24598560838
196 195 3.21990176491
197 196 3.19012308274
198 197 3.1457841894
199 198 3.19761495339
200 199 3.24316691496
201 200 3.31118721917
202 201 3.33975260465
203 202 3.35501334588
204 203 3.41719078401
205 204 3.34379806821
206 205 3.43193813283
207 206 3.53906059054
208 207 3.55075304941
209 208 3.71452060861
210 209 3.82403308933
211 210 3.85752640623
212 211 4.06102591647
213 212 4.08731792863
214 213 4.00829777549
215 214 3.80772729741
216 215 3.80800907572
217 216 3.63168179712
218 217 3.48993278169
219 218 3.36995349429
220 219 3.27346735106
221 220 3.21634524254
222 221 3.18229725796
223 222 3.16050691498
224 223 3.17300327921
225 224 3.20154982694
226 225 3.19666249654
227 226 3.20609781482
228 227 3.21027595243
229 228 3.20121333239
230 229 3.24531073192
231 230 3.30798797576
232 231 3.38713089667
233 232 3.52196953457
234 233 3.63469478464
235 234 3.79644029437
236 235 3.98487354258
237 236 4.02834025607
238 237 3.90637351926
239 238 3.75585081781
240 239 3.58389229725
241 240 3.53337749452
242 241 3.40636309161
243 242 3.39077988325
244 243 3.32486645752
245 244 3.2893964914
246 245 3.27084887688
247 246 3.2404430395
248 247 3.29422280744
249 248 6.77549023043
250 248 6.77549023043
251 248 6.77549023043
252 248 6.77549023043
253 248 6.77549023043
254 248 6.77549023043
255 248 6.77549023043
256 248 6.77549023043
257 248 6.77549023043
258 248 6.77549023043
259 249 4.56550342462
260 249 4.56550342462
261 249 4.56550342462
262 249 4.56550342462
263 249 4.56550342462
264 249 4.56550342462
265 249 4.56550342462
266 249 4.56550342462
267 249 4.56550342462
268 249 4.56550342462
269 250 1.48989009009
270 250 1.48989009009
271 250 1.48989009009
272 250 1.48989009009
273 250 1.48989009009
274 250 1.48989009009
275 250 1.48989009009
276 250 1.48989009009
277 250 1.48989009009
278 250 1.48989009009
279 251 1.48989009009
280 251 1.48989009009
281 251 1.48989009009
282 251 1.48989009009
283 251 1.48989009009
284 251 1.48989009009
285 251 1.48989009009
286 251 1.48989009009
287 251 1.48989009009
288 252 3.55407152581
289 253 3.41393740313
290 254 3.3432203064
291 255 3.27432592753
292 256 3.29836746723
293 257 3.38504432753
294 258 3.43384249793
295 259 3.48348179472
296 260 3.52656336114
297 261 3.46581993542
298 262 3.51428080089
299 263 3.62341021285
300 264 3.63626116459
301 265 3.77555478794
302 266 3.70368212191
303 267 3.76374851568
304 268 3.95321726339
305 269 4.01562536643
306 270 3.94218301062
307 271 3.75190242336
308 272 3.77384324093
309 273 3.61465743925
310 274 3.47299336687
311 275 3.37685774915
312 276 3.27375150358
313 277 3.22945015628
314 278 3.23781583095
315 279 3.18667447103
316 280 3.18304200786
317 281 3.17763256269
318 282 3.21137050692
319 283 3.27612616326
320 284 3.36065370846
321 285 3.48451691069
322 286 3.61553594851
323 287 3.78301289664
324 288 3.96307398316
325 289 3.88867632397
326 290 3.82813896461
327 291 3.65075281523
328 292 3.51710948674
329 293 3.42471248308
330 294 3.31282186962
331 295 3.29279866176
332 296 3.24000666731
333 297 3.27031983978
334 298 3.33801745361
335 299 3.37689692074
336 300 3.45530846026
337 301 3.36383006142
338 302 3.4217698406
339 303 3.36494293863
340 304 3.3686926232
341 305 3.36410080934
342 306 3.28090073016
343 307 3.31815379871
344 308 3.42069834673
345 309 3.45817482955
346 310 3.60607680623
347 311 1.48989009009
348 311 1.48989009009
349 311 1.48989009009
