1 0 5.80834502843
2 0 5.80834502843
3 0 5.80834502843
4 0 5.80834502843
5 0 5.80834502843
6 0 5.80834502843
7 0 5.80834502843
8 0 5.80834502843
9 0 5.80834502843
10 0 5.80834502843
11 0 5.80834502843
12 0 5.80834502843
13 0 5.80834502843
14 0 5.80834502843
15 0 5.80834502843
16 0 5.80834502843
17 0 5.80834502843
18 0 5.80834502843
19 0 5.80834502843
20 0 5.80834502843
21 0 5.80834502843
22 0 5.80834502843
23 0 5.80834502843
24 0 5.80834502843
25 0 5.80834502843
26 0 5.80834502843
27 0 5.80834502843
28 0 5.80834502843
29 0 5.80834502843
30 0 5.80834502843
31 0 5.80834502843
32 0 5.80834502843
33 0 5.80834502843
34 0 5.80834502843
35 0 5.80834502843
36 0 5.80834502843
37 0 5.80834502843
38 0 5.80834502843
39 0 5.80834502843
40 0 5.80834502843
41 0 5.80834502843
42 0 5.80834502843
43 0 5.80834502843
44 0 5.80834502843
45 1 6.07975918705
46 2 6.11077393
47 3 6.21491249645
48 4 6.23657676616
49 5 6.10684568381
50 6 6.14456349201
51 7 6.00908440469
52 8 6.03217696993
53 9 5.94598105796
54 10 5.86400068528
55 11 5.95393577244
56 12 5.89811251266
57 13 6.00588042423
58 14 6.10710161124
59 15 6.18880230245
60 16 6.29177770182
61 17 6.44683948559
62 18 6.45404411908
63 19 6.61471331221
64 20 6.64415548275
65 21 6.54619033956
66 22 6.44460236814
67 23 6.52138517253
68 24 6.36852519513
69 25 6.36832678418
70 26 6.23046233851
71 27 6.17378815684
72 28 6.07533729352
73 29 5.94878519496
74 30 6.05405451945
75 31 6.19779512392
76 32 6.32522496373
77 33 6.39688661799
78 34 6.48042540529
79 35 6.55383835952
80 36 6.56519951364
81 37 6.60334068477
82 38 6.44343974512
83 39 6.55331662799
84 40 6.71860872186
85 41 6.57323380419
86 42 6.72796417956
87 43 6.80606089596
88 44 6.54099782706
89 44 6.54099782706
90 44 6.54099782706
91 44 6.54099782706
92 44 6.54099782706
93 44 6.54099782706
94 44 6.54099782706
95 44 6.54099782706
96 44 6.54099782706
97 44 6.54099782706
98 44 6.54099782706
99 44 6.54099782706
100 44 6.54099782706
101 44 6.54099782706
102 44 6.54099782706
103 44 6.54099782706
104 44 6.54099782706
105 44 6.54099782706
106 44 6.54099782706
107 44 6.54099782706
108 44 6.54099782706
109 44 6.54099782706
110 44 6.54099782706
111 44 6.54099782706
112 44 6.54099782706
113 44 6.54099782706
114 44 6.54099782706
115 44 6.54099782706
116 44 6.54099782706
117 44 6.54099782706
118 44 6.54099782706
119 44 6.54099782706
120 44 6.54099782706
121 44 6.54099782706
122 44 6.54099782706
123 44 6.54099782706
124 45 6.73986810765
125 46 6.81741240968
126 47 6.67554945204
127 48 6.65883193732
128 49 6.54466897738
129 50 6.48853636768
130 51 6.39824303275
131 52 4.43740150494
132 52 4.43740150494
133 52 4.43740150494
134 52 4.43740150494
135 52 4.43740150494
136 52 4.43740150494
137 52 4.43740150494
138 52 4.43740150494
139 52 4.43740150494
140 52 4.43740150494
141 52 4.43740150494
142 52 4.43740150494
143 52 4.43740150494
144 52 4.43740150494
145 52 4.43740150494
146 52 4.43740150494
147 52 4.43740150494
148 52 4.43740150494
149 53 6.13143409897
150 54 6.07002405466
151 55 6.00166284362
152 56 6.10081576702
153 57 5.96725624544
154 58 6.05935748049
155 59 6.2127283653
156 60 6.2654366038
157 61 6.41688606993
158 62 6.47723462939
159 63 6.56677851948
160 64 6.65633799871
161 65 6.673241209
162 66 6.68247257137
163 67 6.56221017896
164 68 6.43864666511
165 69 6.34340228138
166 70 6.19621484779
167 71 6.12219304467
168 72 5.93096457716
169 73 5.81794408568
170 74 5.75271647045
171 75 5.89144132566
172 76 6.03045072882
173 77 6.23335903528
174 78 6.19221275461
175 79 6.36386406817
176 80 6.38125992631
177 81 6.55992153237
178 82 6.64103614823
179 83 6.8033659121
180 84 6.86854335605
181 85 6.89834383687
182 86 7.04546600048
183 87 7.09413185509
184 88 7.02769625534
185 89 7.00994988618
186 90 7.11568040049
187 91 7.11003199465
188 92 7.1312155821
189 93 7.10058324943
190 94 7.04202901371
191 95 6.99322884163
192 96 6.94577330512
193 97 6.88273151613
194 98 6.74556991703
195 99 6.70708137997
196 100 6.57635541637
197 101 6.40149791155
198 102 6.24136645324
199 103 6.08493236227
200 104 6.03640091345
201 105 5.90998302904
202 106 5.89910513425
203 107 5.95698992009
204 108 5.84428311451
205 109 5.91557638788
206 110 6.049132965
207 111 6.05400710157
208 112 6.18322313623
209 113 6.18540148753
210 114 6.25005521554
211 115 6.34275183818
212 116 6.31246861642
213 117 6.33786509573
214 118 6.20277752905
215 119 6.14364535162
216 120 6.01670132788
217 121 5.87125802412
218 122 5.83255073544
219 123 5.76085054462
220 124 5.65239878277
221 125 5.75206117433
222 126 5.83049187109
223 127 5.9751923521
224 128 6.07183842301
225 129 6.23418374322
226 130 6.32798248481
227 131 6.48020061233
228 132 6.50405849315
229 133 6.43745185933
230 134 6.31632308502
231 135 6.15828418504
232 136 6.00979706451
233 137 5.90446837583
234 138 5.77494785448
235 139 5.67193008397
236 140 5.56497974055
237 141 5.53763038381
238 142 5.47095233663
239 143 5.51019078485
240 144 5.60366641709
241 145 5.66472175663
242 146 5.67476065582
243 147 5.75219463878
244 148 5.82338634013
245 149 5.8802694821
246 150 5.95381908647
247 151 5.94090952776
248 152 6.04030587221
249 153 6.05570873673
250 154 6.04511252861
251 155 6.06206382337
252 156 6.02539452174
253 157 5.91033060342
254 158 5.86127956422
255 159 5.75840990615
256 160 5.70181230742
257 161 5.62403615731
258 162 5.55928183083
259 163 5.48508668291
260 164 5.44792907786
261 165 5.45522441818
262 166 5.50461492582
263 167 5.5868742272
264 168 5.62560824173
265 169 5.71477716196
266 170 5.77280262716
267 171 5.8701787181
268 172 5.95653613408
269 173 5.96111878213
270 174 5.83799251667
271 175 5.77919394324
272 176 5.68103756154
273 177 8.4381914483
274 177 8.4381914483
275 177 8.4381914483
276 177 8.4381914483
277 177 8.4381914483
278 177 8.4381914483
279 177 8.4381914483
280 177 8.4381914483
281 177 8.4381914483
282 177 8.4381914483
283 177 8.4381914483
284 177 8.4381914483
285 178 5.7413416339
286 179 5.65124573863
287 180 5.64142872995
288 181 5.57118661731
289 182 5.56483203412
290 183 5.50517032425
291 184 5.51730758901
292 185 5.48021987195
293 186 5.46297280896
294 187 5.409791926
295 188 5.4063705886
296 189 5.43097149298
297 190 5.39877085132
298 191 5.35380310832
299 192 5.36050434436
300 193 5.35295240748
301 194 5.37647898084
302 195 5.41914555511
303 196 5.45080646412
304 197 5.52353850128
305 198 5.57677492667
306 199 5.6594570099
307 200 5.69817203577
308 201 5.78628692723
309 202 5.84462416031
310 203 5.89518632017
311 204 6.003972016
312 205 6.02744703366
313 206 5.9603917819
314 207 5.93006450042
315 208 5.8640836327
316 209 5.8139930389
317 210 5.73433335731
318 211 5.69542605053
319 212 5.61534655649
320 213 5.57555128889
321 214 5.50820019865
322 215 5.46342621996
323 216 5.44894024778
324 217 5.49057282964
325 218 5.5277804064
326 219 5.5837682203
327 220 5.61234474797
328 221 5.68661845976
329 222 5.70182421631
330 223 5.7742054343
331 224 5.76982341769
332 225 5.80255109129
333 226 5.90826950943
334 227 9.06543447501
335 227 9.06543447501
336 227 9.06543447501
337 227 9.06543447501
338 227 9.06543447501
339 227 9.06543447501
340 227 9.06543447501
341 227 9.06543447501
342 227 9.06543447501
343 227 9.06543447501
344 227 9.06543447501
345 227 9.06543447501
346 227 9.06543447501
347 227 9.06543447501
348 227 9.06543447501
349 227 9.06543447501
350 227 9.06543447501
351 227 9.06543447501
352 227 9.06543447501
353 227 9.06543447501
354 227 9.06543447501
355 227 9.06543447501
356 228 5.68461111927
357 229 5.7114471155
358 230 5.68383502802
359 231 5.75067232173
360 232 5.70247915398
361 233 5.63117046388
362 234 5.62713554153
363 235 5.57945051392
364 236 5.57477136634
365 237 5.53951478306
366 238 5.5028992835
367 239 5.47958297938
368 240 5.4954567769
369 241 5.55270525634
370 242 5.61992521595
371 243 5.67471370835
372 244 5.69890965027
373 245 5.79507389862
374 246 5.8538558712
375 247 5.93251196403
376 248 6.02965896581
377 249 6.06592728817
378 250 5.98995275705
379 251 5.93154405844
380 252 5.85513665183
381 253 5.81730042221
382 254 5.76822862848
383 255 5.73041357287
384 256 5.80350031091
385 257 5.77187675035
386 258 5.68897255746
387 259 5.66656458409
388 260 5.58795813458
389 261 5.55891061892
390 262 5.5354177551
391 263 5.60409336916
392 264 5.61831283648
393 265 5.68254234705
394 266 5.66901009231
395 267 5.73692101715
396 268 5.75343714382
397 269 5.72645910758
398 270 5.76833160154
399 271 5.76338009153
400 272 5.71831685126
401 273 5.66100969945
402 274 5.71234571123
403 275 5.73705328994
404 276 5.82771480215
405 277 5.89008773204
406 278 6.01004948065
407 279 6.05745037101
408 280 6.18909759433
409 281 6.24035057726
410 282 6.31272939668
411 283 6.323987759
412 284 6.19801480922
413 285 6.15889763913
414 286 6.03485979817
415 287 6.03184706211
416 288 5.91926556567
417 289 5.91004416588
418 290 5.81262071326
419 291 5.7629639734
420 292 5.81400907342
421 293 5.93362636619
422 294 6.01385226145
423 295 6.05911036146
424 296 6.00634207106
425 297 6.02816969226
426 298 5.92926031462
427 299 6.2726750745
428 299 6.2726750745
429 299 6.2726750745
430 299 6.2726750745
431 299 6.2726750745
432 299 6.2726750745
433 299 6.2726750745
434 299 6.2726750745
435 299 6.2726750745
436 299 6.2726750745
437 299 6.2726750745
438 299 6.2726750745
439 299 6.2726750745
440 299 6.2726750745
441 299 6.2726750745
442 299 6.2726750745
443 299 6.2726750745
444 299 6.2726750745
445 299 6.2726750745
446 299 6.2726750745
447 299 6.2726750745
448 299 6.2726750745
449 299 6.2726750745
450 299 6.2726750745
451 299 6.2726750745
452 299 6.2726750745
453 299 6.2726750745
454 299 6.2726750745
455 299 6.2726750745
456 299 6.2726750745
457 299 6.2726750745
458 299 6.2726750745
459 299 6.2726750745
460 299 6.2726750745
461 299 6.2726750745
462 299 6.2726750745
463 299 6.2726750745
464 299 6.2726750745
465 299 6.2726750745
466 299 6.2726750745
467 299 6.2726750745
468 299 6.2726750745
469 299 6.2726750745
470 299 6.2726750745
471 299 6.2726750745
472 299 6.2726750745
473 299 6.2726750745
474 299 6.2726750745
475 299 6.2726750745
476 299 6.2726750745
477 299 6.2726750745
478 299 6.2726750745
479 299 6.2726750745
480 299 6.2726750745
481 299 6.2726750745
482 299 6.2726750745
483 299 6.2726750745
484 299 6.2726750745
485 299 6.2726750745
486 299 6.2726750745
487 299 6.2726750745
488 299 6.2726750745
489 299 6.2726750745
490 299 6.2726750745
491 300 4.74165168447
492 300 4.74165168447
493 300 4.74165168447
494 300 4.74165168447
495 300 4.74165168447
496 300 4.74165168447
497 300 4.74165168447
498 300 4.74165168447
499 300 4.74165168447
500 300 4.74165168447
501 300 4.74165168447
502 300 4.74165168447
503 300 4.74165168447
504 300 4.74165168447
505 300 4.74165168447
506 300 4.74165168447
507 300 4.74165168447
508 300 4.74165168447
509 300 4.74165168447
510 300 4.74165168447
511 300 4.74165168447
512 300 4.74165168447
513 300 4.74165168447
514 300 4.74165168447
515 300 4.74165168447
516 300 4.74165168447
517 300 4.74165168447
518 300 4.74165168447
519 300 4.74165168447
520 300 4.74165168447
521 300 4.74165168447
522 300 4.74165168447
523 300 4.74165168447
524 300 4.74165168447
525 300 4.74165168447
526 300 4.74165168447
527 300 4.74165168447
528 300 4.74165168447
529 300 4.74165168447
530 300 4.74165168447
531 300 4.74165168447
532 300 4.74165168447
533 300 4.74165168447
534 300 4.74165168447
535 300 4.74165168447
536 300 4.74165168447
537 300 4.74165168447
538 300 4.74165168447
539 300 4.74165168447
540 300 4.74165168447
541 300 4.74165168447
542 300 4.74165168447
543 300 4.74165168447
544 300 4.74165168447
545 300 4.74165168447
546 300 4.74165168447
547 300 4.74165168447
548 300 4.74165168447
549 300 4.74165168447
550 300 4.74165168447
551 300 4.74165168447
552 300 4.74165168447
553 300 4.74165168447
554 300 4.74165168447
555 300 4.74165168447
556 300 4.74165168447
557 300 4.74165168447
558 300 4.74165168447
559 300 4.74165168447
560 300 4.74165168447
561 300 4.74165168447
562 300 4.74165168447
563 300 4.74165168447
564 300 4.74165168447
565 300 4.74165168447
566 300 4.74165168447
567 300 4.74165168447
568 300 4.74165168447
569 300 4.74165168447
570 300 4.74165168447
571 300 4.74165168447
572 300 4.74165168447
573 300 4.74165168447
574 300 4.74165168447
575 301 5.51722538455
576 301 5.51722538455
577 301 5.51722538455
578 301 5.51722538455
579 301 5.51722538455
580 301 5.51722538455
581 301 5.51722538455
582 301 5.51722538455
583 301 5.51722538455
584 301 5.51722538455
585 301 5.51722538455
586 301 5.51722538455
587 301 5.51722538455
588 301 5.51722538455
589 301 5.51722538455
590 301 5.51722538455
591 301 5.51722538455
592 301 5.51722538455
593 301 5.51722538455
594 301 5.51722538455
595 301 5.51722538455
596 301 5.51722538455
597 301 5.51722538455
598 301 5.51722538455
599 301 5.51722538455
600 301 5.51722538455
601 301 5.51722538455
602 301 5.51722538455
603 301 5.51722538455
604 301 5.51722538455
605 301 5.51722538455
606 301 5.51722538455
607 301 5.51722538455
608 301 5.51722538455
609 301 5.51722538455
610 301 5.51722538455
611 301 5.51722538455
612 301 5.51722538455
613 301 5.51722538455
614 301 5.51722538455
615 301 5.51722538455
616 301 5.51722538455
617 301 5.51722538455
618 301 5.51722538455
619 301 5.51722538455
620 301 5.51722538455
621 301 5.51722538455
622 301 5.51722538455
623 301 5.51722538455
624 301 5.51722538455
625 301 5.51722538455
626 301 5.51722538455
627 301 5.51722538455
628 301 5.51722538455
629 301 5.51722538455
630 301 5.51722538455
631 301 5.51722538455
632 301 5.51722538455
633 301 5.51722538455
634 301 5.51722538455
635 301 5.51722538455
636 301 5.51722538455
637 301 5.51722538455
638 301 5.51722538455
639 301 5.51722538455
640 301 5.51722538455
641 301 5.51722538455
642 301 5.51722538455
643 301 5.51722538455
644 301 5.51722538455
645 301 5.51722538455
646 301 5.51722538455
647 301 5.51722538455
648 301 5.51722538455
649 301 5.51722538455
650 301 5.51722538455
651 301 5.51722538455
652 301 5.51722538455
653 301 5.51722538455
654 301 5.51722538455
655 301 5.51722538455
656 301 5.51722538455
657 301 5.51722538455
658 301 5.51722538455
659 302 3.62558764054
660 303 3.63958472009
661 304 3.44808976578
662 305 3.48656162911
663 306 3.39224132842
664 307 3.1917886067
665 308 3.13191596072
666 309 3.12518949739
667 310 3.00585754197
668 311 2.87973194922
669 312 2.851434157
670 313 2.80133664071
671 314 2.72717813999
672 315 2.69050458813
673 316 2.64590499665
674 317 2.73993929356
675 318 2.813543781
676 319 2.9558490304
677 320 3.02652596743
678 321 3.06471457229
679 322 3.2618419636
680 323 3.40748223083
681 324 3.41900237526
682 325 3.53804340889
683 326 3.77357521343
684 327 3.88527308689
685 328 4.00378865572
686 329 4.21743275059
687 330 3.88718750675
688 331 3.9631186125
689 332 4.17586028411
690 333 4.25346348069
691 334 3.99531379477
692 335 3.77990557201
693 336 3.85040272158
694 337 3.76712604264
695 338 3.47280426421
696 339 3.45206842675
697 340 3.50347914036
698 341 3.2966791072
699 342 3.07886894378
700 343 3.1402256508
701 344 3.13504675347
702 345 2.89910406829
703 346 2.80519379265
704 347 2.64945673254
705 348 2.54181866122
706 349 2.63458931978
707 350 2.70546073314
708 351 2.85502376555
709 352 2.96865868701
710 353 3.17378295465
711 354 3.25831073109
712 355 3.31446707715
713 356 3.56913363326
714 357 3.75937435158
715 358 3.70885419716
716 359 3.91037491088
717 360 4.11211023572
718 361 4.18758001463
719 362 4.22477091393
720 363 4.41806145345
721 364 4.60899967615
722 365 4.72171332539
723 366 4.597431473
724 367 4.68035008131
725 368 4.80178841972
726 369 4.85772672158
727 370 4.57395403343
728 371 4.44988524532
729 372 4.6153225183
730 373 4.48830636771
731 374 4.21209101669
732 375 4.24809619084
733 376 4.31676824356
734 377 4.07738296721
735 378 3.87378600943
736 379 4.00283580293
737 380 3.9680349751
738 381 4.22242399473
739 382 4.33862216663
740 383 4.541195203
741 384 4.78295694748
742 385 4.8304800128
743 386 4.81860634972
744 387 4.97928495998
745 388 5.23624850672
746 389 5.2170331296
747 390 5.16092122624
748 391 5.4541403807
749 392 5.34777585647
750 393 5.02955449136
751 394 4.99826739048
752 395 4.75025818802
753 396 4.58665692536
754 397 4.71292762831
755 398 4.61438487377
756 399 4.33040069879
757 400 4.31425405784
758 401 4.38891980078
759 402 4.18606041312
760 403 3.97989436762
761 404 4.01080232203
762 405 4.1127967746
763 406 3.91183779133
764 407 4.0261098969
765 408 4.30191844728
766 409 4.60711611034
767 410 4.50837557239
768 411 4.77107559242
769 412 4.97085891219
770 413 4.88342297083
771 414 4.90664902962
772 415 5.21314179889
773 416 5.28580860149
774 417 5.20803298766
775 418 5.38551246084
776 419 5.68121506388
777 420 5.64639761749
778 421 5.6409438216
779 422 5.98165764481
780 423 6.06628137194
781 424 5.91492117206
782 425 5.894941381
783 426 6.05346947245
784 426 6.05346947245
785 426 6.05346947245
786 426 6.05346947245
787 426 6.05346947245
788 426 6.05346947245
789 426 6.05346947245
790 426 6.05346947245
791 426 6.05346947245
792 426 6.05346947245
793 426 6.05346947245
794 426 6.05346947245
795 426 6.05346947245
796 426 6.05346947245
797 426 6.05346947245
798 426 6.05346947245
799 426 6.05346947245
800 426 6.05346947245
801 426 6.05346947245
802 426 6.05346947245
803 426 6.05346947245
804 426 6.05346947245
805 426 6.05346947245
806 426 6.05346947245
807 426 6.05346947245
808 426 6.05346947245
809 427 5.91656246207
810 428 5.89143068914
811 429 5.69572550122
812 430 5.41744166569
813 431 5.50276430501
814 432 5.48012870911
815 433 5.15282961866
816 434 5.06632462053
817 435 5.2315206063
818 436 5.08112689279
819 437 4.78958023163
820 438 4.91361554052
821 439 5.11286210412
822 440 5.18159095654
823 441 5.42162595038
824 442 5.422506385
825 443 5.69016203052
826 444 5.92727800697
827 445 5.75731120738
828 446 5.85643578278
829 447 5.75937771542
830 448 6.01496602959
831 449 6.26623149795
832 450 6.25766744756
833 451 6.30965574505
834 452 6.32574903388
835 453 6.59459163947
836 454 5.46118063687
837 454 5.46118063687
838 454 5.46118063687
839 454 5.46118063687
840 454 5.46118063687
841 454 5.46118063687
842 454 5.46118063687
843 454 5.46118063687
844 454 5.46118063687
845 454 5.46118063687
846 454 5.46118063687
847 454 5.46118063687
848 454 5.46118063687
849 454 5.46118063687
850 454 5.46118063687
851 454 5.46118063687
852 454 5.46118063687
853 454 5.46118063687
854 454 5.46118063687
855 454 5.46118063687
856 454 5.46118063687
857 454 5.46118063687
858 454 5.46118063687
859 454 5.46118063687
860 454 5.46118063687
861 454 5.46118063687
862 454 5.46118063687
863 454 5.46118063687
864 454 5.46118063687
865 454 5.46118063687
866 454 5.46118063687
867 454 5.46118063687
868 454 5.46118063687
869 454 5.46118063687
870 454 5.46118063687
871 454 5.46118063687
872 454 5.46118063687
873 454 5.46118063687
874 454 5.46118063687
875 454 5.46118063687
876 454 5.46118063687
877 454 5.46118063687
878 454 5.46118063687
879 454 5.46118063687
880 454 5.46118063687
881 454 5.46118063687
882 454 5.46118063687
883 454 5.46118063687
884 454 5.46118063687
885 454 5.46118063687
886 454 5.46118063687
887 454 5.46118063687
888 454 5.46118063687
889 455 10.0457312682
890 455 10.0457312682
891 455 10.0457312682
892 455 10.0457312682
893 455 10.0457312682
894 455 10.0457312682
895 455 10.0457312682
896 455 10.0457312682
897 455 10.0457312682
898 455 10.0457312682
899 455 10.0457312682
900 455 10.0457312682
901 455 10.0457312682
902 455 10.0457312682
903 455 10.0457312682
904 455 10.0457312682
905 455 10.0457312682
906 455 10.0457312682
907 455 10.0457312682
908 455 10.0457312682
909 455 10.0457312682
910 455 10.0457312682
911 455 10.0457312682
912 455 10.0457312682
913 455 10.0457312682
914 455 10.0457312682
915 455 10.0457312682
916 455 10.0457312682
917 455 10.0457312682
918 455 10.0457312682
919 455 10.0457312682
920 455 10.0457312682
921 455 10.0457312682
922 455 10.0457312682
923 455 10.0457312682
924 455 10.0457312682
925 455 10.0457312682
926 455 10.0457312682
927 455 10.0457312682
928 455 10.0457312682
929 455 10.0457312682
930 455 10.0457312682
931 455 10.0457312682
932 455 10.0457312682
933 455 10.0457312682
934 455 10.0457312682
935 455 10.0457312682
936 455 10.0457312682
937 455 10.0457312682
938 455 10.0457312682
939 455 10.0457312682
940 455 10.0457312682
941 455 10.0457312682
942 456 3.57406155435
943 457 3.30492214306
944 458 3.31846945101
945 459 3.26014527191
946 460 3.41883520469
947 461 3.61365745697
948 462 3.58972138741
949 463 3.58832549738
950 464 3.4121309355
951 465 3.46902323429
952 466 3.4219134687
953 467 3.45518342089
954 468 3.70112430487
955 469 3.67755870381
956 470 3.55139858974
957 471 3.69984754252
958 472 3.96150154673
959 473 3.91964017603
960 474 3.7374727428
961 475 3.52492099213
962 476 3.3935807762
963 477 3.34522104612
964 478 13.1863204108
965 478 13.1863204108
966 478 13.1863204108
967 478 13.1863204108
968 478 13.1863204108
969 478 13.1863204108
970 478 13.1863204108
971 478 13.1863204108
972 478 13.1863204108
973 478 13.1863204108
974 478 13.1863204108
975 478 13.1863204108
976 478 13.1863204108
977 478 13.1863204108
978 478 13.1863204108
979 478 13.1863204108
980 478 13.1863204108
981 478 13.1863204108
982 478 13.1863204108
983 478 13.1863204108
984 478 13.1863204108
985 478 13.1863204108
986 478 13.1863204108
987 478 13.1863204108
988 478 13.1863204108
989 478 13.1863204108
990 478 13.1863204108
991 478 13.1863204108
992 478 13.1863204108
993 478 13.1863204108
994 478 13.1863204108
995 478 13.1863204108
996 478 13.1863204108
997 478 13.1863204108
998 478 13.1863204108
999 478 13.1863204108
1000 479 3.23584107698
1001 480 3.18354796884
1002 481 3.12187818573
1003 482 3.17350291647
1004 483 3.12456227021
1005 484 3.34942814377
1006 485 3.40392843755
1007 486 3.76830755521
1008 487 3.70490789533
1009 488 3.82537577955
1010 489 3.51425554328
1011 490 3.35355778291
1012 491 3.13657755766
1013 492 3.09895731066
1014 493 3.02260023324
1015 494 3.15162413532
1016 495 3.16456223111
1017 496 3.02703581413
1018 497 3.08056670713
1019 498 3.26496521552
1020 499 3.1566632273
1021 500 3.08144021323
1022 501 3.28248111772
1023 502 3.34654407685
1024 503 3.1445050815
1025 504 3.04784244553
1026 505 3.05470925917
1027 506 3.08120795163
1028 507 3.11811631191
1029 508 3.29097777071
1030 509 3.48140750194
1031 510 3.6909506226
1032 511 3.40413092636
1033 512 7.08008793037
1034 512 7.08008793037
1035 512 7.08008793037
1036 512 7.08008793037
1037 512 7.08008793037
1038 512 7.08008793037
