1 0 3.82471519642
2 0 3.82471519642
3 0 3.82471519642
4 0 3.82471519642
5 0 3.82471519642
6 0 3.82471519642
7 0 3.82471519642
8 0 3.82471519642
9 0 3.82471519642
10 0 3.82471519642
11 0 3.82471519642
12 0 3.82471519642
13 0 3.82471519642
14 0 3.82471519642
15 0 3.82471519642
16 0 3.82471519642
17 0 3.82471519642
18 0 3.82471519642
19 0 3.82471519642
20 0 3.82471519642
21 0 3.82471519642
22 0 3.82471519642
23 0 3.82471519642
24 0 3.82471519642
25 0 3.82471519642
26 0 3.82471519642
27 0 3.82471519642
28 0 3.82471519642
29 0 3.82471519642
30 0 3.82471519642
31 0 3.82471519642
32 0 3.82471519642
33 0 3.82471519642
34 0 3.82471519642
35 0 3.82471519642
36 0 3.82471519642
37 0 3.82471519642
38 0 3.82471519642
39 0 3.82471519642
40 0 3.82471519642
41 0 3.82471519642
42 0 3.82471519642
43 0 3.82471519642
44 0 3.82471519642
45 0 3.82471519642
46 0 3.82471519642
47 0 3.82471519642
48 0 3.82471519642
49 0 3.82471519642
50 0 3.82471519642
51 0 3.82471519642
52 0 3.82471519642
53 0 3.82471519642
54 0 3.82471519642
55 0 3.82471519642
56 0 3.82471519642
57 0 3.82471519642
58 0 3.82471519642
59 0 3.82471519642
60 0 3.82471519642
61 0 3.82471519642
62 0 3.82471519642
63 0 3.82471519642
64 1 6.19934675843
65 1 6.19934675843
66 1 6.19934675843
67 1 6.19934675843
68 1 6.19934675843
69 1 6.19934675843
70 1 6.19934675843
71 1 6.19934675843
72 1 6.19934675843
73 1 6.19934675843
74 1 6.19934675843
75 1 6.19934675843
76 1 6.19934675843
77 1 6.19934675843
78 1 6.19934675843
79 1 6.19934675843
80 1 6.19934675843
81 1 6.19934675843
82 1 6.19934675843
83 1 6.19934675843
84 1 6.19934675843
85 1 6.19934675843
86 1 6.19934675843
87 1 6.19934675843
88 1 6.19934675843
89 1 6.19934675843
90 1 6.19934675843
91 1 6.19934675843
92 1 6.19934675843
93 1 6.19934675843
94 1 6.19934675843
95 1 6.19934675843
96 1 6.19934675843
97 1 6.19934675843
98 1 6.19934675843
99 1 6.19934675843
100 1 6.19934675843
101 1 6.19934675843
102 1 6.19934675843
103 1 6.19934675843
104 1 6.19934675843
105 1 6.19934675843
106 1 6.19934675843
107 1 6.19934675843
108 1 6.19934675843
109 1 6.19934675843
110 1 6.19934675843
111 1 6.19934675843
112 1 6.19934675843
113 1 6.19934675843
114 1 6.19934675843
115 1 6.19934675843
116 1 6.19934675843
117 1 6.19934675843
118 1 6.19934675843
119 1 6.19934675843
120 1 6.19934675843
121 1 6.19934675843
122 1 6.19934675843
123 1 6.19934675843
124 1 6.19934675843
125 1 6.19934675843
126 1 6.19934675843
127 2 2.82950434567
128 3 2.80936280477
129 4 2.7550581069
130 5 2.76123009581
131 6 2.74346634363
132 7 2.76766354128
133 8 2.79412513924
134 9 2.82937516559
135 10 2.85480706935
136 11 2.91215148872
137 12 2.95967671861
138 13 3.01383561584
139 14 3.07421491525
140 15 3.07070542389
141 16 3.02971225242
142 17 3.07601736895
143 18 3.02769318391
144 19 2.96151555282
145 20 2.93621970572
146 21 2.89797702777
147 22 2.92258638209
148 23 2.90586626838
149 24 2.87798644129
150 25 2.87118042872
151 26 2.86184245977
152 27 2.86460083561
153 28 2.87563617865
154 29 2.88232946102
155 30 2.89409192434
156 31 2.92786056101
157 32 2.96716474699
158 33 3.02979530511
159 34 3.073878107
160 35 3.15682023344
161 36 3.16614722009
162 37 3.10012892904
163 38 3.02746577353
164 39 2.98047144472
165 40 2.93231020425
166 41 2.91964819065
167 42 2.90237344642
168 43 2.87150101915
169 44 2.86679192975
170 45 2.89956283762
171 46 2.91225160559
172 47 2.97073455791
173 48 3.30877427897
174 48 3.30877427897
175 48 3.30877427897
176 48 3.30877427897
177 48 3.30877427897
178 48 3.30877427897
179 48 3.30877427897
180 48 3.30877427897
181 48 3.30877427897
182 48 3.30877427897
183 48 3.30877427897
184 48 3.30877427897
185 48 3.30877427897
186 48 3.30877427897
187 48 3.30877427897
188 48 3.30877427897
189 48 3.30877427897
190 48 3.30877427897
191 48 3.30877427897
192 48 3.30877427897
193 48 3.30877427897
194 48 3.30877427897
195 48 3.30877427897
196 48 3.30877427897
197 48 3.30877427897
198 48 3.30877427897
199 48 3.30877427897
200 48 3.30877427897
201 49 2.9605519034
202 50 2.9701762282
203 51 2.98458246478
204 52 3.02204922716
205 53 3.0659282144
206 54 3.13644830818
207 55 3.13204731228
208 56 3.22308423602
209 57 3.30123103077
210 58 3.28666985454
211 59 3.21322158374
212 60 3.14139563471
213 61 3.14255583419
214 62 3.0869012808
215 63 3.01605628682
216 64 2.99143096748
217 65 2.96581312652
218 66 2.92345397341
219 67 2.92125649597
220 68 2.90083390776
221 69 2.85744648681
222 70 2.83357980573
223 71 2.84918034413
224 72 2.84452781951
225 73 2.8943155064
226 74 2.93752867926
227 75 2.99722959767
228 76 3.05642709147
229 77 3.14350416222
230 78 3.20732461513
231 79 3.30823170402
232 80 3.33692952642
233 81 3.32027207398
234 82 3.24189768651
235 83 3.14958983249
236 84 3.08342092599
237 85 3.0010544194
238 86 2.96143310798
239 87 2.8991813023
240 88 2.8996285173
241 89 2.85351394716
242 90 2.85416788597
243 91 2.91125973972
244 92 2.938040892
245 93 3.02280177648
246 94 3.05544413797
247 95 2.99408895315
248 96 2.96943686453
249 97 2.97935405633
250 98 3.01805710172
251 99 2.97651207325
252 100 3.04948411816
253 101 3.13381784073
254 102 3.21884084913
255 103 3.31067828035
256 104 3.29005118939
257 105 3.39138563496
258 106 3.50144583535
259 107 3.46130716192
260 108 3.36056228756
261 109 3.26779503525
262 110 3.23973474565
263 111 3.16421142898
264 112 3.11091157418
265 113 3.08356900606
266 114 3.02513079522
267 115 3.03386167196
268 116 2.99015352698
269 117 3.01392370303
270 118 2.96693734295
271 119 3.01135009263
272 120 2.99015245466
273 121 3.06390967129
274 122 3.08312438682
275 123 3.16612059955
276 124 3.20954947496
277 125 3.28903180186
278 126 3.35900654764
279 127 3.45724462496
280 128 3.52704228569
281 129 3.53338611193
282 130 3.4677643108
283 131 3.35904243536
284 132 3.30670315694
285 133 3.2200563636
286 134 3.15568174702
287 135 3.08382038347
288 136 3.0042535105
289 137 3.00083543841
290 138 3.0853889076
291 139 3.12948740383
292 140 3.22556461669
293 141 3.25781537252
294 142 3.25760985332
295 143 3.22891513603
296 144 3.31496702554
297 145 3.3645859692
298 146 3.4427786842
299 147 3.52178558677
300 148 3.48207101812
301 149 3.50726727252
302 150 3.44314585162
303 151 3.48244143052
304 152 3.59087027269
305 153 3.65609954585
306 154 3.63078075111
307 155 3.70366676128
308 156 3.60636188863
309 157 3.48187344
310 158 3.39275602713
311 159 3.30442731563
312 160 3.23157164502
313 161 3.21924451822
314 162 3.16627077811
315 163 3.17289904258
316 164 3.19413749735
317 165 3.12366945947
318 166 3.1759841414
319 167 3.25418855212
320 168 4.96956448705
321 168 4.96956448705
322 168 4.96956448705
323 168 4.96956448705
324 168 4.96956448705
325 168 4.96956448705
326 168 4.96956448705
327 168 4.96956448705
328 168 4.96956448705
329 168 4.96956448705
330 168 4.96956448705
331 168 4.96956448705
332 168 4.96956448705
333 168 4.96956448705
334 168 4.96956448705
335 168 4.96956448705
336 168 4.96956448705
337 168 4.96956448705
338 169 3.21576199057
339 170 3.23761445678
340 171 3.30575572334
341 172 3.2780325588
342 173 3.32101108817
343 174 3.34245203145
344 175 3.35970383103
345 176 3.44629493881
346 177 3.50299897251
347 178 3.61811663999
348 179 3.57156709467
349 180 3.561189124
350 181 3.46706162486
351 182 3.49333157717
352 183 3.44566459576
353 184 3.43873146429
354 185 3.42296813952
355 186 3.36644418911
356 187 3.45661941771
357 188 3.5564337532
358 189 3.60607383041
359 190 3.65030090954
360 191 3.58903970702
361 192 3.6029937583
362 193 3.63512892038
363 194 3.63617530163
364 195 3.59598336476
365 196 3.65996520699
366 197 3.5544152966
367 198 3.63380272029
368 199 3.53493167652
369 200 3.6302089632
370 201 3.53670363528
371 202 3.49112777493
372 203 3.39145146475
373 204 3.2903124347
374 205 3.22538632781
375 206 3.23205358558
376 207 3.16546659146
377 208 3.18494470659
378 209 3.16242310626
379 210 3.1362470296
380 211 3.18077811745
381 212 3.27062887666
382 213 3.32617513125
383 214 3.30033818796
384 215 3.27953530143
385 216 3.2456636979
386 217 3.28178430441
387 218 3.25383503764
388 219 3.33115587886
389 220 3.36547094046
390 221 3.42670671004
391 222 3.31000773236
392 223 3.32144109867
393 224 3.26234561476
394 225 3.33164165959
395 226 3.31974306548
396 227 3.4069159141
397 228 3.44465007002
398 229 3.45558942778
399 230 3.54605548048
400 231 3.61818387384
401 232 3.59535498301
402 233 3.6131831192
403 234 3.5345917945
404 235 10.4535120019
405 235 10.4535120019
406 235 10.4535120019
407 235 10.4535120019
408 235 10.4535120019
409 235 10.4535120019
410 235 10.4535120019
411 235 10.4535120019
412 235 10.4535120019
413 235 10.4535120019
414 235 10.4535120019
415 235 10.4535120019
416 235 10.4535120019
417 235 10.4535120019
418 235 10.4535120019
419 235 10.4535120019
420 235 10.4535120019
421 235 10.4535120019
422 235 10.4535120019
423 235 10.4535120019
424 235 10.4535120019
425 235 10.4535120019
426 235 10.4535120019
427 235 10.4535120019
428 235 10.4535120019
429 235 10.4535120019
430 235 10.4535120019
431 235 10.4535120019
432 235 10.4535120019
433 235 10.4535120019
434 236 3.41999194607
435 237 3.39892558194
436 238 3.34422337207
437 239 3.2310830484
438 240 3.22702157889
439 241 3.1614545054
440 242 3.15567553198
441 243 3.1923077394
442 244 3.20465976169
443 245 3.2544792867
444 246 3.18416788869
445 247 3.15265087502
446 248 3.11812627326
447 249 3.0967216551
448 250 3.06193995007
449 251 3.05680855208
450 252 2.9860459611
451 253 3.00241098807
452 254 2.95752870316
453 255 2.9728526587
454 256 3.03490310758
455 257 3.01706921476
456 258 3.09088816182
457 259 3.16110146304
458 260 3.2627319484
459 261 3.21487273811
460 262 3.12908594038
461 263 3.06007972597
462 264 2.99830585939
463 265 3.02620741125
464 266 2.95394501763
465 267 2.94111953359
466 268 3.02413987961
467 269 3.02687450893
468 270 3.09058866335
469 271 3.13226246992
470 272 3.08870827071
471 273 3.00771884281
472 274 2.96904842228
473 275 2.94372529529
474 276 2.96479249658
475 277 2.94543935098
476 278 3.01372010812
477 279 3.03350431794
478 280 3.099037561
479 281 3.16278693121
480 282 3.15166700774
481 283 3.16315311795
482 284 3.09942817784
483 285 3.01548684647
484 286 2.93258227546
485 287 2.88649632574
486 288 2.90354602778
487 289 2.86054174849
488 290 2.87358002121
489 291 2.8575855772
490 292 2.89571488731
491 293 2.93479774955
492 294 3.00725719001
493 295 3.05664776593
494 296 3.02255507335
495 297 3.06839703976
496 298 3.02459547484
497 299 2.97356995044
498 300 2.94091395043
499 301 2.92250651086
500 302 2.90666794182
501 303 2.94075004491
502 304 2.92277709735
503 305 2.88604850777
504 306 2.8688343709
505 307 2.84891585979
506 308 2.87422108298
507 309 2.88580399834
508 310 2.92120953919
509 311 2.96322777152
510 312 2.99341825384
511 313 3.04881138217
512 314 2.99887330933
513 315 2.95370921049
514 316 2.91413378387
515 317 2.86155750851
516 318 2.83969314824
517 319 2.80961428838
518 320 2.7985866367
519 321 2.81413041829
520 322 2.80270492172
521 323 4.52689271028
522 323 4.52689271028
523 323 4.52689271028
524 323 4.52689271028
525 323 4.52689271028
526 323 4.52689271028
527 323 4.52689271028
528 323 4.52689271028
529 323 4.52689271028
530 323 4.52689271028
531 323 4.52689271028
532 323 4.52689271028
533 323 4.52689271028
534 323 4.52689271028
535 323 4.52689271028
536 323 4.52689271028
537 323 4.52689271028
538 323 4.52689271028
539 323 4.52689271028
540 323 4.52689271028
541 323 4.52689271028
542 323 4.52689271028
543 323 4.52689271028
544 323 4.52689271028
545 323 4.52689271028
546 323 4.52689271028
547 323 4.52689271028
548 323 4.52689271028
549 323 4.52689271028
550 323 4.52689271028
551 323 4.52689271028
552 323 4.52689271028
553 323 4.52689271028
554 323 4.52689271028
555 323 4.52689271028
556 323 4.52689271028
557 323 4.52689271028
558 323 4.52689271028
559 323 4.52689271028
560 323 4.52689271028
561 323 4.52689271028
562 323 4.52689271028
563 323 4.52689271028
564 324 4.78695506233
565 324 4.78695506233
566 324 4.78695506233
567 324 4.78695506233
568 324 4.78695506233
569 324 4.78695506233
570 324 4.78695506233
571 324 4.78695506233
572 324 4.78695506233
573 324 4.78695506233
574 324 4.78695506233
575 324 4.78695506233
576 324 4.78695506233
577 324 4.78695506233
578 324 4.78695506233
579 324 4.78695506233
580 324 4.78695506233
581 324 4.78695506233
582 324 4.78695506233
583 324 4.78695506233
584 324 4.78695506233
585 324 4.78695506233
586 324 4.78695506233
587 324 4.78695506233
588 324 4.78695506233
589 324 4.78695506233
590 324 4.78695506233
591 324 4.78695506233
592 324 4.78695506233
593 324 4.78695506233
594 324 4.78695506233
595 324 4.78695506233
596 324 4.78695506233
597 324 4.78695506233
598 324 4.78695506233
599 324 4.78695506233
600 324 4.78695506233
601 324 4.78695506233
602 324 4.78695506233
603 324 4.78695506233
604 324 4.78695506233
605 324 4.78695506233
606 324 4.78695506233
607 324 4.78695506233
608 324 4.78695506233
609 324 4.78695506233
610 324 4.78695506233
611 324 4.78695506233
612 324 4.78695506233
613 324 4.78695506233
614 324 4.78695506233
615 324 4.78695506233
616 324 4.78695506233
617 324 4.78695506233
618 324 4.78695506233
619 324 4.78695506233
620 324 4.78695506233
621 324 4.78695506233
622 324 4.78695506233
623 324 4.78695506233
624 324 4.78695506233
625 324 4.78695506233
626 324 4.78695506233
627 324 4.78695506233
628 324 4.78695506233
629 324 4.78695506233
630 324 4.78695506233
631 324 4.78695506233
632 324 4.78695506233
633 324 4.78695506233
634 324 4.78695506233
635 324 4.78695506233
636 324 4.78695506233
637 324 4.78695506233
638 324 4.78695506233
639 324 4.78695506233
640 324 4.78695506233
641 324 4.78695506233
642 324 4.78695506233
643 324 4.78695506233
644 324 4.78695506233
645 324 4.78695506233
646 324 4.78695506233
647 324 4.78695506233
648 324 4.78695506233
649 324 4.78695506233
650 324 4.78695506233
651 324 4.78695506233
652 324 4.78695506233
653 324 4.78695506233
654 324 4.78695506233
655 324 4.78695506233
656 324 4.78695506233
657 324 4.78695506233
658 324 4.78695506233
659 324 4.78695506233
660 324 4.78695506233
661 324 4.78695506233
662 324 4.78695506233
663 325 2.0922991466
664 325 2.0922991466
665 325 2.0922991466
666 325 2.0922991466
667 325 2.0922991466
668 325 2.0922991466
669 325 2.0922991466
670 325 2.0922991466
671 325 2.0922991466
672 325 2.0922991466
673 325 2.0922991466
674 325 2.0922991466
675 325 2.0922991466
676 325 2.0922991466
677 325 2.0922991466
678 325 2.0922991466
679 325 2.0922991466
680 325 2.0922991466
681 325 2.0922991466
682 325 2.0922991466
683 325 2.0922991466
684 325 2.0922991466
685 325 2.0922991466
686 325 2.0922991466
687 325 2.0922991466
688 325 2.0922991466
689 325 2.0922991466
690 325 2.0922991466
691 325 2.0922991466
692 325 2.0922991466
693 325 2.0922991466
694 325 2.0922991466
695 325 2.0922991466
696 325 2.0922991466
697 325 2.0922991466
698 325 2.0922991466
699 325 2.0922991466
700 325 2.0922991466
701 325 2.0922991466
702 325 2.0922991466
703 325 2.0922991466
704 325 2.0922991466
705 325 2.0922991466
706 325 2.0922991466
707 325 2.0922991466
708 325 2.0922991466
709 325 2.0922991466
710 325 2.0922991466
711 325 2.0922991466
712 325 2.0922991466
713 325 2.0922991466
714 325 2.0922991466
715 325 2.0922991466
716 325 2.0922991466
717 325 2.0922991466
718 325 2.0922991466
719 325 2.0922991466
720 325 2.0922991466
721 325 2.0922991466
722 325 2.0922991466
723 325 2.0922991466
724 325 2.0922991466
725 325 2.0922991466
726 325 2.0922991466
727 325 2.0922991466
728 325 2.0922991466
729 325 2.0922991466
730 325 2.0922991466
731 325 2.0922991466
732 325 2.0922991466
733 325 2.0922991466
734 325 2.0922991466
735 325 2.0922991466
736 325 2.0922991466
737 325 2.0922991466
738 325 2.0922991466
739 325 2.0922991466
740 325 2.0922991466
741 325 2.0922991466
742 325 2.0922991466
743 325 2.0922991466
744 325 2.0922991466
745 325 2.0922991466
746 325 2.0922991466
747 325 2.0922991466
748 325 2.0922991466
749 325 2.0922991466
750 325 2.0922991466
751 325 2.0922991466
752 325 2.0922991466
753 325 2.0922991466
754 325 2.0922991466
755 325 2.0922991466
756 325 2.0922991466
757 325 2.0922991466
758 325 2.0922991466
759 325 2.0922991466
760 325 2.0922991466
761 325 2.0922991466
762 326 6.91460948919
763 326 6.91460948919
764 326 6.91460948919
765 326 6.91460948919
766 326 6.91460948919
767 326 6.91460948919
768 326 6.91460948919
769 326 6.91460948919
770 326 6.91460948919
771 326 6.91460948919
772 326 6.91460948919
773 326 6.91460948919
774 326 6.91460948919
775 326 6.91460948919
776 326 6.91460948919
777 326 6.91460948919
778 326 6.91460948919
779 326 6.91460948919
780 326 6.91460948919
781 326 6.91460948919
782 326 6.91460948919
783 326 6.91460948919
784 326 6.91460948919
785 326 6.91460948919
786 326 6.91460948919
787 326 6.91460948919
788 326 6.91460948919
789 326 6.91460948919
790 326 6.91460948919
791 326 6.91460948919
792 326 6.91460948919
793 326 6.91460948919
794 326 6.91460948919
795 326 6.91460948919
796 326 6.91460948919
797 326 6.91460948919
798 326 6.91460948919
799 326 6.91460948919
800 326 6.91460948919
801 326 6.91460948919
802 326 6.91460948919
803 326 6.91460948919
804 326 6.91460948919
805 326 6.91460948919
806 326 6.91460948919
807 326 6.91460948919
808 326 6.91460948919
809 326 6.91460948919
810 326 6.91460948919
811 326 6.91460948919
812 326 6.91460948919
813 326 6.91460948919
814 326 6.91460948919
815 326 6.91460948919
816 326 6.91460948919
817 326 6.91460948919
818 326 6.91460948919
819 326 6.91460948919
820 326 6.91460948919
821 326 6.91460948919
822 326 6.91460948919
823 326 6.91460948919
824 326 6.91460948919
825 326 6.91460948919
826 326 6.91460948919
827 326 6.91460948919
828 326 6.91460948919
829 326 6.91460948919
830 326 6.91460948919
831 326 6.91460948919
832 326 6.91460948919
833 326 6.91460948919
834 326 6.91460948919
835 326 6.91460948919
836 326 6.91460948919
837 326 6.91460948919
838 326 6.91460948919
839 326 6.91460948919
840 326 6.91460948919
841 326 6.91460948919
842 326 6.91460948919
843 326 6.91460948919
844 326 6.91460948919
845 326 6.91460948919
846 326 6.91460948919
847 326 6.91460948919
848 326 6.91460948919
849 326 6.91460948919
850 326 6.91460948919
851 326 6.91460948919
852 326 6.91460948919
853 326 6.91460948919
854 326 6.91460948919
855 326 6.91460948919
856 326 6.91460948919
857 326 6.91460948919
858 326 6.91460948919
859 326 6.91460948919
860 326 6.91460948919
861 327 7.27656437886
862 327 7.27656437886
863 327 7.27656437886
864 327 7.27656437886
865 327 7.27656437886
866 327 7.27656437886
867 327 7.27656437886
868 327 7.27656437886
869 327 7.27656437886
870 327 7.27656437886
871 327 7.27656437886
872 327 7.27656437886
873 327 7.27656437886
874 327 7.27656437886
875 327 7.27656437886
876 327 7.27656437886
877 327 7.27656437886
878 327 7.27656437886
879 327 7.27656437886
880 327 7.27656437886
881 327 7.27656437886
882 327 7.27656437886
883 327 7.27656437886
884 327 7.27656437886
885 327 7.27656437886
886 327 7.27656437886
887 327 7.27656437886
888 327 7.27656437886
889 327 7.27656437886
890 327 7.27656437886
891 327 7.27656437886
892 327 7.27656437886
893 327 7.27656437886
894 327 7.27656437886
895 327 7.27656437886
896 327 7.27656437886
897 327 7.27656437886
898 327 7.27656437886
899 327 7.27656437886
900 327 7.27656437886
901 327 7.27656437886
902 327 7.27656437886
903 327 7.27656437886
904 327 7.27656437886
905 327 7.27656437886
906 327 7.27656437886
907 327 7.27656437886
908 327 7.27656437886
909 327 7.27656437886
910 327 7.27656437886
911 327 7.27656437886
912 327 7.27656437886
913 327 7.27656437886
914 327 7.27656437886
915 327 7.27656437886
916 327 7.27656437886
917 327 7.27656437886
918 327 7.27656437886
919 327 7.27656437886
920 327 7.27656437886
921 327 7.27656437886
922 327 7.27656437886
923 327 7.27656437886
924 327 7.27656437886
925 327 7.27656437886
926 327 7.27656437886
927 327 7.27656437886
928 327 7.27656437886
929 327 7.27656437886
930 327 7.27656437886
931 327 7.27656437886
932 327 7.27656437886
933 327 7.27656437886
934 327 7.27656437886
935 327 7.27656437886
936 327 7.27656437886
937 327 7.27656437886
938 327 7.27656437886
939 327 7.27656437886
940 327 7.27656437886
941 327 7.27656437886
942 327 7.27656437886
943 327 7.27656437886
944 327 7.27656437886
945 327 7.27656437886
946 327 7.27656437886
947 327 7.27656437886
948 327 7.27656437886
949 327 7.27656437886
950 327 7.27656437886
951 327 7.27656437886
952 327 7.27656437886
953 327 7.27656437886
954 327 7.27656437886
955 327 7.27656437886
956 327 7.27656437886
957 327 7.27656437886
958 327 7.27656437886
959 327 7.27656437886
960 328 4.2447058803
961 328 4.2447058803
962 328 4.2447058803
963 328 4.2447058803
964 328 4.2447058803
965 328 4.2447058803
966 328 4.2447058803
967 328 4.2447058803
968 328 4.2447058803
969 328 4.2447058803
970 328 4.2447058803
971 328 4.2447058803
972 328 4.2447058803
973 328 4.2447058803
974 328 4.2447058803
975 328 4.2447058803
976 328 4.2447058803
977 328 4.2447058803
978 328 4.2447058803
979 328 4.2447058803
980 328 4.2447058803
981 328 4.2447058803
982 328 4.2447058803
983 328 4.2447058803
984 328 4.2447058803
985 328 4.2447058803
986 328 4.2447058803
987 328 4.2447058803
988 328 4.2447058803
989 328 4.2447058803
990 328 4.2447058803
991 328 4.2447058803
992 328 4.2447058803
993 328 4.2447058803
994 328 4.2447058803
995 328 4.2447058803
996 328 4.2447058803
997 328 4.2447058803
998 328 4.2447058803
999 328 4.2447058803
1000 328 4.2447058803
1001 328 4.2447058803
1002 328 4.2447058803
1003 328 4.2447058803
1004 328 4.2447058803
1005 328 4.2447058803
1006 328 4.2447058803
1007 328 4.2447058803
1008 328 4.2447058803
1009 328 4.2447058803
1010 328 4.2447058803
1011 328 4.2447058803
1012 328 4.2447058803
1013 328 4.2447058803
1014 328 4.2447058803
1015 328 4.2447058803
1016 328 4.2447058803
1017 328 4.2447058803
1018 328 4.2447058803
1019 328 4.2447058803
1020 328 4.2447058803
1021 328 4.2447058803
1022 328 4.2447058803
1023 328 4.2447058803
1024 328 4.2447058803
1025 328 4.2447058803
1026 328 4.2447058803
1027 328 4.2447058803
1028 328 4.2447058803
1029 328 4.2447058803
1030 328 4.2447058803
1031 328 4.2447058803
1032 328 4.2447058803
1033 328 4.2447058803
1034 328 4.2447058803
1035 328 4.2447058803
1036 328 4.2447058803
1037 328 4.2447058803
1038 328 4.2447058803
1039 328 4.2447058803
1040 328 4.2447058803
1041 328 4.2447058803
1042 328 4.2447058803
1043 328 4.2447058803
1044 328 4.2447058803
1045 328 4.2447058803
1046 328 4.2447058803
1047 328 4.2447058803
1048 328 4.2447058803
1049 328 4.2447058803
1050 328 4.2447058803
1051 328 4.2447058803
1052 328 4.2447058803
1053 328 4.2447058803
1054 328 4.2447058803
1055 328 4.2447058803
1056 328 4.2447058803
1057 328 4.2447058803
1058 328 4.2447058803
1059 329 7.97086057857
1060 329 7.97086057857
1061 329 7.97086057857
1062 329 7.97086057857
1063 329 7.97086057857
1064 329 7.97086057857
1065 329 7.97086057857
1066 329 7.97086057857
1067 329 7.97086057857
1068 329 7.97086057857
1069 329 7.97086057857
1070 329 7.97086057857
1071 329 7.97086057857
1072 329 7.97086057857
1073 329 7.97086057857
1074 329 7.97086057857
1075 329 7.97086057857
1076 329 7.97086057857
1077 329 7.97086057857
1078 329 7.97086057857
1079 329 7.97086057857
1080 329 7.97086057857
1081 329 7.97086057857
1082 329 7.97086057857
1083 329 7.97086057857
1084 329 7.97086057857
1085 329 7.97086057857
1086 329 7.97086057857
1087 329 7.97086057857
1088 329 7.97086057857
1089 329 7.97086057857
1090 329 7.97086057857
1091 329 7.97086057857
1092 329 7.97086057857
1093 329 7.97086057857
1094 329 7.97086057857
1095 329 7.97086057857
1096 329 7.97086057857
1097 329 7.97086057857
1098 329 7.97086057857
1099 329 7.97086057857
1100 329 7.97086057857
1101 329 7.97086057857
1102 329 7.97086057857
1103 329 7.97086057857
1104 329 7.97086057857
1105 329 7.97086057857
1106 329 7.97086057857
1107 329 7.97086057857
1108 329 7.97086057857
1109 329 7.97086057857
1110 329 7.97086057857
1111 329 7.97086057857
1112 329 7.97086057857
1113 329 7.97086057857
1114 329 7.97086057857
1115 329 7.97086057857
1116 329 7.97086057857
1117 329 7.97086057857
1118 329 7.97086057857
1119 329 7.97086057857
1120 329 7.97086057857
1121 329 7.97086057857
1122 329 7.97086057857
1123 329 7.97086057857
1124 329 7.97086057857
1125 329 7.97086057857
1126 329 7.97086057857
1127 329 7.97086057857
1128 329 7.97086057857
1129 329 7.97086057857
1130 329 7.97086057857
1131 329 7.97086057857
1132 329 7.97086057857
1133 329 7.97086057857
1134 329 7.97086057857
1135 329 7.97086057857
1136 329 7.97086057857
1137 329 7.97086057857
1138 329 7.97086057857
1139 329 7.97086057857
1140 329 7.97086057857
1141 329 7.97086057857
1142 329 7.97086057857
1143 329 7.97086057857
1144 329 7.97086057857
1145 329 7.97086057857
1146 329 7.97086057857
1147 329 7.97086057857
1148 329 7.97086057857
1149 329 7.97086057857
1150 329 7.97086057857
1151 329 7.97086057857
1152 329 7.97086057857
1153 329 7.97086057857
1154 329 7.97086057857
1155 329 7.97086057857
1156 330 7.08458955545
1157 330 7.08458955545
1158 330 7.08458955545
1159 330 7.08458955545
1160 330 7.08458955545
1161 330 7.08458955545
1162 330 7.08458955545
1163 330 7.08458955545
1164 330 7.08458955545
1165 330 7.08458955545
1166 330 7.08458955545
1167 330 7.08458955545
1168 330 7.08458955545
1169 330 7.08458955545
1170 330 7.08458955545
1171 330 7.08458955545
1172 330 7.08458955545
1173 330 7.08458955545
1174 330 7.08458955545
1175 330 7.08458955545
1176 330 7.08458955545
1177 330 7.08458955545
1178 330 7.08458955545
1179 330 7.08458955545
1180 330 7.08458955545
1181 330 7.08458955545
1182 330 7.08458955545
1183 330 7.08458955545
1184 330 7.08458955545
1185 330 7.08458955545
1186 330 7.08458955545
1187 330 7.08458955545
1188 330 7.08458955545
1189 330 7.08458955545
1190 330 7.08458955545
1191 330 7.08458955545
1192 330 7.08458955545
1193 330 7.08458955545
1194 330 7.08458955545
1195 330 7.08458955545
1196 330 7.08458955545
1197 330 7.08458955545
1198 330 7.08458955545
1199 330 7.08458955545
1200 330 7.08458955545
1201 330 7.08458955545
1202 330 7.08458955545
1203 330 7.08458955545
1204 330 7.08458955545
1205 330 7.08458955545
1206 330 7.08458955545
1207 330 7.08458955545
1208 330 7.08458955545
1209 330 7.08458955545
1210 330 7.08458955545
1211 330 7.08458955545
1212 330 7.08458955545
1213 330 7.08458955545
1214 330 7.08458955545
1215 330 7.08458955545
1216 330 7.08458955545
1217 330 7.08458955545
1218 331 5.17628290524
1219 331 5.17628290524
1220 331 5.17628290524
1221 331 5.17628290524
1222 331 5.17628290524
1223 331 5.17628290524
1224 331 5.17628290524
1225 331 5.17628290524
1226 331 5.17628290524
1227 331 5.17628290524
1228 331 5.17628290524
1229 331 5.17628290524
1230 331 5.17628290524
1231 331 5.17628290524
1232 331 5.17628290524
1233 331 5.17628290524
1234 331 5.17628290524
1235 331 5.17628290524
1236 331 5.17628290524
1237 331 5.17628290524
1238 331 5.17628290524
1239 331 5.17628290524
1240 331 5.17628290524
1241 331 5.17628290524
1242 331 5.17628290524
1243 331 5.17628290524
1244 331 5.17628290524
1245 331 5.17628290524
1246 331 5.17628290524
1247 331 5.17628290524
1248 331 5.17628290524
1249 331 5.17628290524
1250 331 5.17628290524
1251 331 5.17628290524
1252 331 5.17628290524
1253 331 5.17628290524
1254 331 5.17628290524
1255 331 5.17628290524
1256 331 5.17628290524
1257 331 5.17628290524
1258 331 5.17628290524
1259 331 5.17628290524
1260 331 5.17628290524
1261 331 5.17628290524
1262 331 5.17628290524
1263 331 5.17628290524
1264 331 5.17628290524
1265 331 5.17628290524
1266 331 5.17628290524
1267 331 5.17628290524
1268 331 5.17628290524
1269 331 5.17628290524
1270 331 5.17628290524
1271 331 5.17628290524
1272 331 5.17628290524
1273 331 5.17628290524
1274 331 5.17628290524
1275 331 5.17628290524
1276 331 5.17628290524
1277 331 5.17628290524
1278 331 5.17628290524
1279 331 5.17628290524
1280 332 9.00479408764
1281 333 9.04536938307
1282 334 8.38235565508
1283 335 8.23647199275
1284 336 8.3849530459
1285 337 8.00815013248
1286 338 7.36804654587
1287 339 7.60143153285
1288 340 7.25257603688
1289 341 7.52861448592
1290 342 7.87176756176
1291 343 7.29163369609
1292 344 6.85465980099
1293 345 6.7854451148
1294 346 6.2771240669
1295 347 6.26444454111
1296 348 6.41678713623
1297 349 6.05208376134
1298 350 5.63672076546
1299 351 5.86369034307
1300 352 6.08411572786
1301 353 6.56994613357
1302 354 7.02933529133
1303 355 7.47767855327
1304 356 8.14308019026
1305 357 8.48673033534
1306 358 9.11817903338
1307 359 9.76437018639
1308 360 10.3205226554
1309 361 11.1378011961
1310 362 11.0044869574
1311 363 10.5957422022
1312 364 9.87256516617
1313 365 9.19824696548
1314 366 8.6501606645
1315 367 8.06021608549
1316 368 8.33753239009
1317 369 7.72739460793
1318 370 7.78990437468
1319 371 8.52570200229
1320 372 8.47039957571
1321 373 7.98234740241
1322 374 8.43691062867
1323 375 9.06761273421
1324 376 8.73595230441
1325 377 8.40703988268
1326 378 8.82883627885
1327 379 8.88828803899
1328 380 9.51257862027
1329 381 9.76762156116
1330 382 10.1363745707
1331 383 9.96499596064
1332 384 9.44384702434
1333 385 9.99573273601
1334 386 10.4349040305
1335 387 10.9120012458
1336 388 11.0026086195
1337 389 11.3588630706
1338 390 11.1258918311
1339 391 10.5007766193
1340 392 10.7341948331
1341 393 10.3039164153
