1 0 5.70311614875
2 1 5.48203706831
3 2 5.46228651711
4 3 5.59659418846
5 4 5.51358331445
6 5 5.39543064607
7 6 5.50546903502
8 7 5.77219177011
9 8 5.94902376356
10 9 6.2233461328
11 10 6.23091986455
12 11 6.04630574388
13 12 5.85195986715
14 13 5.88337887765
15 14 5.72970856756
16 15 5.71868695911
17 16 5.65948256327
18 17 5.55559660869
19 18 5.6450658761
20 19 5.44725716057
21 20 5.41224778771
22 21 5.4087949639
23 22 5.53541310669
24 23 5.36291061544
25 24 5.37846398967
26 25 5.23360386619
27 26 5.29678634863
28 27 5.416947951
29 28 5.50795814488
30 29 5.42384018251
31 30 5.15991996141
32 31 6.53912242531
33 31 6.53912242531
34 31 6.53912242531
35 31 6.53912242531
36 31 6.53912242531
37 31 6.53912242531
38 31 6.53912242531
39 31 6.53912242531
40 31 6.53912242531
41 31 6.53912242531
42 31 6.53912242531
43 31 6.53912242531
44 31 6.53912242531
45 31 6.53912242531
46 31 6.53912242531
47 31 6.53912242531
48 31 6.53912242531
49 31 6.53912242531
50 31 6.53912242531
51 31 6.53912242531
52 31 6.53912242531
53 31 6.53912242531
54 31 6.53912242531
55 31 6.53912242531
56 31 6.53912242531
57 31 6.53912242531
58 31 6.53912242531
59 31 6.53912242531
60 31 6.53912242531
61 31 6.53912242531
62 31 6.53912242531
63 31 6.53912242531
64 31 6.53912242531
65 31 6.53912242531
66 31 6.53912242531
67 31 6.53912242531
68 31 6.53912242531
69 31 6.53912242531
70 31 6.53912242531
71 31 6.53912242531
72 31 6.53912242531
73 31 6.53912242531
74 31 6.53912242531
75 31 6.53912242531
76 31 6.53912242531
77 31 6.53912242531
78 31 6.53912242531
79 31 6.53912242531
80 31 6.53912242531
81 31 6.53912242531
82 31 6.53912242531
83 31 6.53912242531
84 31 6.53912242531
85 31 6.53912242531
86 31 6.53912242531
87 31 6.53912242531
88 31 6.53912242531
89 31 6.53912242531
90 31 6.53912242531
91 31 6.53912242531
92 31 6.53912242531
93 31 6.53912242531
94 31 6.53912242531
95 31 6.53912242531
96 31 6.53912242531
97 31 6.53912242531
98 31 6.53912242531
99 31 6.53912242531
100 31 6.53912242531
101 31 6.53912242531
102 31 6.53912242531
103 31 6.53912242531
104 31 6.53912242531
105 31 6.53912242531
106 31 6.53912242531
107 31 6.53912242531
108 31 6.53912242531
109 31 6.53912242531
110 31 6.53912242531
111 31 6.53912242531
112 31 6.53912242531
113 31 6.53912242531
114 31 6.53912242531
115 31 6.53912242531
116 31 6.53912242531
117 31 6.53912242531
118 31 6.53912242531
119 31 6.53912242531
120 31 6.53912242531
121 31 6.53912242531
122 31 6.53912242531
123 31 6.53912242531
124 31 6.53912242531
125 31 6.53912242531
126 31 6.53912242531
127 31 6.53912242531
128 31 6.53912242531
129 32 1.15344016874
130 32 1.15344016874
131 32 1.15344016874
132 32 1.15344016874
133 32 1.15344016874
134 32 1.15344016874
135 32 1.15344016874
136 32 1.15344016874
137 32 1.15344016874
138 32 1.15344016874
139 32 1.15344016874
140 32 1.15344016874
141 32 1.15344016874
142 32 1.15344016874
143 32 1.15344016874
144 32 1.15344016874
145 32 1.15344016874
146 32 1.15344016874
147 32 1.15344016874
148 32 1.15344016874
149 32 1.15344016874
150 32 1.15344016874
151 32 1.15344016874
152 32 1.15344016874
153 32 1.15344016874
154 32 1.15344016874
155 32 1.15344016874
156 32 1.15344016874
157 32 1.15344016874
158 32 1.15344016874
159 32 1.15344016874
160 32 1.15344016874
161 32 1.15344016874
162 32 1.15344016874
163 32 1.15344016874
164 32 1.15344016874
165 32 1.15344016874
166 32 1.15344016874
167 32 1.15344016874
168 32 1.15344016874
169 32 1.15344016874
170 32 1.15344016874
171 32 1.15344016874
172 32 1.15344016874
173 32 1.15344016874
174 32 1.15344016874
175 32 1.15344016874
176 32 1.15344016874
177 32 1.15344016874
178 32 1.15344016874
179 32 1.15344016874
180 32 1.15344016874
181 32 1.15344016874
182 32 1.15344016874
183 32 1.15344016874
184 32 1.15344016874
185 32 1.15344016874
186 32 1.15344016874
187 32 1.15344016874
188 32 1.15344016874
189 32 1.15344016874
190 32 1.15344016874
191 32 1.15344016874
192 32 1.15344016874
193 32 1.15344016874
194 32 1.15344016874
195 32 1.15344016874
196 32 1.15344016874
197 32 1.15344016874
198 32 1.15344016874
199 32 1.15344016874
200 32 1.15344016874
201 32 1.15344016874
202 32 1.15344016874
203 32 1.15344016874
204 32 1.15344016874
205 32 1.15344016874
206 32 1.15344016874
207 32 1.15344016874
208 32 1.15344016874
209 32 1.15344016874
210 32 1.15344016874
211 32 1.15344016874
212 32 1.15344016874
213 32 1.15344016874
214 32 1.15344016874
215 32 1.15344016874
216 32 1.15344016874
217 32 1.15344016874
218 32 1.15344016874
219 32 1.15344016874
220 32 1.15344016874
221 32 1.15344016874
222 32 1.15344016874
223 32 1.15344016874
224 32 1.15344016874
225 32 1.15344016874
226 33 4.99091433742
227 33 4.99091433742
228 33 4.99091433742
229 33 4.99091433742
230 33 4.99091433742
231 33 4.99091433742
232 33 4.99091433742
233 33 4.99091433742
234 33 4.99091433742
235 33 4.99091433742
236 33 4.99091433742
237 33 4.99091433742
238 33 4.99091433742
239 33 4.99091433742
240 33 4.99091433742
241 33 4.99091433742
242 33 4.99091433742
243 33 4.99091433742
244 33 4.99091433742
245 33 4.99091433742
246 33 4.99091433742
247 33 4.99091433742
248 33 4.99091433742
249 33 4.99091433742
250 33 4.99091433742
251 33 4.99091433742
252 33 4.99091433742
253 33 4.99091433742
254 33 4.99091433742
255 33 4.99091433742
256 33 4.99091433742
257 33 4.99091433742
258 33 4.99091433742
259 33 4.99091433742
260 33 4.99091433742
261 33 4.99091433742
262 33 4.99091433742
263 33 4.99091433742
264 33 4.99091433742
265 33 4.99091433742
266 33 4.99091433742
267 33 4.99091433742
268 33 4.99091433742
269 33 4.99091433742
270 33 4.99091433742
271 33 4.99091433742
272 33 4.99091433742
273 33 4.99091433742
274 33 4.99091433742
275 33 4.99091433742
276 33 4.99091433742
277 33 4.99091433742
278 33 4.99091433742
279 33 4.99091433742
280 33 4.99091433742
281 33 4.99091433742
282 33 4.99091433742
283 33 4.99091433742
284 33 4.99091433742
285 33 4.99091433742
286 33 4.99091433742
287 33 4.99091433742
288 33 4.99091433742
289 33 4.99091433742
290 33 4.99091433742
291 33 4.99091433742
292 33 4.99091433742
293 33 4.99091433742
294 33 4.99091433742
295 33 4.99091433742
296 33 4.99091433742
297 33 4.99091433742
298 33 4.99091433742
299 33 4.99091433742
300 33 4.99091433742
301 33 4.99091433742
302 33 4.99091433742
303 33 4.99091433742
304 33 4.99091433742
305 33 4.99091433742
306 33 4.99091433742
307 33 4.99091433742
308 33 4.99091433742
309 33 4.99091433742
310 33 4.99091433742
311 33 4.99091433742
312 33 4.99091433742
313 33 4.99091433742
314 33 4.99091433742
315 33 4.99091433742
316 33 4.99091433742
317 33 4.99091433742
318 33 4.99091433742
319 33 4.99091433742
320 33 4.99091433742
321 33 4.99091433742
322 34 1.78474497173
323 35 1.86397208305
324 36 1.78666439047
325 37 1.67577894166
326 38 1.63835419334
327 39 1.69454080947
328 40 1.57902723459
329 41 1.52851840096
330 42 1.66355447597
331 43 1.91214575389
332 44 2.10004945111
333 45 2.46713233578
334 46 2.81441619767
335 47 2.78520253391
336 48 2.40745892147
337 49 2.42985762684
338 50 2.08191614072
339 51 2.23337240873
340 52 1.93680315105
341 53 1.68600853463
342 54 1.71853594076
343 55 1.67159509205
344 56 1.95611539307
345 57 2.04334631631
346 58 1.90510189183
347 59 1.64451581104
348 60 1.70641533081
349 61 1.72358933941
350 62 1.77985112945
351 63 1.85787740489
352 64 3.386926318
353 64 3.386926318
354 64 3.386926318
355 64 3.386926318
356 64 3.386926318
357 64 3.386926318
358 64 3.386926318
359 64 3.386926318
360 64 3.386926318
361 64 3.386926318
362 64 3.386926318
363 64 3.386926318
364 64 3.386926318
365 64 3.386926318
366 64 3.386926318
367 64 3.386926318
368 64 3.386926318
369 64 3.386926318
370 64 3.386926318
371 64 3.386926318
372 64 3.386926318
373 64 3.386926318
374 64 3.386926318
375 64 3.386926318
376 64 3.386926318
377 64 3.386926318
378 64 3.386926318
379 64 3.386926318
380 64 3.386926318
381 64 3.386926318
382 64 3.386926318
383 64 3.386926318
384 64 3.386926318
385 64 3.386926318
386 64 3.386926318
387 64 3.386926318
388 64 3.386926318
389 64 3.386926318
390 64 3.386926318
391 64 3.386926318
392 64 3.386926318
393 64 3.386926318
394 64 3.386926318
395 64 3.386926318
396 64 3.386926318
397 64 3.386926318
398 64 3.386926318
399 64 3.386926318
400 65 1.89648747645
401 66 1.78029572358
402 67 1.76658456909
403 68 1.84914257253
404 69 1.82117318999
405 70 1.75516425601
406 71 1.9320987618
407 72 2.10814642726
408 73 1.99442687926
409 74 2.09310796303
410 75 2.47625748092
411 76 2.63868136087
412 77 3.10262370334
413 78 3.06135215787
414 79 3.25702521108
415 80 3.08603115698
416 81 2.69879217572
417 82 2.20968779135
418 83 2.19472113081
419 84 1.86603169531
420 85 1.91340233408
421 86 1.81959765747
422 87 1.79726440504
423 88 1.88775684088
424 89 1.88137936849
425 90 2.04229155605
426 91 2.16257587501
427 92 1.86088112704
428 93 1.77443806672
429 94 1.59432409879
430 95 1.57164362536
431 96 1.59252448181
432 97 1.59067317853
433 98 1.84437059048
434 99 2.04655212771
435 100 2.48064486774
436 101 2.8798347134
437 102 3.37527334617
438 103 3.66410801639
439 104 2.2340868032
440 104 2.2340868032
441 104 2.2340868032
442 104 2.2340868032
443 104 2.2340868032
444 104 2.2340868032
445 104 2.2340868032
446 104 2.2340868032
447 104 2.2340868032
448 104 2.2340868032
449 104 2.2340868032
450 104 2.2340868032
451 104 2.2340868032
452 104 2.2340868032
453 104 2.2340868032
454 104 2.2340868032
455 104 2.2340868032
456 104 2.2340868032
457 104 2.2340868032
458 104 2.2340868032
459 104 2.2340868032
460 104 2.2340868032
461 104 2.2340868032
462 104 2.2340868032
463 104 2.2340868032
464 104 2.2340868032
465 104 2.2340868032
466 104 2.2340868032
467 104 2.2340868032
468 104 2.2340868032
469 104 2.2340868032
470 104 2.2340868032
471 104 2.2340868032
472 104 2.2340868032
473 104 2.2340868032
474 104 2.2340868032
475 104 2.2340868032
476 104 2.2340868032
477 104 2.2340868032
478 104 2.2340868032
479 104 2.2340868032
480 104 2.2340868032
481 104 2.2340868032
482 104 2.2340868032
483 104 2.2340868032
484 104 2.2340868032
485 104 2.2340868032
486 104 2.2340868032
487 104 2.2340868032
488 104 2.2340868032
489 104 2.2340868032
490 104 2.2340868032
491 104 2.2340868032
492 104 2.2340868032
493 104 2.2340868032
494 104 2.2340868032
495 104 2.2340868032
496 104 2.2340868032
497 104 2.2340868032
498 104 2.2340868032
499 104 2.2340868032
500 104 2.2340868032
501 104 2.2340868032
502 104 2.2340868032
503 104 2.2340868032
504 104 2.2340868032
505 104 2.2340868032
506 104 2.2340868032
507 104 2.2340868032
508 104 2.2340868032
509 104 2.2340868032
510 104 2.2340868032
511 104 2.2340868032
512 104 2.2340868032
513 104 2.2340868032
514 104 2.2340868032
515 104 2.2340868032
516 104 2.2340868032
517 104 2.2340868032
518 104 2.2340868032
519 104 2.2340868032
520 104 2.2340868032
521 104 2.2340868032
522 104 2.2340868032
523 104 2.2340868032
524 104 2.2340868032
525 104 2.2340868032
526 104 2.2340868032
527 104 2.2340868032
528 104 2.2340868032
529 104 2.2340868032
530 104 2.2340868032
531 105 1.00840657762
532 106 1.10833164877
533 107 1.13145421859
534 108 1.08361352119
535 109 0.982340200386
536 110 0.944013398145
537 111 0.861609693589
538 112 0.882152514013
539 113 0.831233648374
540 114 0.835496952221
541 115 0.78163429316
542 116 0.746944247159
543 117 0.695761265707
544 118 0.656662294987
545 119 0.625841901091
546 120 0.653825860552
547 121 0.667165020504
548 122 0.704565261446
549 123 0.746225027817
550 124 0.823955485001
551 125 0.824589164636
552 126 0.765562881739
553 127 0.805675434694
554 128 0.878068197336
555 129 0.833280328449
556 130 0.79863891874
557 131 0.873688733342
558 132 0.920430026538
559 133 0.852108644895
560 134 0.858363460915
561 135 0.954751312223
562 136 0.95213201572
563 137 0.897656594111
564 138 0.968503727796
565 139 1.04624686195
566 140 0.992970311926
567 141 0.990476046174
568 142 0.900158416443
569 143 0.855139192746
570 144 0.798123145322
571 145 0.766183739477
572 146 0.775796885771
573 147 0.738745431574
574 148 0.698291320474
575 149 0.704517994774
576 151 0.666319596213
577 152 0.657742596971
578 151 0.614471180593
579 151 0.614471180593
580 151 0.614471180593
581 151 0.614471180593
582 151 0.614471180593
583 151 0.614471180593
584 151 0.614471180593
585 151 0.614471180593
586 151 0.614471180593
587 151 0.614471180593
588 151 0.614471180593
589 151 0.614471180593
590 151 0.614471180593
591 151 0.614471180593
592 151 0.614471180593
593 151 0.614471180593
594 151 0.614471180593
595 151 0.614471180593
596 151 0.614471180593
597 151 0.614471180593
598 151 0.614471180593
599 151 0.614471180593
600 151 0.614471180593
601 151 0.614471180593
602 151 0.614471180593
603 151 0.614471180593
604 151 0.614471180593
605 151 0.614471180593
606 151 0.614471180593
607 151 0.614471180593
608 151 0.614471180593
609 151 0.614471180593
610 151 0.614471180593
611 151 0.614471180593
612 151 0.614471180593
613 151 0.614471180593
614 151 0.614471180593
615 151 0.614471180593
616 151 0.614471180593
617 151 0.614471180593
618 151 0.614471180593
619 151 0.614471180593
620 151 0.614471180593
621 151 0.614471180593
622 151 0.614471180593
623 151 0.614471180593
624 151 0.614471180593
625 151 0.614471180593
626 151 0.614471180593
627 151 0.614471180593
628 151 0.614471180593
629 151 0.614471180593
630 151 0.614471180593
631 151 0.614471180593
632 151 0.614471180593
633 151 0.614471180593
634 151 0.614471180593
635 151 0.614471180593
636 151 0.614471180593
637 151 0.614471180593
638 151 0.614471180593
639 151 0.614471180593
640 151 0.614471180593
641 151 0.614471180593
642 151 0.614471180593
643 151 0.614471180593
644 151 0.614471180593
645 151 0.614471180593
646 151 0.614471180593
647 151 0.614471180593
648 151 0.614471180593
649 151 0.614471180593
650 151 0.614471180593
651 151 0.614471180593
652 151 0.614471180593
653 151 0.614471180593
654 151 0.614471180593
655 151 0.614471180593
656 151 0.614471180593
657 151 0.614471180593
658 151 0.614471180593
659 151 0.614471180593
660 151 0.614471180593
661 151 0.614471180593
662 151 0.614471180593
663 151 0.614471180593
664 151 0.614471180593
665 151 0.614471180593
666 151 0.614471180593
667 151 0.614471180593
668 151 0.614471180593
669 153 2.29132365664
670 153 2.29132365664
671 153 2.29132365664
672 153 2.29132365664
673 153 2.29132365664
674 153 2.29132365664
675 153 2.29132365664
676 153 2.29132365664
677 153 2.29132365664
678 153 2.29132365664
679 153 2.29132365664
680 153 2.29132365664
681 153 2.29132365664
682 153 2.29132365664
683 153 2.29132365664
684 153 2.29132365664
685 153 2.29132365664
686 153 2.29132365664
687 153 2.29132365664
688 153 2.29132365664
689 153 2.29132365664
690 153 2.29132365664
691 153 2.29132365664
692 153 2.29132365664
693 153 2.29132365664
694 153 2.29132365664
695 153 2.29132365664
696 153 2.29132365664
697 153 2.29132365664
698 153 2.29132365664
699 153 2.29132365664
700 153 2.29132365664
701 153 2.29132365664
702 153 2.29132365664
703 153 2.29132365664
704 153 2.29132365664
705 153 2.29132365664
706 153 2.29132365664
707 153 2.29132365664
708 153 2.29132365664
709 153 2.29132365664
710 153 2.29132365664
711 153 2.29132365664
712 153 2.29132365664
713 153 2.29132365664
714 153 2.29132365664
715 153 2.29132365664
716 153 2.29132365664
717 153 2.29132365664
718 153 2.29132365664
719 153 2.29132365664
720 153 2.29132365664
721 153 2.29132365664
722 153 2.29132365664
723 153 2.29132365664
724 153 2.29132365664
725 153 2.29132365664
726 153 2.29132365664
727 153 2.29132365664
728 153 2.29132365664
729 153 2.29132365664
730 153 2.29132365664
731 153 2.29132365664
732 153 2.29132365664
733 153 2.29132365664
734 153 2.29132365664
735 153 2.29132365664
736 153 2.29132365664
737 153 2.29132365664
738 153 2.29132365664
739 153 2.29132365664
740 153 2.29132365664
741 153 2.29132365664
742 153 2.29132365664
743 153 2.29132365664
744 153 2.29132365664
745 153 2.29132365664
746 153 2.29132365664
747 153 2.29132365664
748 153 2.29132365664
749 153 2.29132365664
750 153 2.29132365664
751 153 2.29132365664
752 153 2.29132365664
753 153 2.29132365664
754 153 2.29132365664
755 153 2.29132365664
756 153 2.29132365664
757 153 2.29132365664
758 153 2.29132365664
759 153 2.29132365664
760 153 2.29132365664
761 153 2.29132365664
762 154 4.21545587627
763 154 4.21545587627
764 154 4.21545587627
765 154 4.21545587627
766 154 4.21545587627
767 154 4.21545587627
768 154 4.21545587627
769 154 4.21545587627
770 154 4.21545587627
771 154 4.21545587627
772 154 4.21545587627
773 154 4.21545587627
774 154 4.21545587627
775 154 4.21545587627
776 154 4.21545587627
777 154 4.21545587627
778 154 4.21545587627
779 154 4.21545587627
780 154 4.21545587627
781 154 4.21545587627
782 154 4.21545587627
783 154 4.21545587627
784 154 4.21545587627
785 154 4.21545587627
786 154 4.21545587627
787 154 4.21545587627
788 154 4.21545587627
789 154 4.21545587627
790 154 4.21545587627
791 154 4.21545587627
792 154 4.21545587627
793 154 4.21545587627
794 154 4.21545587627
795 154 4.21545587627
796 154 4.21545587627
797 154 4.21545587627
798 154 4.21545587627
799 154 4.21545587627
800 154 4.21545587627
801 154 4.21545587627
802 154 4.21545587627
803 154 4.21545587627
804 154 4.21545587627
805 154 4.21545587627
806 154 4.21545587627
807 154 4.21545587627
808 154 4.21545587627
809 154 4.21545587627
810 154 4.21545587627
811 154 4.21545587627
812 154 4.21545587627
813 154 4.21545587627
814 154 4.21545587627
815 154 4.21545587627
816 154 4.21545587627
817 154 4.21545587627
818 154 4.21545587627
819 154 4.21545587627
820 154 4.21545587627
821 154 4.21545587627
822 154 4.21545587627
823 154 4.21545587627
824 154 4.21545587627
825 154 4.21545587627
826 154 4.21545587627
827 154 4.21545587627
828 154 4.21545587627
829 154 4.21545587627
830 154 4.21545587627
831 154 4.21545587627
832 154 4.21545587627
833 154 4.21545587627
834 154 4.21545587627
835 154 4.21545587627
836 154 4.21545587627
837 154 4.21545587627
838 154 4.21545587627
839 154 4.21545587627
840 154 4.21545587627
841 154 4.21545587627
842 154 4.21545587627
843 154 4.21545587627
844 154 4.21545587627
845 154 4.21545587627
846 154 4.21545587627
847 154 4.21545587627
848 154 4.21545587627
849 154 4.21545587627
850 154 4.21545587627
851 154 4.21545587627
852 154 4.21545587627
853 154 4.21545587627
854 154 4.21545587627
855 155 4.16262502783
856 155 4.16262502783
857 155 4.16262502783
858 155 4.16262502783
859 155 4.16262502783
860 155 4.16262502783
861 155 4.16262502783
862 155 4.16262502783
863 155 4.16262502783
864 155 4.16262502783
865 155 4.16262502783
866 155 4.16262502783
867 155 4.16262502783
868 155 4.16262502783
869 155 4.16262502783
870 155 4.16262502783
871 155 4.16262502783
872 155 4.16262502783
873 155 4.16262502783
874 155 4.16262502783
875 155 4.16262502783
876 155 4.16262502783
877 155 4.16262502783
878 155 4.16262502783
879 155 4.16262502783
880 155 4.16262502783
881 155 4.16262502783
882 155 4.16262502783
883 155 4.16262502783
884 155 4.16262502783
885 155 4.16262502783
886 155 4.16262502783
887 155 4.16262502783
888 155 4.16262502783
889 155 4.16262502783
890 155 4.16262502783
891 155 4.16262502783
892 155 4.16262502783
893 155 4.16262502783
894 155 4.16262502783
895 155 4.16262502783
896 155 4.16262502783
897 155 4.16262502783
898 155 4.16262502783
899 155 4.16262502783
900 155 4.16262502783
901 155 4.16262502783
902 155 4.16262502783
903 155 4.16262502783
904 155 4.16262502783
905 155 4.16262502783
906 155 4.16262502783
907 155 4.16262502783
908 155 4.16262502783
909 155 4.16262502783
910 155 4.16262502783
911 155 4.16262502783
912 155 4.16262502783
913 155 4.16262502783
914 155 4.16262502783
915 155 4.16262502783
916 155 4.16262502783
917 155 4.16262502783
918 155 4.16262502783
919 155 4.16262502783
920 155 4.16262502783
921 155 4.16262502783
922 155 4.16262502783
923 155 4.16262502783
924 155 4.16262502783
925 155 4.16262502783
926 155 4.16262502783
927 155 4.16262502783
928 155 4.16262502783
929 155 4.16262502783
930 155 4.16262502783
931 155 4.16262502783
932 155 4.16262502783
933 155 4.16262502783
934 155 4.16262502783
935 155 4.16262502783
936 155 4.16262502783
937 155 4.16262502783
938 155 4.16262502783
939 155 4.16262502783
940 155 4.16262502783
941 155 4.16262502783
942 155 4.16262502783
943 155 4.16262502783
944 155 4.16262502783
945 155 4.16262502783
946 155 4.16262502783
947 155 4.16262502783
948 156 5.40200058721
949 156 5.40200058721
950 157 2.02246334611
951 158 1.8411058779
952 159 1.82768514375
953 160 1.69689942533
954 161 1.77980820928
955 162 1.96253402519
956 163 2.12971350996
957 164 2.29883277185
958 165 2.51751682807
959 166 2.6516203136
960 167 2.8188072059
961 168 2.83723833501
962 169 2.64442151437
963 170 2.69779536334
964 171 2.70144581518
965 172 2.48377608938
966 173 2.36355516723
967 174 2.38508133031
968 175 2.29794123763
969 176 2.11700601662
970 177 2.04360475384
971 178 2.07684442454
972 179 1.95912109369
973 180 1.8259674336
974 181 1.80096246319
975 182 1.80676818525
976 183 1.68651408803
977 184 1.76737676007
978 185 1.74019619848
979 186 1.87081828611
980 187 1.86764690525
981 188 1.97503882895
982 189 2.06322890294
983 190 2.11706041259
984 191 2.05153386945
985 192 1.86211263272
986 193 1.89332253908
987 194 1.98304189306
988 195 2.14530987106
989 196 3.50946739887
990 196 3.50946739887
991 196 3.50946739887
992 196 3.50946739887
993 196 3.50946739887
994 196 3.50946739887
995 196 3.50946739887
996 196 3.50946739887
997 196 3.50946739887
998 196 3.50946739887
999 196 3.50946739887
1000 196 3.50946739887
1001 196 3.50946739887
1002 196 3.50946739887
1003 196 3.50946739887
1004 196 3.50946739887
1005 196 3.50946739887
1006 196 3.50946739887
1007 196 3.50946739887
1008 196 3.50946739887
1009 196 3.50946739887
1010 196 3.50946739887
1011 196 3.50946739887
1012 196 3.50946739887
1013 196 3.50946739887
1014 196 3.50946739887
1015 196 3.50946739887
1016 196 3.50946739887
1017 196 3.50946739887
1018 196 3.50946739887
1019 196 3.50946739887
1020 196 3.50946739887
1021 196 3.50946739887
1022 196 3.50946739887
1023 196 3.50946739887
1024 196 3.50946739887
1025 196 3.50946739887
1026 196 3.50946739887
1027 196 3.50946739887
1028 196 3.50946739887
1029 196 3.50946739887
1030 196 3.50946739887
1031 196 3.50946739887
1032 196 3.50946739887
1033 196 3.50946739887
1034 196 3.50946739887
1035 196 3.50946739887
1036 196 3.50946739887
1037 196 3.50946739887
1038 196 3.50946739887
1039 196 3.50946739887
1040 196 3.50946739887
1041 196 3.50946739887
1042 196 3.50946739887
1043 196 3.50946739887
1044 196 3.50946739887
1045 196 3.50946739887
1046 196 3.50946739887
1047 196 3.50946739887
1048 196 3.50946739887
1049 196 3.50946739887
1050 196 3.50946739887
1051 196 3.50946739887
1052 196 3.50946739887
1053 196 3.50946739887
1054 196 3.50946739887
1055 196 3.50946739887
1056 196 3.50946739887
1057 196 3.50946739887
1058 196 3.50946739887
1059 196 3.50946739887
1060 196 3.50946739887
1061 196 3.50946739887
1062 196 3.50946739887
1063 196 3.50946739887
1064 196 3.50946739887
1065 196 3.50946739887
1066 196 3.50946739887
1067 196 3.50946739887
1068 196 3.50946739887
1069 196 3.50946739887
1070 196 3.50946739887
1071 196 3.50946739887
1072 196 3.50946739887
1073 196 3.50946739887
1074 196 3.50946739887
1075 196 3.50946739887
1076 196 3.50946739887
1077 196 3.50946739887
1078 196 3.50946739887
1079 196 3.50946739887
1080 196 3.50946739887
1081 196 3.50946739887
1082 196 3.50946739887
1083 197 2.43844112008
1084 198 2.47128186712
1085 199 2.46959617799
1086 200 2.4515969183
1087 201 2.47189901168
1088 202 2.49412667269
1089 203 2.4868135951
1090 204 2.48932761055
1091 205 2.51508985166
1092 206 2.52651439831
1093 207 2.5243316141
1094 208 2.54339871178
1095 209 2.57443714902
1096 210 2.5891902856
1097 211 2.60184148173
1098 212 2.57564060904
1099 213 2.56439039477
1100 214 2.5910861497
1101 215 2.59168749386
1102 216 2.56202109351
1103 217 2.55701576624
1104 218 2.54784287736
1105 219 2.56851387615
1106 220 2.59574097355
1107 221 2.59312393087
1108 222 2.57686646063
1109 223 2.59216653505
1110 224 2.6244330655
1111 225 2.62257353383
1112 226 2.64571714376
1113 227 2.64875346271
1114 228 2.62192832313
1115 229 2.63343740985
1116 230 2.66257311028
1117 231 2.66286260311
1118 232 2.64061866919
1119 233 2.65707332467
1120 234 2.68094531738
1121 235 2.66924443142
1122 236 2.65349670535
1123 237 2.67656965412
1124 238 2.66421911102
1125 239 2.66661930402
1126 240 2.65207782992
1127 241 2.64277495351
1128 242 2.63827991007
1129 243 2.62257733537
1130 244 2.6053047683
1131 245 2.60522164954
1132 246 2.59844032363
1133 247 2.57377929282
1134 248 2.56537526293
1135 249 2.5716748462
1136 250 2.55497542473
1137 251 2.5281755287
1138 252 2.53088746905
1139 253 2.53541199102
1140 254 2.51042248823
1141 255 16.2130471137
1142 255 16.2130471137
1143 255 16.2130471137
1144 255 16.2130471137
1145 255 16.2130471137
1146 255 16.2130471137
