1 0 3.2992897435
2 1 3.3404157463
3 2 3.34761887226
4 3 3.49249223982
5 4 3.5893897297
6 5 3.54703233524
7 6 3.74031493813
8 7 3.68685980121
9 8 3.81696998745
10 9 3.69791333912
11 10 3.50462605353
12 11 3.36742210104
13 12 3.24149863389
14 13 3.14311486461
15 14 3.14058295499
16 15 3.08849716562
17 16 3.10999747464
18 17 3.17011854276
19 18 3.14233166599
20 19 3.23923654974
21 20 3.18558570808
22 21 3.33406116282
23 22 3.33305763851
24 23 3.26697038569
25 24 3.2903213547
26 25 3.32324062461
27 26 3.36366923659
28 27 3.45885512896
29 28 3.57808284188
30 29 3.74125166781
31 30 3.66925073233
32 31 3.64634978127
33 32 3.51148308221
34 33 3.5447051479
35 34 3.49120794839
36 35 3.49985795522
37 36 3.54849696796
38 37 3.50611056669
39 38 3.68855105971
40 39 3.70483967492
41 40 3.84419207472
42 41 3.76382484981
43 42 3.56042647492
44 43 3.56242690097
45 44 3.51396919364
46 45 3.67960685028
47 46 3.71079806598
48 47 3.73950550279
49 48 3.77787179519
50 49 3.76529646883
51 50 3.810669849
52 51 3.81466194005
53 52 3.6533457307
54 53 3.640508637
55 54 3.7864166993
56 55 3.68260668429
57 56 3.55349365873
58 57 3.40370549786
59 58 3.25752169244
60 59 3.13596255362
61 60 3.13362672732
62 61 3.06927969548
63 62 3.11563655489
64 63 3.09157682085
65 64 3.10614492796
66 65 3.25461997622
67 66 3.26611571286
68 67 3.25199927928
69 68 3.37808203283
70 69 3.39336079692
71 70 3.28864779451
72 71 3.24384510949
73 72 3.18328224518
74 73 3.2340875261
75 74 3.22323968393
76 75 3.365480545
77 76 3.45484548101
78 77 3.55274300476
79 78 3.40828261802
80 79 3.35146002831
81 80 3.24483975377
82 81 3.3300845319
83 82 3.29999467829
84 83 3.427895759
85 84 3.48996708493
86 85 3.61927303818
87 86 3.81684274889
88 87 3.90353869646
89 88 4.1154919888
90 89 4.12952195953
91 90 4.18702558482
92 91 4.00680657902
93 92 4.02143490064
94 93 4.15534253013
95 94 4.00633071766
96 95 4.00738011873
97 96 3.86738437469
98 97 3.69096355625
99 98 3.70531402317
100 99 3.58367477903
101 100 3.46973886098
102 101 3.39994753062
103 102 3.37748287588
104 103 3.25364015634
105 104 3.34237086697
106 105 3.23298876786
107 106 3.24900158165
108 107 3.39220602373
109 108 3.39224445998
110 109 3.37606377197
111 110 3.22167597501
112 111 3.14879442248
113 112 3.03712744494
114 113 3.00328621091
115 114 2.93297704075
116 115 2.94139451869
117 116 2.88234747832
118 117 2.90585531004
119 118 2.98978026396
120 119 2.97947773657
121 120 2.91144672233
122 121 2.97942690355
123 122 3.01031842717
124 123 2.92552234097
125 124 2.92505016094
126 125 2.9151705068
127 126 2.99135895208
128 127 3.03726359978
129 128 3.16966415158
130 129 3.29848271521
131 130 3.27172163225
132 131 3.16258223116
133 132 3.07162110461
134 133 2.96618360379
135 134 2.94956276767
136 135 2.89369821476
137 136 2.94817697154
138 137 2.95176380757
139 138 3.05739342152
140 139 3.02020770897
141 140 3.1499366301
142 141 3.20336983775
143 142 3.36189254506
144 143 3.34440221662
145 144 3.31007410336
146 145 3.33244903428
147 146 3.21200556051
148 147 3.11568092307
149 148 3.02297758036
150 149 2.96731061451
151 150 2.87345075257
152 151 2.87124335726
153 152 2.93892155074
154 153 2.95584681204
155 154 3.06335987234
156 155 3.05068294516
157 156 3.18655250678
158 157 3.29590233566
159 158 3.45388090641
160 159 3.45292757642
161 160 3.64536961749
162 161 3.7434462728
163 162 3.80921294062
164 163 3.64303298805
165 164 3.59095477771
166 165 3.45282737643
167 166 3.3214349957
168 167 3.16744294913
169 168 3.05876184025
170 169 2.95716304086
171 170 2.89046691841
172 171 2.84503382974
173 172 2.82705130208
174 173 2.83544315091
175 174 2.87305742119
176 175 2.91640181639
177 176 2.97110348374
178 177 3.01754401755
179 178 2.9449319731
180 179 2.89019954533
181 180 2.83286646179
182 181 2.8224501188
183 182 2.8235843156
184 183 2.85403139777
185 184 2.90605108202
186 185 2.97638809125
187 186 3.08357321049
188 187 3.17838061016
189 188 3.18978231689
190 189 3.11543751051
191 190 2.99668949649
192 191 2.95975506753
193 192 2.8942398706
194 193 2.86121779013
195 194 2.844783924
196 195 2.82035722367
197 196 2.85031774611
198 197 2.86271510581
199 198 2.82155885683
200 199 2.79663992953
201 200 2.81322921769
202 201 2.83415719067
203 202 2.89506577738
204 203 2.94644174599
205 204 2.96206720663
206 205 3.01200424607
207 206 3.03521899916
208 207 3.0240153148
209 208 3.14361386562
210 209 3.18685296721
211 210 3.1499211288
212 211 3.2751226501
213 212 3.25464189452
214 213 3.1795225073
215 214 3.04803370863
216 215 3.0324135146
217 216 2.93792739831
218 217 2.87942928458
219 218 2.84354608052
220 219 2.83683973737
221 220 2.86076353814
222 221 2.90666321776
223 222 2.95927438988
224 223 3.04553391577
225 224 3.14770138258
226 225 3.10231668471
227 226 3.12080869779
228 227 3.03922818703
229 228 2.93691468141
230 229 2.90506651018
231 230 2.86651588796
232 231 2.87177776211
233 232 2.90758308922
234 233 2.94363921824
235 234 3.03880992719
236 235 3.14290577557
237 236 3.18590563749
238 237 3.08690797152
239 238 3.02369573813
240 239 2.938797655
241 240 2.95599967682
242 241 2.93056510326
243 242 2.96757033306
244 243 3.0056056948
245 244 2.99751258979
246 245 3.0759278019
247 246 3.08398374171
248 247 3.22085858751
249 248 6.84978285893
250 248 6.84978285893
251 248 6.84978285893
252 248 6.84978285893
253 248 6.84978285893
254 248 6.84978285893
255 248 6.84978285893
256 248 6.84978285893
257 248 6.84978285893
258 248 6.84978285893
259 248 6.84978285893
260 248 6.84978285893
261 248 6.84978285893
262 248 6.84978285893
263 248 6.84978285893
264 248 6.84978285893
265 248 6.84978285893
266 248 6.84978285893
267 248 6.84978285893
268 248 6.84978285893
269 248 6.84978285893
270 248 6.84978285893
271 248 6.84978285893
272 248 6.84978285893
273 248 6.84978285893
274 248 6.84978285893
275 248 6.84978285893
276 248 6.84978285893
277 248 6.84978285893
278 248 6.84978285893
279 248 6.84978285893
280 248 6.84978285893
281 248 6.84978285893
282 248 6.84978285893
283 248 6.84978285893
284 248 6.84978285893
285 248 6.84978285893
286 248 6.84978285893
287 248 6.84978285893
288 249 3.25368047071
289 250 3.15777275656
290 251 3.08829661827
291 252 3.09141684827
292 253 3.0535600811
293 254 3.13298825938
294 255 3.09524242566
295 256 3.13166291766
296 257 3.08844775011
297 258 3.05960044974
298 259 3.01856322182
299 260 3.02224808392
300 261 2.97931008367
301 262 3.01906222342
302 263 2.95544502216
303 264 2.97397338889
304 265 3.07930375424
305 266 3.12572289348
306 267 3.09438729184
307 268 2.98774160243
308 269 3.0081142671
309 270 2.93551573698
310 271 2.87451192841
311 272 2.86342290379
312 273 2.86363118523
313 274 2.91212600774
314 275 2.96740818987
315 276 2.98780235611
316 277 2.91720907899
317 278 2.94961254091
318 279 2.89306232523
319 280 2.85519774116
320 281 2.85430406379
321 282 2.8741207005
322 283 2.9272752148
323 284 3.00042160543
324 285 3.09661515156
325 286 3.03678940562
326 287 3.03171526824
327 288 2.93543931157
328 289 2.89317296565
329 290 2.85377572547
330 291 2.8515059505
331 292 2.8684980483
332 293 2.92129818824
333 294 2.98595317783
334 295 3.07697013309
335 296 3.20379810357
336 297 3.23018901025
337 298 3.10940802751
338 299 3.06425162537
339 300 2.96202166
340 301 2.93350260485
341 302 2.87443802738
342 303 2.87477069253
343 304 2.84607871957
344 305 2.84750503353
345 306 2.88770880305
346 307 2.94458855471
347 308 4.59782813395
348 308 4.59782813395
349 308 4.59782813395
