1 0 18.1471732976
2 1 18.462783535
3 2 17.2725395951
4 3 16.3208914212
5 4 15.9154616966
6 5 15.1917196598
7 6 14.5961513267
8 7 13.9903650411
9 8 13.3421855253
10 9 12.8729656956
11 10 12.7518080129
12 11 13.9418259204
13 12 14.577106364
14 13 14.375868403
15 14 15.4055862583
16 15 15.5014839912
17 16 16.4853005543
18 17 17.031989035
19 18 17.448098524
20 19 18.7670376997
21 20 19.6831216251
22 21 19.5021963812
23 22 18.4109641321
24 23 18.3462759654
25 24 17.5364047973
26 25 17.4584734869
27 26 16.5187545153
28 27 16.0526809027
29 28 15.0208165494
30 29 14.9844439452
31 30 15.9758301197
32 31 9.45418549074
33 31 9.45418549074
34 31 9.45418549074
35 31 9.45418549074
36 31 9.45418549074
37 31 9.45418549074
38 31 9.45418549074
39 31 9.45418549074
40 31 9.45418549074
41 31 9.45418549074
42 31 9.45418549074
43 31 9.45418549074
44 31 9.45418549074
45 31 9.45418549074
46 31 9.45418549074
47 31 9.45418549074
48 31 9.45418549074
49 31 9.45418549074
50 31 9.45418549074
51 31 9.45418549074
52 31 9.45418549074
53 31 9.45418549074
54 31 9.45418549074
55 31 9.45418549074
56 31 9.45418549074
57 31 9.45418549074
58 31 9.45418549074
59 31 9.45418549074
60 31 9.45418549074
61 31 9.45418549074
62 31 9.45418549074
63 31 9.45418549074
64 31 9.45418549074
65 31 9.45418549074
66 31 9.45418549074
67 31 9.45418549074
68 31 9.45418549074
69 31 9.45418549074
70 31 9.45418549074
71 31 9.45418549074
72 31 9.45418549074
73 31 9.45418549074
74 31 9.45418549074
75 31 9.45418549074
76 31 9.45418549074
77 31 9.45418549074
78 31 9.45418549074
79 31 9.45418549074
80 31 9.45418549074
81 31 9.45418549074
82 31 9.45418549074
83 31 9.45418549074
84 31 9.45418549074
85 31 9.45418549074
86 31 9.45418549074
87 31 9.45418549074
88 31 9.45418549074
89 31 9.45418549074
90 31 9.45418549074
91 31 9.45418549074
92 31 9.45418549074
93 31 9.45418549074
94 31 9.45418549074
95 31 9.45418549074
96 31 9.45418549074
97 31 9.45418549074
98 31 9.45418549074
99 31 9.45418549074
100 31 9.45418549074
101 31 9.45418549074
102 31 9.45418549074
103 31 9.45418549074
104 31 9.45418549074
105 31 9.45418549074
106 31 9.45418549074
107 31 9.45418549074
108 31 9.45418549074
109 31 9.45418549074
110 31 9.45418549074
111 31 9.45418549074
112 31 9.45418549074
113 31 9.45418549074
114 31 9.45418549074
115 31 9.45418549074
116 31 9.45418549074
117 31 9.45418549074
118 31 9.45418549074
119 31 9.45418549074
120 31 9.45418549074
121 31 9.45418549074
122 31 9.45418549074
123 31 9.45418549074
124 31 9.45418549074
125 31 9.45418549074
126 31 9.45418549074
127 31 9.45418549074
128 31 9.45418549074
129 32 5.86602587719
130 32 5.86602587719
131 32 5.86602587719
132 32 5.86602587719
133 32 5.86602587719
134 32 5.86602587719
135 32 5.86602587719
136 32 5.86602587719
137 32 5.86602587719
138 32 5.86602587719
139 32 5.86602587719
140 32 5.86602587719
141 32 5.86602587719
142 32 5.86602587719
143 32 5.86602587719
144 32 5.86602587719
145 32 5.86602587719
146 32 5.86602587719
147 32 5.86602587719
148 32 5.86602587719
149 32 5.86602587719
150 32 5.86602587719
151 32 5.86602587719
152 32 5.86602587719
153 32 5.86602587719
154 32 5.86602587719
155 32 5.86602587719
156 32 5.86602587719
157 32 5.86602587719
158 32 5.86602587719
159 32 5.86602587719
160 32 5.86602587719
161 32 5.86602587719
162 32 5.86602587719
163 32 5.86602587719
164 32 5.86602587719
165 32 5.86602587719
166 32 5.86602587719
167 32 5.86602587719
168 32 5.86602587719
169 32 5.86602587719
170 32 5.86602587719
171 32 5.86602587719
172 32 5.86602587719
173 32 5.86602587719
174 32 5.86602587719
175 32 5.86602587719
176 32 5.86602587719
177 32 5.86602587719
178 32 5.86602587719
179 32 5.86602587719
180 32 5.86602587719
181 32 5.86602587719
182 32 5.86602587719
183 32 5.86602587719
184 32 5.86602587719
185 32 5.86602587719
186 32 5.86602587719
187 32 5.86602587719
188 32 5.86602587719
189 32 5.86602587719
190 32 5.86602587719
191 32 5.86602587719
192 32 5.86602587719
193 32 5.86602587719
194 32 5.86602587719
195 32 5.86602587719
196 32 5.86602587719
197 32 5.86602587719
198 32 5.86602587719
199 32 5.86602587719
200 32 5.86602587719
201 32 5.86602587719
202 32 5.86602587719
203 32 5.86602587719
204 32 5.86602587719
205 32 5.86602587719
206 32 5.86602587719
207 32 5.86602587719
208 32 5.86602587719
209 32 5.86602587719
210 32 5.86602587719
211 32 5.86602587719
212 32 5.86602587719
213 32 5.86602587719
214 32 5.86602587719
215 32 5.86602587719
216 32 5.86602587719
217 32 5.86602587719
218 32 5.86602587719
219 32 5.86602587719
220 32 5.86602587719
221 32 5.86602587719
222 32 5.86602587719
223 32 5.86602587719
224 32 5.86602587719
225 32 5.86602587719
226 33 6.64548319177
227 33 6.64548319177
228 33 6.64548319177
229 33 6.64548319177
230 33 6.64548319177
231 33 6.64548319177
232 33 6.64548319177
233 33 6.64548319177
234 33 6.64548319177
235 33 6.64548319177
236 33 6.64548319177
237 33 6.64548319177
238 33 6.64548319177
239 33 6.64548319177
240 33 6.64548319177
241 33 6.64548319177
242 33 6.64548319177
243 33 6.64548319177
244 33 6.64548319177
245 33 6.64548319177
246 33 6.64548319177
247 33 6.64548319177
248 33 6.64548319177
249 33 6.64548319177
250 33 6.64548319177
251 33 6.64548319177
252 33 6.64548319177
253 33 6.64548319177
254 33 6.64548319177
255 33 6.64548319177
256 33 6.64548319177
257 33 6.64548319177
258 33 6.64548319177
259 33 6.64548319177
260 33 6.64548319177
261 33 6.64548319177
262 33 6.64548319177
263 33 6.64548319177
264 33 6.64548319177
265 33 6.64548319177
266 33 6.64548319177
267 33 6.64548319177
268 33 6.64548319177
269 33 6.64548319177
270 33 6.64548319177
271 33 6.64548319177
272 33 6.64548319177
273 33 6.64548319177
274 33 6.64548319177
275 33 6.64548319177
276 33 6.64548319177
277 33 6.64548319177
278 33 6.64548319177
279 33 6.64548319177
280 33 6.64548319177
281 33 6.64548319177
282 33 6.64548319177
283 33 6.64548319177
284 33 6.64548319177
285 33 6.64548319177
286 33 6.64548319177
287 33 6.64548319177
288 33 6.64548319177
289 33 6.64548319177
290 33 6.64548319177
291 33 6.64548319177
292 33 6.64548319177
293 33 6.64548319177
294 33 6.64548319177
295 33 6.64548319177
296 33 6.64548319177
297 33 6.64548319177
298 33 6.64548319177
299 33 6.64548319177
300 33 6.64548319177
301 33 6.64548319177
302 33 6.64548319177
303 33 6.64548319177
304 33 6.64548319177
305 33 6.64548319177
306 33 6.64548319177
307 33 6.64548319177
308 33 6.64548319177
309 33 6.64548319177
310 33 6.64548319177
311 33 6.64548319177
312 33 6.64548319177
313 33 6.64548319177
314 33 6.64548319177
315 33 6.64548319177
316 33 6.64548319177
317 33 6.64548319177
318 33 6.64548319177
319 33 6.64548319177
320 33 6.64548319177
321 33 6.64548319177
322 34 5.24924772366
323 35 5.34046186693
324 36 5.26288906079
325 37 5.14959063404
326 38 5.11706738482
327 39 5.16915614084
328 40 5.14625102537
329 41 5.07446526986
330 42 5.07776752465
331 43 5.01997820554
332 44 5.01174239951
333 45 4.95747253088
334 46 4.89491985936
335 47 4.9608268083
336 48 5.01371743445
337 49 5.09483929633
338 50 5.14298954466
339 51 5.18279365281
340 52 5.23697908463
341 53 5.21513134664
342 54 5.22066876212
343 55 5.20789877473
344 56 5.27144494761
345 57 5.36490197117
346 58 5.36281982099
347 59 5.28011381321
348 60 5.33838995561
349 61 5.35997427289
350 62 5.41307859791
351 63 5.48361539078
352 64 6.62869804037
353 64 6.62869804037
354 64 6.62869804037
355 64 6.62869804037
356 64 6.62869804037
357 64 6.62869804037
358 64 6.62869804037
359 64 6.62869804037
360 64 6.62869804037
361 64 6.62869804037
362 64 6.62869804037
363 64 6.62869804037
364 64 6.62869804037
365 64 6.62869804037
366 64 6.62869804037
367 64 6.62869804037
368 64 6.62869804037
369 64 6.62869804037
370 64 6.62869804037
371 64 6.62869804037
372 64 6.62869804037
373 64 6.62869804037
374 64 6.62869804037
375 64 6.62869804037
376 64 6.62869804037
377 64 6.62869804037
378 64 6.62869804037
379 64 6.62869804037
380 64 6.62869804037
381 64 6.62869804037
382 64 6.62869804037
383 64 6.62869804037
384 64 6.62869804037
385 64 6.62869804037
386 64 6.62869804037
387 64 6.62869804037
388 64 6.62869804037
389 64 6.62869804037
390 64 6.62869804037
391 64 6.62869804037
392 64 6.62869804037
393 64 6.62869804037
394 64 6.62869804037
395 64 6.62869804037
396 64 6.62869804037
397 64 6.62869804037
398 64 6.62869804037
399 64 6.62869804037
400 65 5.29083907928
401 66 5.17718973694
402 67 5.21955554705
403 68 5.13748402289
404 69 5.10824041687
405 70 5.03822857276
406 71 5.01573718886
407 72 4.98068340524
408 73 4.9320980586
409 74 4.88825592287
410 75 4.87132484765
411 76 4.8426039212
412 77 4.7703146298
413 78 4.72109969302
414 79 4.66626861736
415 80 4.679887215
416 81 4.68020903029
417 82 4.72361231043
418 83 4.72917836401
419 84 4.79402728414
420 85 4.84495458208
421 86 4.90303348957
422 87 4.99084256902
423 88 5.04035931126
424 89 5.15061258492
425 90 5.21508121707
426 91 5.11453603638
427 92 5.10688262075
428 93 5.01034069832
429 94 4.99548050935
430 95 4.91150421999
431 96 4.90959527396
432 97 4.86235472146
433 98 4.82852228021
434 99 4.81891607238
435 100 4.76156868329
436 101 4.76812615174
437 102 4.71190252226
438 103 4.70079367097
439 104 4.62575905206
440 104 4.62575905206
441 104 4.62575905206
442 104 4.62575905206
443 104 4.62575905206
444 104 4.62575905206
445 104 4.62575905206
446 104 4.62575905206
447 104 4.62575905206
448 104 4.62575905206
449 104 4.62575905206
450 104 4.62575905206
451 104 4.62575905206
452 104 4.62575905206
453 104 4.62575905206
454 104 4.62575905206
455 104 4.62575905206
456 104 4.62575905206
457 104 4.62575905206
458 104 4.62575905206
459 104 4.62575905206
460 104 4.62575905206
461 104 4.62575905206
462 104 4.62575905206
463 104 4.62575905206
464 104 4.62575905206
465 104 4.62575905206
466 104 4.62575905206
467 104 4.62575905206
468 104 4.62575905206
469 104 4.62575905206
470 104 4.62575905206
471 104 4.62575905206
472 104 4.62575905206
473 104 4.62575905206
474 104 4.62575905206
475 104 4.62575905206
476 104 4.62575905206
477 104 4.62575905206
478 104 4.62575905206
479 104 4.62575905206
480 104 4.62575905206
481 104 4.62575905206
482 104 4.62575905206
483 104 4.62575905206
484 104 4.62575905206
485 104 4.62575905206
486 104 4.62575905206
487 104 4.62575905206
488 104 4.62575905206
489 104 4.62575905206
490 104 4.62575905206
491 104 4.62575905206
492 104 4.62575905206
493 104 4.62575905206
494 104 4.62575905206
495 104 4.62575905206
496 104 4.62575905206
497 104 4.62575905206
498 104 4.62575905206
499 104 4.62575905206
500 104 4.62575905206
501 104 4.62575905206
502 104 4.62575905206
503 104 4.62575905206
504 104 4.62575905206
505 104 4.62575905206
506 104 4.62575905206
507 104 4.62575905206
508 104 4.62575905206
509 104 4.62575905206
510 104 4.62575905206
511 104 4.62575905206
512 104 4.62575905206
513 104 4.62575905206
514 104 4.62575905206
515 104 4.62575905206
516 104 4.62575905206
517 104 4.62575905206
518 104 4.62575905206
519 104 4.62575905206
520 104 4.62575905206
521 104 4.62575905206
522 104 4.62575905206
523 104 4.62575905206
524 104 4.62575905206
525 104 4.62575905206
526 104 4.62575905206
527 104 4.62575905206
528 104 4.62575905206
529 104 4.62575905206
530 104 4.62575905206
531 105 4.94779305614
532 106 5.01545888129
533 107 4.87497984489
534 108 4.7309304009
535 109 4.71716421369
536 110 4.64307437439
537 111 4.63838917346
538 112 4.6623931228
539 113 4.66439015651
540 114 4.59965296791
541 115 4.4863224321
542 116 4.50202806808
543 117 4.4728790434
544 118 4.51852000907
545 119 4.49782148646
546 120 4.50723852956
547 121 4.40624650694
548 122 4.41311345608
549 123 4.30858622059
550 124 4.31592229994
551 125 4.18183863093
552 126 4.21853734998
553 127 4.34723565762
554 128 4.28542515918
555 129 4.21010384179
556 130 4.33212629334
557 131 4.42004732044
558 132 4.33036955952
559 133 4.31491170591
560 134 4.46367706959
561 135 4.47732871374
562 136 4.37769442834
563 137 4.45311330079
564 138 4.579295686
565 139 4.50768778038
566 140 4.46832955583
567 141 4.61273701523
568 142 4.54835975279
569 143 4.6492244803
570 144 4.6022580698
571 145 4.46281239266
572 146 4.5233134578
573 147 4.6129240504
574 148 4.49382523986
575 149 4.4260356027
576 151 4.65223558951
577 152 4.65833115037
578 151 4.73670292546
579 151 4.73670292546
580 151 4.73670292546
581 151 4.73670292546
582 151 4.73670292546
583 151 4.73670292546
584 151 4.73670292546
585 151 4.73670292546
586 151 4.73670292546
587 151 4.73670292546
588 151 4.73670292546
589 151 4.73670292546
590 151 4.73670292546
591 151 4.73670292546
592 151 4.73670292546
593 151 4.73670292546
594 151 4.73670292546
595 151 4.73670292546
596 151 4.73670292546
597 151 4.73670292546
598 151 4.73670292546
599 151 4.73670292546
600 151 4.73670292546
601 151 4.73670292546
602 151 4.73670292546
603 151 4.73670292546
604 151 4.73670292546
605 151 4.73670292546
606 151 4.73670292546
607 151 4.73670292546
608 151 4.73670292546
609 151 4.73670292546
610 151 4.73670292546
611 151 4.73670292546
612 151 4.73670292546
613 151 4.73670292546
614 151 4.73670292546
615 151 4.73670292546
616 151 4.73670292546
617 151 4.73670292546
618 151 4.73670292546
619 151 4.73670292546
620 151 4.73670292546
621 151 4.73670292546
622 151 4.73670292546
623 151 4.73670292546
624 151 4.73670292546
625 151 4.73670292546
626 151 4.73670292546
627 151 4.73670292546
628 151 4.73670292546
629 151 4.73670292546
630 151 4.73670292546
631 151 4.73670292546
632 151 4.73670292546
633 151 4.73670292546
634 151 4.73670292546
635 151 4.73670292546
636 151 4.73670292546
637 151 4.73670292546
638 151 4.73670292546
639 151 4.73670292546
640 151 4.73670292546
641 151 4.73670292546
642 151 4.73670292546
643 151 4.73670292546
644 151 4.73670292546
645 151 4.73670292546
646 151 4.73670292546
647 151 4.73670292546
648 151 4.73670292546
649 151 4.73670292546
650 151 4.73670292546
651 151 4.73670292546
652 151 4.73670292546
653 151 4.73670292546
654 151 4.73670292546
655 151 4.73670292546
656 151 4.73670292546
657 151 4.73670292546
658 151 4.73670292546
659 151 4.73670292546
660 151 4.73670292546
661 151 4.73670292546
662 151 4.73670292546
663 151 4.73670292546
664 151 4.73670292546
665 151 4.73670292546
666 151 4.73670292546
667 151 4.73670292546
668 151 4.73670292546
669 153 4.5042953521
670 153 4.5042953521
671 153 4.5042953521
672 153 4.5042953521
673 153 4.5042953521
674 153 4.5042953521
675 153 4.5042953521
676 153 4.5042953521
677 153 4.5042953521
678 153 4.5042953521
679 153 4.5042953521
680 153 4.5042953521
681 153 4.5042953521
682 153 4.5042953521
683 153 4.5042953521
684 153 4.5042953521
685 153 4.5042953521
686 153 4.5042953521
687 153 4.5042953521
688 153 4.5042953521
689 153 4.5042953521
690 153 4.5042953521
691 153 4.5042953521
692 153 4.5042953521
693 153 4.5042953521
694 153 4.5042953521
695 153 4.5042953521
696 153 4.5042953521
697 153 4.5042953521
698 153 4.5042953521
699 153 4.5042953521
700 153 4.5042953521
701 153 4.5042953521
702 153 4.5042953521
703 153 4.5042953521
704 153 4.5042953521
705 153 4.5042953521
706 153 4.5042953521
707 153 4.5042953521
708 153 4.5042953521
709 153 4.5042953521
710 153 4.5042953521
711 153 4.5042953521
712 153 4.5042953521
713 153 4.5042953521
714 153 4.5042953521
715 153 4.5042953521
716 153 4.5042953521
717 153 4.5042953521
718 153 4.5042953521
719 153 4.5042953521
720 153 4.5042953521
721 153 4.5042953521
722 153 4.5042953521
723 153 4.5042953521
724 153 4.5042953521
725 153 4.5042953521
726 153 4.5042953521
727 153 4.5042953521
728 153 4.5042953521
729 153 4.5042953521
730 153 4.5042953521
731 153 4.5042953521
732 153 4.5042953521
733 153 4.5042953521
734 153 4.5042953521
735 153 4.5042953521
736 153 4.5042953521
737 153 4.5042953521
738 153 4.5042953521
739 153 4.5042953521
740 153 4.5042953521
741 153 4.5042953521
742 153 4.5042953521
743 153 4.5042953521
744 153 4.5042953521
745 153 4.5042953521
746 153 4.5042953521
747 153 4.5042953521
748 153 4.5042953521
749 153 4.5042953521
750 153 4.5042953521
751 153 4.5042953521
752 153 4.5042953521
753 153 4.5042953521
754 153 4.5042953521
755 153 4.5042953521
756 153 4.5042953521
757 153 4.5042953521
758 153 4.5042953521
759 153 4.5042953521
760 153 4.5042953521
761 153 4.5042953521
762 154 8.58297560166
763 154 8.58297560166
764 154 8.58297560166
765 154 8.58297560166
766 154 8.58297560166
767 154 8.58297560166
768 154 8.58297560166
769 154 8.58297560166
770 154 8.58297560166
771 154 8.58297560166
772 154 8.58297560166
773 154 8.58297560166
774 154 8.58297560166
775 154 8.58297560166
776 154 8.58297560166
777 154 8.58297560166
778 154 8.58297560166
779 154 8.58297560166
780 154 8.58297560166
781 154 8.58297560166
782 154 8.58297560166
783 154 8.58297560166
784 154 8.58297560166
785 154 8.58297560166
786 154 8.58297560166
787 154 8.58297560166
788 154 8.58297560166
789 154 8.58297560166
790 154 8.58297560166
791 154 8.58297560166
792 154 8.58297560166
793 154 8.58297560166
794 154 8.58297560166
795 154 8.58297560166
796 154 8.58297560166
797 154 8.58297560166
798 154 8.58297560166
799 154 8.58297560166
800 154 8.58297560166
801 154 8.58297560166
802 154 8.58297560166
803 154 8.58297560166
804 154 8.58297560166
805 154 8.58297560166
806 154 8.58297560166
807 154 8.58297560166
808 154 8.58297560166
809 154 8.58297560166
810 154 8.58297560166
811 154 8.58297560166
812 154 8.58297560166
813 154 8.58297560166
814 154 8.58297560166
815 154 8.58297560166
816 154 8.58297560166
817 154 8.58297560166
818 154 8.58297560166
819 154 8.58297560166
820 154 8.58297560166
821 154 8.58297560166
822 154 8.58297560166
823 154 8.58297560166
824 154 8.58297560166
825 154 8.58297560166
826 154 8.58297560166
827 154 8.58297560166
828 154 8.58297560166
829 154 8.58297560166
830 154 8.58297560166
831 154 8.58297560166
832 154 8.58297560166
833 154 8.58297560166
834 154 8.58297560166
835 154 8.58297560166
836 154 8.58297560166
837 154 8.58297560166
838 154 8.58297560166
839 154 8.58297560166
840 154 8.58297560166
841 154 8.58297560166
842 154 8.58297560166
843 154 8.58297560166
844 154 8.58297560166
845 154 8.58297560166
846 154 8.58297560166
847 154 8.58297560166
848 154 8.58297560166
849 154 8.58297560166
850 154 8.58297560166
851 154 8.58297560166
852 154 8.58297560166
853 154 8.58297560166
854 154 8.58297560166
855 155 17.9330094535
856 155 17.9330094535
857 155 17.9330094535
858 155 17.9330094535
859 155 17.9330094535
860 155 17.9330094535
861 155 17.9330094535
862 155 17.9330094535
863 155 17.9330094535
864 155 17.9330094535
865 155 17.9330094535
866 155 17.9330094535
867 155 17.9330094535
868 155 17.9330094535
869 155 17.9330094535
870 155 17.9330094535
871 155 17.9330094535
872 155 17.9330094535
873 155 17.9330094535
874 155 17.9330094535
875 155 17.9330094535
876 155 17.9330094535
877 155 17.9330094535
878 155 17.9330094535
879 155 17.9330094535
880 155 17.9330094535
881 155 17.9330094535
882 155 17.9330094535
883 155 17.9330094535
884 155 17.9330094535
885 155 17.9330094535
886 155 17.9330094535
887 155 17.9330094535
888 155 17.9330094535
889 155 17.9330094535
890 155 17.9330094535
891 155 17.9330094535
892 155 17.9330094535
893 155 17.9330094535
894 155 17.9330094535
895 155 17.9330094535
896 155 17.9330094535
897 155 17.9330094535
898 155 17.9330094535
899 155 17.9330094535
900 155 17.9330094535
901 155 17.9330094535
902 155 17.9330094535
903 155 17.9330094535
904 155 17.9330094535
905 155 17.9330094535
906 155 17.9330094535
907 155 17.9330094535
908 155 17.9330094535
909 155 17.9330094535
910 155 17.9330094535
911 155 17.9330094535
912 155 17.9330094535
913 155 17.9330094535
914 155 17.9330094535
915 155 17.9330094535
916 155 17.9330094535
917 155 17.9330094535
918 155 17.9330094535
919 155 17.9330094535
920 155 17.9330094535
921 155 17.9330094535
922 155 17.9330094535
923 155 17.9330094535
924 155 17.9330094535
925 155 17.9330094535
926 155 17.9330094535
927 155 17.9330094535
928 155 17.9330094535
929 155 17.9330094535
930 155 17.9330094535
931 155 17.9330094535
932 155 17.9330094535
933 155 17.9330094535
934 155 17.9330094535
935 155 17.9330094535
936 155 17.9330094535
937 155 17.9330094535
938 155 17.9330094535
939 155 17.9330094535
940 155 17.9330094535
941 155 17.9330094535
942 155 17.9330094535
943 155 17.9330094535
944 155 17.9330094535
945 155 17.9330094535
946 155 17.9330094535
947 155 17.9330094535
948 156 16.337122958
949 156 16.337122958
950 157 6.40226926397
951 158 7.41811167823
952 159 7.45359695245
953 160 8.50148329785
954 161 8.23805418187
955 162 7.33455840916
956 163 7.10832594377
957 164 6.6790103496
958 165 6.02964588541
959 166 5.78317671526
960 167 6.0549438078
961 168 5.97498752798
962 169 6.71783595019
963 170 6.26708393952
964 171 5.69522456089
965 172 6.30888697199
966 173 7.00747226581
967 174 6.60366455838
968 175 6.43703912913
969 176 7.35769380757
970 177 7.89731124469
971 178 7.38232296602
972 179 7.50814566553
973 180 8.56319904233
974 181 8.88157984277
975 182 8.37498128436
976 183 9.00330827824
977 184 8.2425614109
978 185 8.86722150742
979 186 8.60705096702
980 187 8.99116546322
981 188 9.50449161738
982 189 9.08239490751
983 190 8.07055074791
984 191 8.46040588968
985 192 8.91974048899
986 193 8.04937230735
987 194 7.14884443762
988 195 6.2975006552
989 196 3.32823672509
990 196 3.32823672509
991 196 3.32823672509
992 196 3.32823672509
993 196 3.32823672509
994 196 3.32823672509
995 196 3.32823672509
996 196 3.32823672509
997 196 3.32823672509
998 196 3.32823672509
999 196 3.32823672509
1000 196 3.32823672509
1001 196 3.32823672509
1002 196 3.32823672509
1003 196 3.32823672509
1004 196 3.32823672509
1005 196 3.32823672509
1006 196 3.32823672509
1007 196 3.32823672509
1008 196 3.32823672509
1009 196 3.32823672509
1010 196 3.32823672509
1011 196 3.32823672509
1012 196 3.32823672509
1013 196 3.32823672509
1014 196 3.32823672509
1015 196 3.32823672509
1016 196 3.32823672509
1017 196 3.32823672509
1018 196 3.32823672509
1019 196 3.32823672509
1020 196 3.32823672509
1021 196 3.32823672509
1022 196 3.32823672509
1023 196 3.32823672509
1024 196 3.32823672509
1025 196 3.32823672509
1026 196 3.32823672509
1027 196 3.32823672509
1028 196 3.32823672509
1029 196 3.32823672509
1030 196 3.32823672509
1031 196 3.32823672509
1032 196 3.32823672509
1033 196 3.32823672509
1034 196 3.32823672509
1035 196 3.32823672509
1036 196 3.32823672509
1037 196 3.32823672509
1038 196 3.32823672509
1039 196 3.32823672509
1040 196 3.32823672509
1041 196 3.32823672509
1042 196 3.32823672509
1043 196 3.32823672509
1044 196 3.32823672509
1045 196 3.32823672509
1046 196 3.32823672509
1047 196 3.32823672509
1048 196 3.32823672509
1049 196 3.32823672509
1050 196 3.32823672509
1051 196 3.32823672509
1052 196 3.32823672509
1053 196 3.32823672509
1054 196 3.32823672509
1055 196 3.32823672509
1056 196 3.32823672509
1057 196 3.32823672509
1058 196 3.32823672509
1059 196 3.32823672509
1060 196 3.32823672509
1061 196 3.32823672509
1062 196 3.32823672509
1063 196 3.32823672509
1064 196 3.32823672509
1065 196 3.32823672509
1066 196 3.32823672509
1067 196 3.32823672509
1068 196 3.32823672509
1069 196 3.32823672509
1070 196 3.32823672509
1071 196 3.32823672509
1072 196 3.32823672509
1073 196 3.32823672509
1074 196 3.32823672509
1075 196 3.32823672509
1076 196 3.32823672509
1077 196 3.32823672509
1078 196 3.32823672509
1079 196 3.32823672509
1080 196 3.32823672509
1081 196 3.32823672509
1082 196 3.32823672509
1083 197 7.2676308198
1084 198 7.18048924735
1085 199 7.51035045393
1086 200 6.9054598809
1087 201 6.27482296506
1088 202 6.76555070629
1089 203 6.74695361914
1090 204 5.95021342283
1091 205 5.92042297175
1092 206 6.52039126366
1093 207 6.10897549404
1094 208 5.62650772942
1095 209 5.88032256992
1096 210 6.33026375638
1097 211 5.9329861774
1098 212 5.33078435753
1099 213 5.67082392947
1100 214 5.94956181902
1101 215 5.4141004757
1102 216 5.05239448819
1103 217 4.66618535998
1104 218 4.93571934796
1105 219 5.48457615114
1106 220 5.54534437787
1107 221 5.05738384063
1108 222 4.95074600159
1109 223 5.57245966099
1110 224 5.82057870441
1111 225 5.27810360058
1112 226 5.6629123512
1113 227 5.49749299011
1114 228 5.19557247704
1115 229 5.46715973548
1116 230 6.09875444884
1117 231 6.26545066551
1118 232 6.02418690643
1119 233 6.34346510532
1120 234 7.06428640675
1121 235 7.06591672133
1122 236 6.72831288681
1123 237 7.17324308567
1124 238 6.55752906388
1125 239 6.40649575832
1126 240 5.99664837085
1127 241 5.66053306723
1128 242 5.52315685092
1129 243 5.35722628392
1130 244 4.87572425511
1131 245 4.75475772211
1132 246 4.84904331455
1133 247 4.54428970418
1134 248 4.26779114476
1135 249 4.40048450986
1136 250 4.61038719626
1137 251 4.35511966785
1138 252 4.26233911247
1139 253 4.58193966878
1140 254 4.8724420008
1141 255 12.4424837604
1142 255 12.4424837604
1143 255 12.4424837604
1144 255 12.4424837604
1145 255 12.4424837604
1146 255 12.4424837604
