1 0 22.8797440689
2 0 22.8797440689
3 0 22.8797440689
4 0 22.8797440689
5 0 22.8797440689
6 0 22.8797440689
7 0 22.8797440689
8 0 22.8797440689
9 1 36.0486808103
10 2 37.3151546994
11 3 36.4664306723
12 4 37.7963199139
13 5 37.1100296904
14 6 35.8439560658
15 7 34.0836497985
16 8 33.7322906349
17 9 32.5297848877
18 10 31.6266130987
19 11 29.9245985425
20 12 29.1916058291
21 13 27.0740161047
22 14 26.387312975
23 15 24.4940875647
24 16 23.5860673921
25 17 24.0725646486
26 18 25.8638120504
27 19 27.7839521955
28 20 29.3223652516
29 21 31.1507249853
30 22 31.7914130298
31 23 33.7645239479
32 24 34.9340379892
33 25 34.4468930431
34 26 35.0463204371
35 27 32.9667174451
36 28 32.6084105994
37 29 30.9710381617
38 30 30.2013015328
39 31 28.4199915348
40 32 27.9337370127
41 33 28.626453839
42 34 28.28619185
43 35 28.2247288414
44 36 26.1142348072
45 37 25.2654526914
46 38 26.3963745366
47 39 25.3344231195
48 40 23.297676346
49 41 23.706553545
50 42 24.6494265876
51 43 22.7952154231
52 44 21.2520134135
53 45 19.9600909257
54 46 21.3108283394
55 47 22.0309366054
56 48 23.6289740739
57 49 24.956784116
58 50 26.0626052277
59 51 25.1259864096
60 52 26.1121792046
61 53 25.5129264097
62 54 26.6901189007
63 55 27.0338113191
64 56 27.9797092735
65 57 29.3587394722
66 58 31.0825323458
67 59 31.500902738
68 60 31.5712187831
69 61 29.7426104756
70 62 29.8757947677
71 63 29.0324015374
72 64 28.1626816654
73 65 28.3731199121
74 66 27.1851553241
75 67 27.0655695725
76 68 25.2382598736
77 69 25.4086769
78 70 23.7240869262
79 71 23.9965365125
80 72 26.0545909375
81 73 26.9585579187
82 74 29.0172721944
83 75 29.4677240896
84 76 28.3419341831
85 77 27.4977905918
86 78 26.0315732065
87 79 24.325879896
88 80 24.3847076046
89 81 26.2301504955
90 82 26.3710426297
91 83 28.3543716405
92 84 28.7280685849
93 85 30.5289683124
94 86 30.5002409018
95 87 32.035012798
96 88 32.3168329943
97 89 33.0484027171
98 90 31.3944147788
99 91 31.9627642165
100 92 29.9676112948
101 93 30.9550189039
102 94 32.8100843997
103 95 31.7206339123
104 96 30.1023482524
105 97 31.8100182532
106 98 32.9565952562
107 99 30.9700090501
108 100 30.8037411187
109 101 33.1032895832
110 102 32.9004335398
111 103 31.1752080211
112 104 32.5722020213
113 105 34.2779963244
114 106 32.7833724099
115 107 32.4196054027
116 108 34.7814049191
117 109 34.6941723727
118 110 36.6015432877
119 111 36.3883028575
120 112 38.5550622106
121 113 38.4462697972
122 114 36.3128263003
123 115 37.2855677715
124 116 39.1204108348
125 117 37.7341061264
126 118 36.4500476736
127 119 38.4870100477
128 120 10.3404405285
129 120 10.3404405285
130 120 10.3404405285
131 120 10.3404405285
132 120 10.3404405285
133 120 10.3404405285
134 120 10.3404405285
135 120 10.3404405285
136 120 10.3404405285
137 120 10.3404405285
138 120 10.3404405285
139 120 10.3404405285
140 120 10.3404405285
141 120 10.3404405285
142 120 10.3404405285
143 120 10.3404405285
144 120 10.3404405285
145 120 10.3404405285
146 120 10.3404405285
147 120 10.3404405285
148 120 10.3404405285
149 120 10.3404405285
150 120 10.3404405285
151 120 10.3404405285
152 120 10.3404405285
153 120 10.3404405285
154 120 10.3404405285
155 120 10.3404405285
156 120 10.3404405285
157 120 10.3404405285
158 120 10.3404405285
159 120 10.3404405285
160 120 10.3404405285
161 120 10.3404405285
162 120 10.3404405285
163 120 10.3404405285
164 120 10.3404405285
165 120 10.3404405285
166 120 10.3404405285
167 120 10.3404405285
168 120 10.3404405285
169 120 10.3404405285
170 120 10.3404405285
171 120 10.3404405285
172 120 10.3404405285
173 120 10.3404405285
174 120 10.3404405285
175 120 10.3404405285
176 120 10.3404405285
177 120 10.3404405285
178 120 10.3404405285
179 120 10.3404405285
180 120 10.3404405285
181 120 10.3404405285
182 120 10.3404405285
183 120 10.3404405285
184 120 10.3404405285
185 120 10.3404405285
186 120 10.3404405285
187 120 10.3404405285
188 120 10.3404405285
189 120 10.3404405285
190 120 10.3404405285
191 120 10.3404405285
192 120 10.3404405285
193 121 14.814737822
194 121 14.814737822
195 121 14.814737822
196 121 14.814737822
197 121 14.814737822
198 121 14.814737822
199 121 14.814737822
200 121 14.814737822
201 121 14.814737822
202 121 14.814737822
203 121 14.814737822
204 121 14.814737822
205 121 14.814737822
206 121 14.814737822
207 121 14.814737822
208 121 14.814737822
209 121 14.814737822
210 121 14.814737822
211 121 14.814737822
212 121 14.814737822
213 121 14.814737822
214 121 14.814737822
215 121 14.814737822
216 121 14.814737822
217 121 14.814737822
218 121 14.814737822
219 121 14.814737822
220 121 14.814737822
221 121 14.814737822
222 121 14.814737822
223 121 14.814737822
224 121 14.814737822
225 121 14.814737822
226 121 14.814737822
227 121 14.814737822
228 121 14.814737822
229 121 14.814737822
230 121 14.814737822
231 121 14.814737822
232 121 14.814737822
233 121 14.814737822
234 121 14.814737822
235 121 14.814737822
236 121 14.814737822
237 121 14.814737822
238 121 14.814737822
239 121 14.814737822
240 121 14.814737822
241 121 14.814737822
242 121 14.814737822
243 121 14.814737822
244 121 14.814737822
245 121 14.814737822
246 121 14.814737822
247 121 14.814737822
248 121 14.814737822
249 121 14.814737822
250 121 14.814737822
251 121 14.814737822
252 121 14.814737822
253 121 14.814737822
254 121 14.814737822
255 121 14.814737822
256 121 14.814737822
257 122 7.96213879012
258 123 9.00328932687
259 124 9.40955084825
260 125 10.5639712373
261 126 11.2675044719
262 127 11.4898164065
263 128 10.2525762083
264 129 10.198797109
265 130 11.1985145235
266 131 10.7116604734
267 132 9.61286686662
268 133 10.1197360459
269 134 11.0148577407
270 135 10.2333018821
271 136 10.3986533084
272 137 9.46187906419
273 138 10.0730180564
274 139 10.6663264199
275 140 11.5012870492
276 141 12.1727033165
277 142 13.3145432646
278 143 13.0324567751
279 144 12.5665430519
280 145 13.5742839835
281 146 14.3307378624
282 147 13.9518552372
283 148 14.8883693965
284 149 14.3381180214
285 150 13.5273541253
286 151 13.8330329935
287 152 13.3286182746
288 153 12.8530171699
289 154 12.1726472431
290 155 11.8009906774
291 156 11.3540097597
292 157 10.6887519691
293 158 10.2462767564
294 159 9.83210822265
295 160 9.25920231622
296 161 8.7042520805
297 162 8.3864821648
298 163 7.91659313966
299 164 7.35747151353
300 165 6.96310815884
301 166 6.70482524282
302 167 7.2900218895
303 168 7.88470618525
304 169 7.69515483902
305 170 8.64152939932
306 171 8.89278757433
307 172 8.57951435371
308 173 9.30298962138
309 174 10.1557969582
310 175 10.9874050033
311 176 10.4264481985
312 177 11.1865026881
313 178 10.8496531352
314 179 10.410462655
315 180 9.40303622699
316 181 8.63847383157
317 182 8.00096387151
318 183 6.8429576976
319 184 6.17771895884
320 185 6.1490592577
321 186 7.24140667909
322 187 7.37002687261
323 188 6.72459711498
324 189 7.24065740649
325 190 8.28792374296
326 191 8.47548055014
327 192 8.49927193212
328 193 8.23898255983
329 193 8.23898255983
330 193 8.23898255983
331 193 8.23898255983
332 193 8.23898255983
333 193 8.23898255983
334 193 8.23898255983
335 193 8.23898255983
336 193 8.23898255983
337 193 8.23898255983
338 193 8.23898255983
339 193 8.23898255983
340 193 8.23898255983
341 193 8.23898255983
342 193 8.23898255983
343 193 8.23898255983
344 193 8.23898255983
345 193 8.23898255983
346 193 8.23898255983
347 193 8.23898255983
348 193 8.23898255983
349 193 8.23898255983
350 193 8.23898255983
351 193 8.23898255983
352 193 8.23898255983
353 193 8.23898255983
354 193 8.23898255983
355 193 8.23898255983
356 194 9.7745974588
357 194 9.7745974588
358 194 9.7745974588
359 194 9.7745974588
360 194 9.7745974588
361 194 9.7745974588
362 194 9.7745974588
363 194 9.7745974588
364 194 9.7745974588
365 194 9.7745974588
366 194 9.7745974588
367 194 9.7745974588
368 194 9.7745974588
369 194 9.7745974588
370 194 9.7745974588
371 194 9.7745974588
372 194 9.7745974588
373 194 9.7745974588
374 194 9.7745974588
375 194 9.7745974588
376 194 9.7745974588
377 194 9.7745974588
378 194 9.7745974588
379 194 9.7745974588
380 194 9.7745974588
381 194 9.7745974588
382 194 9.7745974588
383 194 9.7745974588
384 194 9.7745974588
385 194 9.7745974588
386 194 9.7745974588
387 194 9.7745974588
388 194 9.7745974588
389 194 9.7745974588
390 194 9.7745974588
391 194 9.7745974588
392 194 9.7745974588
393 194 9.7745974588
394 194 9.7745974588
395 194 9.7745974588
396 194 9.7745974588
397 194 9.7745974588
398 194 9.7745974588
399 194 9.7745974588
400 194 9.7745974588
401 194 9.7745974588
402 194 9.7745974588
403 194 9.7745974588
404 194 9.7745974588
405 194 9.7745974588
406 194 9.7745974588
407 194 9.7745974588
408 194 9.7745974588
409 194 9.7745974588
410 194 9.7745974588
411 194 9.7745974588
412 194 9.7745974588
413 194 9.7745974588
414 194 9.7745974588
415 194 9.7745974588
416 194 9.7745974588
417 194 9.7745974588
418 194 9.7745974588
419 194 9.7745974588
420 194 9.7745974588
421 194 9.7745974588
422 194 9.7745974588
423 194 9.7745974588
424 194 9.7745974588
425 194 9.7745974588
426 194 9.7745974588
427 194 9.7745974588
428 194 9.7745974588
429 194 9.7745974588
430 194 9.7745974588
431 195 8.73928561292
432 195 8.73928561292
433 195 8.73928561292
434 195 8.73928561292
435 195 8.73928561292
436 195 8.73928561292
437 195 8.73928561292
438 195 8.73928561292
439 195 8.73928561292
440 195 8.73928561292
441 195 8.73928561292
442 195 8.73928561292
443 195 8.73928561292
444 195 8.73928561292
445 195 8.73928561292
446 195 8.73928561292
447 195 8.73928561292
448 195 8.73928561292
449 195 8.73928561292
450 195 8.73928561292
451 195 8.73928561292
452 195 8.73928561292
453 195 8.73928561292
454 195 8.73928561292
455 195 8.73928561292
456 195 8.73928561292
457 195 8.73928561292
458 195 8.73928561292
459 195 8.73928561292
460 195 8.73928561292
461 195 8.73928561292
462 195 8.73928561292
463 195 8.73928561292
464 195 8.73928561292
465 195 8.73928561292
466 195 8.73928561292
467 195 8.73928561292
468 195 8.73928561292
469 195 8.73928561292
470 195 8.73928561292
471 195 8.73928561292
472 195 8.73928561292
473 195 8.73928561292
474 195 8.73928561292
475 195 8.73928561292
476 195 8.73928561292
477 195 8.73928561292
478 195 8.73928561292
479 195 8.73928561292
480 195 8.73928561292
481 195 8.73928561292
482 195 8.73928561292
483 195 8.73928561292
484 195 8.73928561292
485 195 8.73928561292
486 195 8.73928561292
487 195 8.73928561292
488 195 8.73928561292
489 195 8.73928561292
490 195 8.73928561292
491 195 8.73928561292
492 195 8.73928561292
493 195 8.73928561292
494 196 6.23789590689
495 196 6.23789590689
496 196 6.23789590689
497 196 6.23789590689
498 196 6.23789590689
499 196 6.23789590689
500 196 6.23789590689
501 196 6.23789590689
502 196 6.23789590689
503 196 6.23789590689
504 196 6.23789590689
505 196 6.23789590689
506 196 6.23789590689
507 196 6.23789590689
508 196 6.23789590689
509 196 6.23789590689
510 196 6.23789590689
511 196 6.23789590689
512 196 6.23789590689
513 196 6.23789590689
514 196 6.23789590689
515 196 6.23789590689
516 196 6.23789590689
517 196 6.23789590689
518 196 6.23789590689
519 196 6.23789590689
520 196 6.23789590689
521 196 6.23789590689
522 196 6.23789590689
523 196 6.23789590689
524 196 6.23789590689
525 196 6.23789590689
526 196 6.23789590689
527 196 6.23789590689
528 196 6.23789590689
529 196 6.23789590689
530 196 6.23789590689
531 196 6.23789590689
532 196 6.23789590689
533 196 6.23789590689
534 196 6.23789590689
535 196 6.23789590689
536 196 6.23789590689
537 196 6.23789590689
538 196 6.23789590689
539 196 6.23789590689
540 196 6.23789590689
541 196 6.23789590689
542 196 6.23789590689
543 196 6.23789590689
544 196 6.23789590689
545 196 6.23789590689
546 196 6.23789590689
547 196 6.23789590689
548 196 6.23789590689
549 196 6.23789590689
550 196 6.23789590689
551 196 6.23789590689
552 196 6.23789590689
553 196 6.23789590689
554 196 6.23789590689
555 196 6.23789590689
556 196 6.23789590689
557 196 6.23789590689
558 196 6.23789590689
559 196 6.23789590689
560 196 6.23789590689
561 196 6.23789590689
562 196 6.23789590689
563 197 4.76519723977
564 198 4.58696961844
565 199 4.25162739739
566 200 4.81740960056
567 201 5.03370542008
568 202 6.41475687486
569 203 8.10632097626
570 204 9.40171702792
571 205 11.0295228519
572 206 9.6506099244
573 207 9.04448930903
574 208 11.2893785105
575 209 12.1864164084
576 210 11.0369925758
577 211 11.9799869418
578 212 14.2361944551
579 213 14.0510174404
580 214 13.8104767969
581 215 15.8588035495
582 216 16.8198380976
583 217 16.2970574594
584 218 15.2410480217
585 219 14.3712266948
586 220 12.0826182471
587 221 11.9836582739
588 222 13.0117967698
589 223 11.6061851704
590 224 9.72261108318
591 225 10.6166308648
592 226 11.619846742
593 227 9.76183267035
594 228 8.28098627849
595 229 7.06783317579
596 230 6.88925428918
597 231 8.59128951113
598 232 7.68393258226
599 233 6.42939343479
600 234 8.08569212655
601 235 9.10688716591
602 236 7.61708991869
603 237 7.27109627516
604 238 9.36237922752
605 239 9.47502396466
606 240 7.64607179929
607 241 7.49371397943
608 242 6.21960488641
609 243 5.18975044212
610 244 5.0615883589
611 245 8.36476321749
612 245 8.36476321749
613 245 8.36476321749
614 245 8.36476321749
615 245 8.36476321749
