1 0 8.28457169352
2 0 8.28457169352
3 0 8.28457169352
4 0 8.28457169352
5 0 8.28457169352
6 0 8.28457169352
7 0 8.28457169352
8 0 8.28457169352
9 0 8.28457169352
10 0 8.28457169352
11 0 8.28457169352
12 0 8.28457169352
13 0 8.28457169352
14 0 8.28457169352
15 0 8.28457169352
16 0 8.28457169352
17 0 8.28457169352
18 0 8.28457169352
19 0 8.28457169352
20 0 8.28457169352
21 0 8.28457169352
22 0 8.28457169352
23 0 8.28457169352
24 0 8.28457169352
25 0 8.28457169352
26 0 8.28457169352
27 0 8.28457169352
28 0 8.28457169352
29 0 8.28457169352
30 0 8.28457169352
31 0 8.28457169352
32 0 8.28457169352
33 0 8.28457169352
34 0 8.28457169352
35 0 8.28457169352
36 0 8.28457169352
37 0 8.28457169352
38 0 8.28457169352
39 0 8.28457169352
40 0 8.28457169352
41 0 8.28457169352
42 0 8.28457169352
43 0 8.28457169352
44 0 8.28457169352
45 0 8.28457169352
46 0 8.28457169352
47 0 8.28457169352
48 0 8.28457169352
49 0 8.28457169352
50 0 8.28457169352
51 0 8.28457169352
52 0 8.28457169352
53 0 8.28457169352
54 1 6.23758403504
55 2 6.66148989207
56 3 6.52135498856
57 4 5.95174386108
58 5 5.87074241602
59 6 5.27944167998
60 7 5.04226710406
61 8 4.42950693095
62 9 3.97319472009
63 10 3.37482708463
64 11 2.95662110502
65 12 2.36211636869
66 13 1.86439986339
67 14 1.88067340002
68 15 2.28678003714
69 16 2.3443770377
70 17 2.33495369044
71 18 2.1591057911
72 19 2.62637730361
73 20 3.20256586796
74 21 3.69311477996
75 22 4.28324264215
76 23 4.58024585107
77 24 5.17993788269
78 25 5.41191136492
79 26 5.10720656669
80 27 5.33741416454
81 28 5.21046964104
82 29 4.703230837
83 30 4.41948554254
84 31 3.90258542685
85 32 3.38303381286
86 33 2.86460352318
87 34 2.31736607396
88 35 1.88456296262
89 36 1.4421030983
90 37 1.27364583947
91 38 1.42571992853
92 39 1.83311661795
93 40 2.36254449347
94 41 2.78309642498
95 42 3.39391857134
96 43 3.69217306997
97 44 4.29709213247
98 45 4.34870322816
99 46 4.96149943569
100 47 4.7971993006
101 48 4.29185221892
102 49 4.07046333759
103 50 3.52267983798
104 51 3.26533739567
105 52 3.74582322254
106 53 3.3970742975
107 54 3.70069858647
108 55 3.2147870631
109 56 2.61666188862
110 57 2.40351695959
111 58 1.91098291744
112 59 2.02252106723
113 60 1.61253133591
114 61 1.21403675028
115 62 1.15557101652
116 63 1.27264105996
117 64 1.72521896732
118 65 1.88386828536
119 66 2.40702273091
120 67 2.8831698894
121 68 3.48320639785
122 69 3.99181141381
123 70 4.35750015571
124 71 4.82261405287
125 72 5.27921133039
126 73 5.28320974534
127 74 4.81350645121
128 75 4.65384629588
129 76 4.09179388228
130 77 3.58394251333
131 78 3.25416185512
132 79 2.65759470075
133 80 2.21352324997
134 81 1.69843066667
135 82 1.28132207541
136 83 1.49431466284
137 84 1.76010899755
138 85 2.22700324446
139 86 2.63127184462
140 87 2.88215210667
141 88 3.38899548327
142 89 3.54508137315
143 90 4.06437928405
144 91 4.02971156519
145 92 4.51137732397
146 93 4.28185248978
147 94 3.68042003946
148 95 3.6527801364
149 96 3.12123335587
150 97 3.41713158759
151 98 3.85840711328
152 99 3.62790583429
153 100 3.13772455875
154 101 3.01441340331
155 102 2.56362339171
156 103 2.5554645495
157 104 2.08405572313
158 105 1.7756705405
159 106 1.36110790446
160 107 1.32897159879
161 108 1.75849838427
162 109 1.85503584677
163 110 2.42643068996
164 111 2.91294780686
165 112 3.47267651128
166 113 4.01071332505
167 114 4.50370015452
168 115 4.99748007575
169 116 5.44307215263
170 117 5.16589005627
171 118 4.84931761024
172 119 4.32819303768
173 120 3.75506000115
174 121 3.27134037919
175 122 2.69159563872
176 123 2.22838631627
177 124 1.70132812607
178 125 1.23404076826
179 126 1.43177363771
180 127 1.4728293789
181 128 1.99457742318
182 129 2.48154191403
183 130 2.90158863759
184 131 3.49694609461
185 132 3.78150396903
186 133 4.39419155176
187 134 4.52735930248
188 135 5.12833551591
189 136 5.01129023219
190 137 4.69462653874
191 138 4.16136483013
192 139 4.1689152574
193 140 3.73053344887
194 141 4.0384210151
195 142 3.55647506731
196 143 2.95050237159
197 144 2.69251018941
198 145 2.1820382883
199 146 1.83156903911
200 147 1.60553986919
201 148 1.14376088954
202 149 1.12229104968
203 150 1.27854139643
204 151 1.78170684546
205 152 1.9793589022
206 153 2.54159165301
207 154 2.95295553862
208 155 3.565698361
209 156 4.07133490861
210 157 4.48385504522
211 158 4.98666877886
212 159 5.39923461889
213 160 5.11602929227
214 161 4.78924689917
215 162 4.69606012592
216 163 4.22627773277
217 164 3.75749248451
218 165 3.31888255238
219 166 2.72259266348
220 167 2.49340391284
221 168 1.92000947673
222 169 1.56931722296
223 170 1.49617295868
224 171 2.01293887224
225 172 2.22914391123
226 173 2.67792211484
227 174 2.75490629447
228 175 3.34330960061
229 176 3.45333905072
230 177 3.98807109992
231 178 4.15476312447
232 179 4.22096829004
233 180 3.83417144355
234 181 3.3183489059
235 182 2.94749850075
236 183 3.02585669851
237 184 3.48739156335
238 185 3.19641928112
239 186 2.73120677726
240 187 2.89067507256
241 188 2.60418237169
242 189 2.90553311659
243 190 2.83320997625
244 191 2.76773102608
245 192 2.37274707676
246 193 2.28344881926
247 194 2.0037176669
248 195 2.38707204966
249 196 2.39151129842
250 197 2.84672421479
251 198 3.29243098969
252 199 3.87461644057
253 200 4.40445777362
254 201 4.98549737553
255 202 5.40351812989
256 203 5.80467396969
257 204 5.8536732286
258 205 5.42686570438
259 206 5.31174985781
260 207 4.77881529896
261 208 4.5479771313
262 209 4.63484898833
263 210 4.19807478498
264 211 4.00754054365
265 212 3.43062920453
266 213 3.25646814784
267 214 2.84100214243
268 215 2.699893419
269 216 3.08736126158
270 217 3.54715376485
271 218 3.78993053193
272 219 3.90103272736
273 220 4.01994536247
274 221 4.40758682097
275 222 4.22539574479
276 223 4.53556130729
277 224 4.43675875408
278 225 4.44643135644
279 226 19.0759497348
280 226 19.0759497348
281 226 19.0759497348
282 226 19.0759497348
283 226 19.0759497348
284 226 19.0759497348
285 226 19.0759497348
286 226 19.0759497348
287 226 19.0759497348
288 226 19.0759497348
289 226 19.0759497348
290 227 4.38957617643
291 228 3.95044351549
292 229 4.17067897917
293 230 4.26943319905
294 231 4.89980668523
295 232 4.90167578947
296 233 4.56268450435
297 234 4.7292588373
298 235 4.61862441201
299 236 4.87269344242
300 237 4.33480712093
301 238 4.22849055607
302 239 3.56962359619
303 240 3.05764656696
304 241 3.264178187
305 242 2.89553386673
306 243 3.30569321641
307 244 3.8899482348
308 245 4.27944014346
309 246 4.88203618877
310 247 5.24643099088
311 248 5.57844074371
312 249 6.10171094887
313 250 5.98473574383
314 251 6.41278659364
315 252 8.90457854473
316 252 8.90457854473
317 252 8.90457854473
318 252 8.90457854473
319 252 8.90457854473
320 252 8.90457854473
321 252 8.90457854473
322 252 8.90457854473
323 252 8.90457854473
324 252 8.90457854473
325 253 5.51269962021
326 254 4.96048195255
327 255 4.70926488341
328 256 4.17963025606
329 257 3.82740505335
330 258 3.45703543974
331 259 3.18707545393
332 260 3.81614186643
333 261 3.80508428291
334 262 4.30154832826
335 263 4.45025747838
336 264 4.88840844832
337 265 5.30937941602
338 266 5.45214027206
339 267 5.98570531509
340 268 6.01629874291
341 269 6.37698874244
342 270 6.32623188227
343 271 5.68924296816
344 272 5.82055860076
345 273 1.79799035965
346 273 1.79799035965
347 273 1.79799035965
348 273 1.79799035965
349 273 1.79799035965
350 273 1.79799035965
351 273 1.79799035965
352 273 1.79799035965
353 273 1.79799035965
354 273 1.79799035965
355 273 1.79799035965
356 273 1.79799035965
357 273 1.79799035965
358 273 1.79799035965
359 273 1.79799035965
360 273 1.79799035965
361 273 1.79799035965
362 273 1.79799035965
363 273 1.79799035965
364 273 1.79799035965
365 273 1.79799035965
366 273 1.79799035965
367 273 1.79799035965
368 273 1.79799035965
369 273 1.79799035965
370 273 1.79799035965
371 273 1.79799035965
372 273 1.79799035965
373 273 1.79799035965
374 273 1.79799035965
375 273 1.79799035965
376 273 1.79799035965
377 273 1.79799035965
378 273 1.79799035965
379 273 1.79799035965
380 273 1.79799035965
381 273 1.79799035965
382 273 1.79799035965
383 273 1.79799035965
384 273 1.79799035965
385 273 1.79799035965
386 273 1.79799035965
387 273 1.79799035965
388 273 1.79799035965
389 273 1.79799035965
390 274 6.10654569488
391 275 5.73855165621
392 276 5.86506631935
393 277 5.35954589454
394 278 5.10278171631
395 279 4.72861647162
396 280 4.36754553764
397 281 4.15992498577
398 282 3.53388823713
399 283 3.32448226272
400 284 3.07674876885
401 285 3.17830030637
402 286 2.69535444524
403 287 3.01908363691
404 288 3.61705251402
405 289 3.97616565309
406 290 4.53827579128
407 291 5.05817499182
408 292 5.4408729909
409 293 5.62880822149
410 294 5.67850572737
411 295 5.87948834348
412 296 5.29137691897
413 297 4.77767601926
414 298 4.18521196764
415 299 3.73778154427
416 300 3.16688368343
417 301 2.96093461978
418 302 2.51046044429
419 303 2.76347588884
420 304 3.00224607181
421 305 3.35154105924
422 306 3.98999221457
423 307 4.41636576986
424 308 5.01310210771
425 309 6.62580717721
426 309 6.62580717721
427 309 6.62580717721
428 309 6.62580717721
429 309 6.62580717721
430 310 3.73376665262
431 311 3.84761367065
432 312 3.85887753477
433 313 3.73538453142
434 314 3.78113195571
435 315 3.9163167064
436 316 3.84180752299
437 317 3.782200514
438 318 3.92351291636
439 319 3.99019011628
440 320 3.89134864851
441 321 3.90261081196
442 322 4.05419765289
443 323 4.0661610425
444 324 4.05400247217
445 325 3.91802624552
446 326 3.81688904374
447 327 3.817599249
448 328 3.76607000953
449 329 3.70978501291
450 330 3.72396409844
451 331 3.80255261621
452 332 3.78408741036
453 333 3.68597356262
454 334 3.69780118287
455 335 3.62077079908
456 336 3.64382306807
457 337 3.64491938041
458 338 3.69464656971
459 339 3.80471450843
460 340 3.83078563754
461 341 3.99790698659
462 342 4.10883424368
463 343 4.29499145797
464 344 4.51924149536
465 345 4.65477420002
466 346 4.94854037152
467 347 4.92164966016
468 348 4.89840897684
469 349 4.96358874039
470 350 4.67192499665
471 351 4.51670091094
472 352 4.31291608181
473 353 4.12292615771
474 354 3.94566238882
475 355 3.7900724384
476 356 3.7041065071
477 357 3.60716893799
478 358 3.56051424054
479 359 3.53743615642
480 360 3.55164171547
481 361 3.5958438391
482 362 3.61749118908
483 363 3.72462378144
484 364 3.71123489296
485 365 3.6462816545
486 366 3.61943173628
487 367 3.68053473218
488 368 3.65258419251
489 369 3.71110864095
490 370 3.63102511489
491 371 3.55444418403
492 372 3.53194132415
493 373 3.52064817349
494 374 3.52105034882
495 375 3.54938621754
496 376 3.61474239815
497 377 3.62210002497
498 378 3.73806370916
499 379 3.85235662141
500 380 4.03789573568
501 381 4.21380448798
502 382 4.09475843641
503 383 4.15464997769
504 384 4.03177283072
505 385 4.0879061095
506 386 4.02467704919
507 387 3.85753391609
508 388 3.84326495532
509 389 3.86014034755
510 390 3.73697581866
511 391 3.6632628363
512 392 3.71443245356
513 393 3.66316561441
514 394 3.57081320783
515 395 3.59433128404
516 396 3.60602200004
517 397 3.53993008363
518 398 3.51630551832
519 399 3.56013782619
520 400 3.55611374171
521 401 3.51300063283
522 402 3.51865634776
523 403 3.55532258081
524 404 3.55119689736
525 405 3.62003033369
526 406 3.59707059126
527 407 3.5704609408
528 408 3.52204941137
529 409 3.55013744974
530 410 3.58209008031
531 411 3.53967351047
532 412 3.53962686737
533 413 3.6088244219
534 414 3.63610870485
535 415 3.62360453997
536 416 3.67810502678
537 417 4.15035347913
538 417 4.15035347913
539 417 4.15035347913
540 417 4.15035347913
541 417 4.15035347913
542 417 4.15035347913
543 417 4.15035347913
544 417 4.15035347913
545 417 4.15035347913
546 417 4.15035347913
547 417 4.15035347913
548 417 4.15035347913
549 417 4.15035347913
550 417 4.15035347913
551 417 4.15035347913
552 417 4.15035347913
553 417 4.15035347913
554 417 4.15035347913
555 417 4.15035347913
556 417 4.15035347913
557 417 4.15035347913
558 417 4.15035347913
559 417 4.15035347913
560 417 4.15035347913
561 417 4.15035347913
562 417 4.15035347913
563 417 4.15035347913
564 417 4.15035347913
565 417 4.15035347913
566 417 4.15035347913
567 417 4.15035347913
568 417 4.15035347913
569 417 4.15035347913
570 417 4.15035347913
571 417 4.15035347913
572 417 4.15035347913
573 417 4.15035347913
574 417 4.15035347913
575 417 4.15035347913
576 417 4.15035347913
577 417 4.15035347913
578 417 4.15035347913
579 417 4.15035347913
580 417 4.15035347913
581 417 4.15035347913
582 417 4.15035347913
583 417 4.15035347913
584 417 4.15035347913
585 417 4.15035347913
586 417 4.15035347913
587 417 4.15035347913
588 417 4.15035347913
589 417 4.15035347913
590 417 4.15035347913
591 417 4.15035347913
592 417 4.15035347913
593 417 4.15035347913
594 417 4.15035347913
595 417 4.15035347913
596 417 4.15035347913
597 417 4.15035347913
598 417 4.15035347913
599 417 4.15035347913
600 417 4.15035347913
601 417 4.15035347913
602 417 4.15035347913
603 417 4.15035347913
604 417 4.15035347913
605 417 4.15035347913
606 417 4.15035347913
607 417 4.15035347913
608 417 4.15035347913
609 417 4.15035347913
610 417 4.15035347913
611 417 4.15035347913
612 417 4.15035347913
613 417 4.15035347913
614 417 4.15035347913
615 417 4.15035347913
616 418 5.87693392753
617 418 5.87693392753
618 418 5.87693392753
619 418 5.87693392753
620 418 5.87693392753
621 418 5.87693392753
622 418 5.87693392753
623 418 5.87693392753
624 418 5.87693392753
625 418 5.87693392753
626 418 5.87693392753
627 418 5.87693392753
628 418 5.87693392753
629 418 5.87693392753
630 418 5.87693392753
631 418 5.87693392753
632 418 5.87693392753
633 418 5.87693392753
634 418 5.87693392753
635 418 5.87693392753
636 418 5.87693392753
637 418 5.87693392753
638 418 5.87693392753
639 418 5.87693392753
640 418 5.87693392753
641 418 5.87693392753
642 418 5.87693392753
643 418 5.87693392753
644 418 5.87693392753
645 418 5.87693392753
646 418 5.87693392753
647 418 5.87693392753
648 418 5.87693392753
649 418 5.87693392753
650 418 5.87693392753
651 418 5.87693392753
652 418 5.87693392753
653 418 5.87693392753
654 418 5.87693392753
655 418 5.87693392753
656 418 5.87693392753
657 418 5.87693392753
658 418 5.87693392753
659 418 5.87693392753
660 418 5.87693392753
661 418 5.87693392753
662 418 5.87693392753
663 418 5.87693392753
664 418 5.87693392753
665 418 5.87693392753
666 418 5.87693392753
667 418 5.87693392753
668 418 5.87693392753
669 418 5.87693392753
670 418 5.87693392753
671 418 5.87693392753
672 418 5.87693392753
673 418 5.87693392753
674 418 5.87693392753
675 418 5.87693392753
676 418 5.87693392753
677 418 5.87693392753
678 418 5.87693392753
679 418 5.87693392753
680 418 5.87693392753
681 418 5.87693392753
682 418 5.87693392753
683 418 5.87693392753
684 418 5.87693392753
685 418 5.87693392753
686 418 5.87693392753
687 418 5.87693392753
688 418 5.87693392753
689 418 5.87693392753
690 418 5.87693392753
691 418 5.87693392753
692 418 5.87693392753
693 418 5.87693392753
694 418 5.87693392753
695 419 3.75903737679
696 419 3.75903737679
697 419 3.75903737679
698 419 3.75903737679
699 419 3.75903737679
700 419 3.75903737679
701 419 3.75903737679
702 419 3.75903737679
703 419 3.75903737679
704 419 3.75903737679
705 419 3.75903737679
706 419 3.75903737679
707 419 3.75903737679
708 419 3.75903737679
709 419 3.75903737679
710 419 3.75903737679
711 419 3.75903737679
712 419 3.75903737679
713 419 3.75903737679
714 419 3.75903737679
715 419 3.75903737679
716 419 3.75903737679
717 419 3.75903737679
718 419 3.75903737679
719 419 3.75903737679
720 419 3.75903737679
721 419 3.75903737679
722 419 3.75903737679
723 419 3.75903737679
724 419 3.75903737679
725 419 3.75903737679
726 419 3.75903737679
727 419 3.75903737679
728 419 3.75903737679
729 419 3.75903737679
730 419 3.75903737679
731 419 3.75903737679
732 419 3.75903737679
733 419 3.75903737679
734 419 3.75903737679
735 419 3.75903737679
736 419 3.75903737679
737 419 3.75903737679
738 419 3.75903737679
739 419 3.75903737679
740 419 3.75903737679
741 419 3.75903737679
742 419 3.75903737679
743 419 3.75903737679
744 419 3.75903737679
745 419 3.75903737679
746 419 3.75903737679
747 419 3.75903737679
748 419 3.75903737679
749 419 3.75903737679
750 419 3.75903737679
751 419 3.75903737679
752 419 3.75903737679
753 419 3.75903737679
754 419 3.75903737679
755 419 3.75903737679
756 419 3.75903737679
757 419 3.75903737679
758 419 3.75903737679
759 419 3.75903737679
760 419 3.75903737679
761 419 3.75903737679
762 419 3.75903737679
763 419 3.75903737679
764 419 3.75903737679
765 419 3.75903737679
766 419 3.75903737679
767 419 3.75903737679
768 419 3.75903737679
769 419 3.75903737679
770 419 3.75903737679
771 419 3.75903737679
772 419 3.75903737679
773 420 5.72658756087
774 420 5.72658756087
775 420 5.72658756087
776 420 5.72658756087
777 420 5.72658756087
778 420 5.72658756087
779 420 5.72658756087
780 420 5.72658756087
781 420 5.72658756087
782 420 5.72658756087
783 420 5.72658756087
784 420 5.72658756087
785 420 5.72658756087
786 420 5.72658756087
787 420 5.72658756087
788 420 5.72658756087
789 420 5.72658756087
790 420 5.72658756087
791 420 5.72658756087
792 420 5.72658756087
793 420 5.72658756087
794 420 5.72658756087
795 420 5.72658756087
796 420 5.72658756087
797 420 5.72658756087
798 420 5.72658756087
799 420 5.72658756087
800 420 5.72658756087
801 420 5.72658756087
802 420 5.72658756087
803 420 5.72658756087
804 420 5.72658756087
805 420 5.72658756087
806 420 5.72658756087
807 420 5.72658756087
808 420 5.72658756087
809 420 5.72658756087
810 420 5.72658756087
811 420 5.72658756087
812 420 5.72658756087
813 420 5.72658756087
814 420 5.72658756087
815 420 5.72658756087
816 420 5.72658756087
817 420 5.72658756087
818 420 5.72658756087
819 420 5.72658756087
820 420 5.72658756087
821 420 5.72658756087
822 420 5.72658756087
823 420 5.72658756087
824 420 5.72658756087
825 420 5.72658756087
826 421 10.365859128
827 421 10.365859128
828 421 10.365859128
829 421 10.365859128
830 421 10.365859128
831 421 10.365859128
832 421 10.365859128
833 421 10.365859128
834 421 10.365859128
835 421 10.365859128
836 421 10.365859128
837 421 10.365859128
838 421 10.365859128
839 421 10.365859128
840 421 10.365859128
841 421 10.365859128
842 421 10.365859128
843 421 10.365859128
844 421 10.365859128
845 421 10.365859128
846 421 10.365859128
847 421 10.365859128
848 421 10.365859128
849 421 10.365859128
850 421 10.365859128
851 421 10.365859128
852 421 10.365859128
853 421 10.365859128
854 421 10.365859128
855 421 10.365859128
856 421 10.365859128
857 421 10.365859128
858 421 10.365859128
859 421 10.365859128
860 421 10.365859128
861 421 10.365859128
862 421 10.365859128
863 421 10.365859128
864 421 10.365859128
865 421 10.365859128
866 421 10.365859128
867 421 10.365859128
868 421 10.365859128
869 421 10.365859128
870 421 10.365859128
871 421 10.365859128
872 421 10.365859128
873 421 10.365859128
874 421 10.365859128
875 421 10.365859128
876 421 10.365859128
877 421 10.365859128
878 421 10.365859128
879 422 4.99782135386
880 422 4.99782135386
881 422 4.99782135386
882 422 4.99782135386
883 422 4.99782135386
884 422 4.99782135386
885 422 4.99782135386
886 422 4.99782135386
887 422 4.99782135386
888 422 4.99782135386
889 422 4.99782135386
890 422 4.99782135386
891 422 4.99782135386
892 422 4.99782135386
893 422 4.99782135386
894 422 4.99782135386
895 422 4.99782135386
896 422 4.99782135386
897 422 4.99782135386
898 422 4.99782135386
899 422 4.99782135386
900 422 4.99782135386
901 422 4.99782135386
902 422 4.99782135386
903 422 4.99782135386
904 422 4.99782135386
905 422 4.99782135386
906 422 4.99782135386
907 422 4.99782135386
908 422 4.99782135386
909 422 4.99782135386
910 422 4.99782135386
911 422 4.99782135386
912 422 4.99782135386
913 422 4.99782135386
914 422 4.99782135386
915 422 4.99782135386
916 422 4.99782135386
917 422 4.99782135386
918 422 4.99782135386
919 422 4.99782135386
920 422 4.99782135386
921 422 4.99782135386
922 422 4.99782135386
923 422 4.99782135386
924 422 4.99782135386
925 422 4.99782135386
926 422 4.99782135386
927 422 4.99782135386
928 422 4.99782135386
929 422 4.99782135386
930 422 4.99782135386
931 422 4.99782135386
932 422 4.99782135386
933 422 4.99782135386
934 422 4.99782135386
935 422 4.99782135386
936 422 4.99782135386
937 422 4.99782135386
938 423 5.7519936137
939 423 5.7519936137
940 423 5.7519936137
941 423 5.7519936137
942 423 5.7519936137
943 423 5.7519936137
944 423 5.7519936137
945 423 5.7519936137
946 423 5.7519936137
947 423 5.7519936137
948 423 5.7519936137
949 423 5.7519936137
950 423 5.7519936137
951 423 5.7519936137
952 423 5.7519936137
953 423 5.7519936137
954 423 5.7519936137
955 423 5.7519936137
956 423 5.7519936137
957 423 5.7519936137
958 423 5.7519936137
959 423 5.7519936137
960 423 5.7519936137
961 423 5.7519936137
962 423 5.7519936137
963 423 5.7519936137
964 423 5.7519936137
965 423 5.7519936137
966 423 5.7519936137
967 423 5.7519936137
968 423 5.7519936137
969 423 5.7519936137
970 423 5.7519936137
971 423 5.7519936137
972 423 5.7519936137
973 423 5.7519936137
974 423 5.7519936137
975 423 5.7519936137
976 423 5.7519936137
977 423 5.7519936137
978 423 5.7519936137
979 423 5.7519936137
980 423 5.7519936137
981 423 5.7519936137
982 423 5.7519936137
983 423 5.7519936137
984 423 5.7519936137
985 423 5.7519936137
986 423 5.7519936137
987 423 5.7519936137
988 423 5.7519936137
989 423 5.7519936137
990 423 5.7519936137
991 423 5.7519936137
992 423 5.7519936137
993 423 5.7519936137
994 423 5.7519936137
995 423 5.7519936137
996 424 11.9651027996
997 424 11.9651027996
998 424 11.9651027996
999 424 11.9651027996
1000 424 11.9651027996
1001 424 11.9651027996
1002 424 11.9651027996
1003 424 11.9651027996
1004 424 11.9651027996
1005 424 11.9651027996
1006 424 11.9651027996
1007 424 11.9651027996
1008 424 11.9651027996
1009 424 11.9651027996
1010 424 11.9651027996
1011 424 11.9651027996
1012 424 11.9651027996
1013 424 11.9651027996
1014 424 11.9651027996
1015 424 11.9651027996
1016 424 11.9651027996
1017 424 11.9651027996
1018 424 11.9651027996
1019 424 11.9651027996
1020 424 11.9651027996
1021 424 11.9651027996
1022 424 11.9651027996
1023 424 11.9651027996
1024 424 11.9651027996
1025 424 11.9651027996
1026 424 11.9651027996
1027 424 11.9651027996
1028 424 11.9651027996
1029 424 11.9651027996
1030 424 11.9651027996
1031 424 11.9651027996
1032 424 11.9651027996
1033 424 11.9651027996
1034 424 11.9651027996
1035 424 11.9651027996
1036 424 11.9651027996
1037 424 11.9651027996
1038 424 11.9651027996
1039 424 11.9651027996
1040 424 11.9651027996
1041 424 11.9651027996
1042 424 11.9651027996
1043 424 11.9651027996
1044 424 11.9651027996
1045 424 11.9651027996
1046 424 11.9651027996
1047 424 11.9651027996
1048 424 11.9651027996
1049 424 11.9651027996
1050 424 11.9651027996
1051 424 11.9651027996
1052 424 11.9651027996
1053 424 11.9651027996
1054 424 11.9651027996
1055 424 11.9651027996
1056 424 11.9651027996
1057 424 11.9651027996
1058 424 11.9651027996
1059 424 11.9651027996
1060 424 11.9651027996
1061 424 11.9651027996
1062 424 11.9651027996
1063 424 11.9651027996
1064 424 11.9651027996
1065 424 11.9651027996
1066 424 11.9651027996
1067 424 11.9651027996
1068 424 11.9651027996
1069 424 11.9651027996
1070 424 11.9651027996
1071 424 11.9651027996
1072 424 11.9651027996
1073 424 11.9651027996
1074 424 11.9651027996
1075 424 11.9651027996
1076 424 11.9651027996
1077 424 11.9651027996
1078 424 11.9651027996
1079 424 11.9651027996
1080 424 11.9651027996
1081 424 11.9651027996
1082 424 11.9651027996
1083 424 11.9651027996
1084 424 11.9651027996
1085 424 11.9651027996
1086 424 11.9651027996
1087 424 11.9651027996
1088 424 11.9651027996
1089 424 11.9651027996
1090 424 11.9651027996
1091 424 11.9651027996
1092 425 18.8339796917
1093 426 18.8006127773
1094 427 18.9322199448
1095 428 18.9335846056
1096 429 19.3620968917
1097 430 19.6976556113
1098 431 20.1089394815
1099 432 19.7816217176
1100 433 20.5179079896
1101 434 20.8394416712
1102 435 20.0816055313
1103 436 20.4691652609
1104 437 20.4044261719
1105 438 21.0378053977
1106 439 21.9205084547
1107 440 22.8394674738
1108 441 23.2726939134
1109 442 23.1354511026
1110 443 21.963605927
1111 444 21.6083331792
1112 445 20.9182122225
1113 446 20.3088601506
1114 447 20.0636353542
1115 448 19.3811255543
1116 449 19.5825220312
1117 450 19.7647695767
1118 451 20.4290553121
1119 452 20.8669218934
1120 453 21.793401366
1121 454 22.689101354
1122 455 22.9253892194
1123 456 21.8799271034
1124 457 21.6996147016
1125 458 22.671534714
1126 459 22.4219125581
1127 460 21.424221092
1128 461 21.7485020111
1129 462 22.6296055334
1130 463 22.0555796271
1131 464 21.3015773186
1132 465 20.5028693942
1133 466 19.908797585
1134 467 19.5493494958
1135 468 19.3270389294
1136 469 18.9861651707
1137 470 18.7471114602
1138 471 18.8351080029
1139 472 18.7887279612
1140 473 14.4208216598
1141 473 14.4208216598
1142 473 14.4208216598
1143 473 14.4208216598
1144 473 14.4208216598
1145 473 14.4208216598
1146 473 14.4208216598
1147 473 14.4208216598
1148 473 14.4208216598
