1 0 4.07320866336
2 1 4.20510239169
3 2 4.13020406739
4 3 4.12426141026
5 4 4.13408645651
6 5 3.94424110817
7 6 4.06324356063
8 7 4.01806830156
9 8 4.19931048006
10 9 4.10524908545
11 10 3.97264998851
12 11 3.77881617936
13 12 3.60431968029
14 13 3.44770066978
15 14 3.4341472301
16 15 3.2721954469
17 16 3.24011548788
18 17 3.14145715235
19 18 3.04770979747
20 19 3.18038859272
21 20 3.29110676678
22 21 3.40807544995
23 22 3.3773545839
24 23 3.40542424067
25 24 3.38401363944
26 25 3.52242282771
27 26 3.55223260151
28 27 3.73272961375
29 28 3.85574743023
30 29 3.95268926992
31 30 3.76680114922
32 31 3.70080144066
33 32 3.53753035716
34 33 3.59993267154
35 34 3.4952525879
36 35 3.59860923483
37 36 3.58709672794
38 37 3.66730427991
39 38 3.79488405499
40 39 3.79835409999
41 40 4.01742717988
42 41 4.11111038316
43 42 3.98040157662
44 43 3.99009544822
45 44 3.84255080075
46 45 3.87205606959
47 46 3.79049688535
48 47 3.62595265367
49 48 3.6139983776
50 49 3.6859789092
51 50 3.65276060442
52 51 3.69979547337
53 52 3.52982633613
54 53 3.59938126281
55 54 3.77959220055
56 55 3.79826408672
57 56 3.75443899548
58 57 3.561768778
59 58 3.48194418357
60 59 3.29791044524
61 60 3.21481725881
62 61 3.07720142035
63 62 3.01372158197
64 63 2.88087032415
65 64 2.83382454309
66 65 2.89321721405
67 66 2.79396619477
68 67 2.77189486757
69 68 2.87441667428
70 69 2.99646106583
71 70 2.97810287101
72 71 3.07535391521
73 72 3.08015906199
74 73 3.2257766814
75 74 3.28979529576
76 75 3.47723114439
77 76 3.62373553176
78 77 3.64131225193
79 78 3.49728411875
80 79 3.35516940474
81 80 3.20383522893
82 81 3.17884514083
83 82 3.05686213283
84 83 3.09622150475
85 84 3.03541878507
86 85 3.13615337714
87 86 3.14880790039
88 87 3.22453660197
89 88 3.26751145569
90 89 3.4115761621
91 90 3.59780863327
92 91 3.63697485699
93 92 3.76548650952
94 93 3.71242553646
95 94 3.65190407776
96 95 3.4828365041
97 96 3.38037660133
98 97 3.26600989815
99 98 3.18604339136
100 99 3.16799794975
101 100 3.01414725877
102 101 3.05666259832
103 102 3.16860275884
104 103 3.15394585495
105 104 3.31365120366
106 105 3.27527806523
107 106 3.34228365829
108 107 3.5341762396
109 108 3.56070578689
110 109 3.54626604094
111 110 3.36771366644
112 111 3.33902791173
113 112 3.17327294498
114 113 3.05396280852
115 114 2.93663449715
116 115 2.84348836456
117 116 2.74633997651
118 117 2.71201441805
119 118 2.70065623595
120 119 2.64974360954
121 120 2.63373640017
122 121 2.65155918653
123 122 2.71462497252
124 123 2.73860318122
125 124 2.82822804707
126 125 2.90276256146
127 126 3.04481194316
128 127 3.1491758186
129 128 3.32875208923
130 129 3.49164258235
131 130 3.44590930048
132 131 3.31076366485
133 132 3.19496745851
134 133 3.04259137736
135 134 2.9894520737
136 135 2.8629280467
137 136 2.84435311049
138 137 2.75098508102
139 138 2.73065170724
140 139 2.68067889533
141 140 2.6545530266
142 141 2.66268211418
143 142 2.67179931359
144 143 2.72715386753
145 144 2.79422690473
146 145 2.8629087103
147 146 2.80343392885
148 147 2.84843639852
149 148 2.85981360606
150 149 2.91725735414
151 150 2.83585325971
152 151 2.90461896093
153 152 3.02649550977
154 153 3.04231529982
155 154 3.17400331306
156 155 3.12258868083
157 156 3.2825017945
158 157 3.40825240918
159 158 3.59268317148
160 159 3.62593517437
161 160 3.84053553909
162 161 3.9820329068
163 162 4.07184252602
164 163 3.91731111734
165 164 3.91671653989
166 165 3.76222075404
167 166 3.58505419457
168 167 3.41313942872
169 168 3.24235595007
170 169 3.11207011138
171 170 2.97251027656
172 171 2.87848416877
173 172 2.77127451208
174 173 2.71210379902
175 174 2.73328592925
176 175 2.68641419119
177 176 2.67019964446
178 177 2.65571825435
179 178 2.62385575427
180 179 2.61535337815
181 180 2.6352589148
182 181 2.67712598363
183 182 2.75156052892
184 183 2.82787935675
185 184 2.94666112084
186 185 3.06688508476
187 186 3.20459885921
188 187 3.33070243083
189 188 3.2628732333
190 189 3.11945125989
191 190 2.98886386961
192 191 2.89258085946
193 192 2.7860606908
194 193 2.76633665924
195 194 2.69650978305
196 195 2.69330420782
197 196 2.73319145304
198 197 2.75595750548
199 198 2.82691947607
200 199 2.7571614863
201 200 2.81558223621
202 201 2.80156235879
203 202 2.83003612729
204 203 2.83453641334
205 204 2.74357469323
206 205 2.76549740064
207 206 2.84200301689
208 207 2.8559447246
209 208 2.92534123765
210 209 3.01548082871
211 210 3.13659479424
212 211 3.29335063847
213 212 3.4037783678
214 213 3.39764287956
215 214 3.25032451941
216 215 3.33283516376
217 216 3.1902762722
218 217 3.02936411922
219 218 2.94434992945
220 219 2.82595561708
221 220 2.84359071365
222 221 2.81904126997
223 222 2.76543813192
224 223 2.82705019828
225 224 2.84100341111
226 225 2.76416963486
227 226 2.68833782853
228 227 2.66656532236
229 228 2.6920766836
230 229 2.76792549915
231 230 2.83041310379
232 231 2.95024341223
233 232 3.05247560232
234 233 3.216256778
235 234 3.28341191434
236 235 3.46845243216
237 236 3.43923764974
238 237 3.44865069974
239 238 3.26872589342
240 239 3.16479871884
241 240 3.00958612262
242 241 2.9015077967
243 242 2.79179286108
244 243 2.71377214464
245 244 2.66241255006
246 245 2.62170453297
247 246 2.61206146122
248 247 2.62469670817
249 248 4.64266084747
250 248 4.64266084747
251 248 4.64266084747
252 248 4.64266084747
253 248 4.64266084747
254 248 4.64266084747
255 248 4.64266084747
256 248 4.64266084747
257 248 4.64266084747
258 248 4.64266084747
259 248 4.64266084747
260 248 4.64266084747
261 248 4.64266084747
262 248 4.64266084747
263 248 4.64266084747
264 248 4.64266084747
265 248 4.64266084747
266 248 4.64266084747
267 248 4.64266084747
268 248 4.64266084747
269 248 4.64266084747
270 248 4.64266084747
271 248 4.64266084747
272 248 4.64266084747
273 248 4.64266084747
274 248 4.64266084747
275 248 4.64266084747
276 248 4.64266084747
277 248 4.64266084747
278 248 4.64266084747
279 248 4.64266084747
280 248 4.64266084747
281 248 4.64266084747
282 248 4.64266084747
283 248 4.64266084747
284 248 4.64266084747
285 248 4.64266084747
286 248 4.64266084747
287 248 4.64266084747
288 249 2.83742155457
289 250 2.81426619686
290 251 2.71828261583
291 252 2.65882449264
292 253 2.64091014587
293 254 2.63692706387
294 255 2.68033252729
295 256 2.69892461418
296 257 2.78827544996
297 258 2.82003197622
298 259 2.94531724639
299 260 3.05933119674
300 261 3.21599879374
301 262 3.37526267558
302 263 3.48983192696
303 264 3.57835756738
304 265 3.65734380269
305 266 3.68318960681
306 267 3.57242238383
307 268 3.43935319553
308 269 3.46452489085
309 270 3.35205495372
310 271 3.19873528835
311 272 3.14595144205
312 273 3.06129983274
313 274 3.0988318098
314 275 3.03677116089
315 276 2.99253241148
316 277 2.95263011569
317 278 3.05604918317
318 279 3.15216299592
319 280 3.13174019628
320 281 3.27050294052
321 282 3.3402943662
322 283 3.51482545266
323 284 3.62286449361
324 285 3.81062147303
325 286 3.8692554083
326 287 3.9039895871
327 288 3.77460985682
328 289 3.60594526374
329 290 3.4833723316
330 291 3.37463609597
331 292 3.22949396794
332 293 3.15968004015
333 294 3.03186288904
334 295 3.05561179426
335 296 3.01380658119
336 297 2.9060116937
337 298 2.87357598182
338 299 2.93748238907
339 300 3.04756367405
340 301 3.2069367557
341 302 3.35554697923
342 303 3.44799798672
343 304 3.59926418954
344 305 3.69383960301
345 306 3.80176670253
346 307 3.95179581813
347 308 3.3996973139
348 308 3.3996973139
349 308 3.3996973139
