1 0 9.73747011582
2 0 9.73747011582
3 0 9.73747011582
4 0 9.73747011582
5 0 9.73747011582
6 0 9.73747011582
7 0 9.73747011582
8 0 9.73747011582
9 0 9.73747011582
10 0 9.73747011582
11 0 9.73747011582
12 0 9.73747011582
13 0 9.73747011582
14 0 9.73747011582
15 0 9.73747011582
16 0 9.73747011582
17 0 9.73747011582
18 0 9.73747011582
19 0 9.73747011582
20 0 9.73747011582
21 0 9.73747011582
22 0 9.73747011582
23 0 9.73747011582
24 0 9.73747011582
25 0 9.73747011582
26 0 9.73747011582
27 0 9.73747011582
28 0 9.73747011582
29 0 9.73747011582
30 0 9.73747011582
31 0 9.73747011582
32 0 9.73747011582
33 0 9.73747011582
34 0 9.73747011582
35 0 9.73747011582
36 0 9.73747011582
37 0 9.73747011582
38 0 9.73747011582
39 0 9.73747011582
40 0 9.73747011582
41 0 9.73747011582
42 0 9.73747011582
43 0 9.73747011582
44 0 9.73747011582
45 0 9.73747011582
46 0 9.73747011582
47 0 9.73747011582
48 0 9.73747011582
49 0 9.73747011582
50 0 9.73747011582
51 1 10.0553235564
52 1 10.0553235564
53 1 10.0553235564
54 1 10.0553235564
55 1 10.0553235564
56 1 10.0553235564
57 1 10.0553235564
58 1 10.0553235564
59 1 10.0553235564
60 1 10.0553235564
61 1 10.0553235564
62 1 10.0553235564
63 1 10.0553235564
64 1 10.0553235564
65 1 10.0553235564
66 1 10.0553235564
67 1 10.0553235564
68 1 10.0553235564
69 1 10.0553235564
70 1 10.0553235564
71 1 10.0553235564
72 1 10.0553235564
73 1 10.0553235564
74 1 10.0553235564
75 1 10.0553235564
76 1 10.0553235564
77 1 10.0553235564
78 1 10.0553235564
79 1 10.0553235564
80 1 10.0553235564
81 1 10.0553235564
82 1 10.0553235564
83 1 10.0553235564
84 1 10.0553235564
85 1 10.0553235564
86 1 10.0553235564
87 1 10.0553235564
88 1 10.0553235564
89 1 10.0553235564
90 1 10.0553235564
91 1 10.0553235564
92 1 10.0553235564
93 1 10.0553235564
94 1 10.0553235564
95 1 10.0553235564
96 1 10.0553235564
97 1 10.0553235564
98 1 10.0553235564
99 1 10.0553235564
100 1 10.0553235564
101 2 4.39936659859
102 3 4.76335170208
103 4 5.3473638291
104 5 5.88108591422
105 6 6.34201063471
106 7 7.06274474683
107 8 7.07115554627
108 9 7.52175186748
109 10 7.79921560546
110 11 7.75692642126
111 12 7.8766282461
112 13 7.12649291877
113 14 6.84867570615
114 15 6.76420842955
115 16 6.24038919375
116 17 6.2077384944
117 18 5.66462478118
118 19 5.69998976932
119 20 5.80573758743
120 21 5.67491605278
121 22 6.00831383971
122 23 5.80733378335
123 24 5.86281979538
124 25 5.4530457867
125 26 5.1600500479
126 27 5.02015658559
127 28 4.66149055353
128 29 4.54691865176
129 30 4.37096761292
130 31 4.4182314589
131 32 4.28810273703
132 33 4.21012662485
133 34 4.34817164179
134 35 4.57872737793
135 36 4.80672838271
136 37 5.417559539
137 38 5.48606276165
138 39 5.622591957
139 40 5.15117009555
140 41 5.47394655059
141 42 5.45441220927
142 43 6.25589644109
143 44 6.55215858481
144 45 7.00934999656
145 46 7.57369491794
146 47 7.12235043341
147 48 6.40558268507
148 49 6.11355034843
149 50 6.63997959004
150 51 6.34135778915
151 52 5.67044619365
152 53 5.74736632689
153 54 5.17312387749
154 55 5.18984322391
155 56 4.86853305084
156 57 5.00412718114
157 58 5.1659198017
158 59 5.38025779876
159 60 5.92871201481
160 61 6.24272156368
161 62 6.62875596875
162 63 7.22514019621
163 64 7.53138560454
164 65 6.93536590282
165 66 7.39522114727
166 67 8.04868791757
167 68 8.50435639827
168 69 7.8654406991
169 70 7.1392018134
170 71 6.6519101741
171 72 6.68648441761
172 73 6.29813122146
173 74 6.65900794135
174 75 6.68703244867
175 76 7.18503758753
176 77 7.93745242674
177 78 8.51609635705
178 79 8.27150942862
179 80 7.37877475823
180 81 7.48427195748
181 82 8.21657141582
182 83 7.87350829753
183 84 7.1377603001
184 85 7.79363154216
185 86 7.50166136777
186 87 8.18264323693
187 88 8.31677616902
188 89 8.08345137962
189 90 7.5846696964
190 91 6.96230440516
191 92 6.23415187512
192 93 5.52729091616
193 94 5.10491623228
194 95 4.55758244084
195 96 4.27998756447
196 97 4.0395549828
197 98 3.77131264248
198 99 3.77644168279
199 100 3.99434558792
200 101 4.22096099325
201 102 4.07546437008
202 103 4.41067381594
203 104 4.81302480013
204 105 5.29282435314
205 106 5.97605738478
206 107 6.53890630085
207 108 6.62618614209
208 109 7.54509113848
209 110 7.83578153156
210 111 8.41467299686
211 112 9.38925779764
212 113 10.1949266864
213 114 11.1537566812
214 115 10.623287515
215 116 9.6449730891
216 117 9.45376493214
217 118 9.98628191745
218 119 10.4701825256
219 120 10.4639801207
220 121 9.70783906673
221 122 9.0952277699
222 123 9.25186442015
223 124 9.16517484633
224 125 8.32402371076
225 126 7.63100468201
226 127 6.74467941054
227 128 6.23741492837
228 129 6.20948938093
229 130 5.47940896882
230 131 5.35540161929
231 132 5.17597047087
232 133 4.99945673631
233 134 5.59078130845
234 135 5.87231240917
235 136 6.69262714397
236 137 7.41829670564
237 138 6.98796448982
238 139 7.62551238838
239 140 7.18908969525
240 141 7.49757809575
241 142 7.04201384015
242 143 7.39853990494
243 144 7.94724771919
244 145 8.58761046201
245 146 8.35629110539
246 147 8.15818121199
247 148 8.16909361475
248 149 7.95782094187
249 150 7.32632274019
250 151 7.79246570304
251 152 6.93934075826
252 153 6.59699424795
253 154 6.95487181965
254 155 6.51148218831
255 156 6.87130641798
256 157 6.52268713881
257 158 5.64290346525
258 159 5.35229510469
259 160 5.04575206315
260 161 5.26957091587
261 162 5.05847385036
262 163 4.83241736589
263 164 4.61178950247
264 165 5.03886674951
265 166 4.91741377538
266 167 5.24280914747
267 168 5.4764092248
268 169 5.73326145867
269 170 6.61862448198
270 171 7.01164400563
271 172 7.94732230861
272 173 8.51500783109
273 174 9.50430896224
274 175 10.3778767116
275 176 10.2912178638
276 177 9.12792932783
277 177 9.12792932783
278 177 9.12792932783
279 178 6.78962704543
280 179 7.32586238369
281 180 7.47834494337
282 181 8.13544533704
283 182 8.19641188855
284 183 8.77807467421
285 184 8.8172284435
286 185 9.46630132052
287 186 9.71226312221
288 187 9.74585712141
289 188 9.08227081749
290 189 9.01741936975
291 190 9.36946592411
292 191 8.95013968231
293 192 9.11620435634
294 193 8.85158650216
295 194 8.86591983569
296 195 8.51985959985
297 196 8.11613716695
298 197 8.38783864208
299 198 8.3780256438
300 199 8.23453769723
301 200 7.72375204304
302 201 7.5150791789
303 202 7.58283861424
304 203 7.38262264289
305 204 6.85810480405
306 205 6.67617289391
307 206 6.70947256117
308 207 6.71482083404
309 208 6.15433064556
310 209 5.89238846175
311 210 5.94427712651
312 211 5.87424612944
313 212 5.34827785319
314 213 5.01862153912
315 214 5.21994036997
316 215 5.09926719579
317 216 4.52512959033
318 217 4.40633946922
319 218 4.6394279738
320 219 4.82705410132
321 220 5.2086471788
322 221 5.67519791946
323 222 6.2436703807
324 223 6.62949397919
325 224 7.28169042333
326 225 7.60080754826
327 226 8.26913263036
328 227 8.59967039082
329 228 9.20651658238
330 229 9.21904980751
331 230 9.86347378311
332 231 18.8762593218
333 231 18.8762593218
334 231 18.8762593218
335 231 18.8762593218
336 231 18.8762593218
337 231 18.8762593218
338 231 18.8762593218
339 231 18.8762593218
340 231 18.8762593218
341 231 18.8762593218
342 231 18.8762593218
343 231 18.8762593218
344 232 9.73852063706
345 233 10.0516751392
346 234 10.0001887131
347 235 9.60750519635
348 236 9.52959225539
349 237 9.49541652153
350 238 10.0432471837
351 239 10.4613147461
352 240 10.9833630514
353 241 11.025930784
354 242 10.4674260662
355 243 10.5404618852
356 244 10.1230598088
357 245 9.54926243466
358 246 9.08099454832
359 247 8.5602747712
360 248 8.12678901049
361 249 7.65589018196
362 250 7.68579409861
363 251 7.19407323027
364 252 6.69731861515
365 253 6.05688642763
366 254 6.00298796256
367 255 5.84914189771
368 256 5.75052989931
369 257 6.38103109711
370 258 6.61012669182
371 259 6.22128247391
372 260 6.34010400147
373 261 6.99400975553
374 262 6.98761003503
375 263 6.46506457512
376 264 6.80718106012
377 265 7.06645800445
378 265 7.06645800445
379 265 7.06645800445
380 265 7.06645800445
381 265 7.06645800445
382 265 7.06645800445
383 265 7.06645800445
384 265 7.06645800445
385 265 7.06645800445
386 265 7.06645800445
387 265 7.06645800445
388 265 7.06645800445
389 265 7.06645800445
390 265 7.06645800445
391 265 7.06645800445
392 265 7.06645800445
393 265 7.06645800445
394 265 7.06645800445
395 265 7.06645800445
396 265 7.06645800445
397 265 7.06645800445
398 265 7.06645800445
399 265 7.06645800445
400 266 7.5931388978
401 267 8.06229692916
402 268 8.43193435522
403 269 8.89034568711
404 270 9.56401199267
405 271 10.1535001074
406 272 10.1751315303
407 273 10.2002805343
408 274 10.2782445644
409 275 9.70739825249
410 276 9.84060962627
411 277 9.93173328641
412 278 9.32610619979
413 279 9.01795506317
414 280 9.32629903643
415 281 9.11851889951
416 282 8.47607033467
417 283 8.510327503
418 284 8.75705939878
419 285 8.22722074819
420 286 7.78128618142
421 287 8.12430038075
422 288 8.29949580878
423 289 7.72982733049
424 290 7.28435995129
425 291 7.43253937866
426 292 7.00178483499
427 293 6.51385692506
428 294 6.13944823475
429 295 6.01447784946
430 296 5.68399782334
431 297 5.30650441099
432 298 5.79119212124
433 299 6.42110421294
434 300 6.87569392515
435 301 7.10185194896
436 302 7.59086151299
437 303 7.56276900803
438 304 8.13319348411
439 305 8.17775572251
440 306 8.81027251637
441 307 9.2428430317
442 308 9.72599079739
443 309 10.1672857847
444 310 10.4595935476
445 311 11.0469972949
446 312 10.9806345081
447 313 11.4258019983
448 314 11.6143307769
449 315 11.1124344833
450 316 10.9178589273
451 317 11.163939768
452 318 10.6782862662
453 319 10.2116997136
454 320 10.2367583036
455 321 10.0526204013
456 322 9.55338193022
457 323 9.32270797747
458 324 9.2890320388
459 325 8.92896687821
460 326 8.49550153698
461 327 8.35134995784
462 328 8.25827338016
463 329 7.93502971424
464 330 7.55612125089
465 331 7.6513928175
466 332 7.65777447048
467 333 7.94407942317
468 334 8.04545136185
469 335 8.01707034656
470 336 8.42196218356
471 337 8.35361069981
472 338 8.55984864835
473 339 8.0548222725
474 340 9.15895790563
475 340 9.15895790563
476 340 9.15895790563
477 340 9.15895790563
478 340 9.15895790563
479 340 9.15895790563
480 340 9.15895790563
481 340 9.15895790563
482 340 9.15895790563
483 340 9.15895790563
484 340 9.15895790563
485 340 9.15895790563
486 340 9.15895790563
487 340 9.15895790563
488 340 9.15895790563
489 340 9.15895790563
490 340 9.15895790563
491 340 9.15895790563
492 340 9.15895790563
493 340 9.15895790563
494 340 9.15895790563
495 340 9.15895790563
496 340 9.15895790563
497 340 9.15895790563
498 340 9.15895790563
499 340 9.15895790563
500 340 9.15895790563
501 340 9.15895790563
502 340 9.15895790563
503 340 9.15895790563
504 340 9.15895790563
505 340 9.15895790563
506 340 9.15895790563
507 340 9.15895790563
508 340 9.15895790563
509 340 9.15895790563
510 340 9.15895790563
511 340 9.15895790563
512 340 9.15895790563
513 340 9.15895790563
514 340 9.15895790563
515 340 9.15895790563
516 340 9.15895790563
517 340 9.15895790563
518 340 9.15895790563
519 340 9.15895790563
520 340 9.15895790563
521 340 9.15895790563
522 340 9.15895790563
523 340 9.15895790563
524 340 9.15895790563
525 340 9.15895790563
526 340 9.15895790563
527 341 2.15250860945
528 341 2.15250860945
529 341 2.15250860945
530 341 2.15250860945
531 341 2.15250860945
532 341 2.15250860945
533 341 2.15250860945
534 341 2.15250860945
535 341 2.15250860945
536 341 2.15250860945
537 341 2.15250860945
538 341 2.15250860945
539 341 2.15250860945
540 341 2.15250860945
541 341 2.15250860945
542 341 2.15250860945
543 341 2.15250860945
544 341 2.15250860945
545 341 2.15250860945
546 341 2.15250860945
547 341 2.15250860945
548 341 2.15250860945
549 341 2.15250860945
550 341 2.15250860945
551 341 2.15250860945
552 341 2.15250860945
553 341 2.15250860945
554 341 2.15250860945
555 341 2.15250860945
556 341 2.15250860945
557 341 2.15250860945
558 341 2.15250860945
559 341 2.15250860945
560 341 2.15250860945
561 341 2.15250860945
562 341 2.15250860945
563 341 2.15250860945
564 341 2.15250860945
565 341 2.15250860945
566 341 2.15250860945
567 341 2.15250860945
568 341 2.15250860945
569 341 2.15250860945
570 341 2.15250860945
571 341 2.15250860945
572 341 2.15250860945
573 341 2.15250860945
574 341 2.15250860945
575 341 2.15250860945
576 341 2.15250860945
577 341 2.15250860945
578 341 2.15250860945
579 341 2.15250860945
580 341 2.15250860945
581 341 2.15250860945
582 341 2.15250860945
583 341 2.15250860945
584 341 2.15250860945
585 341 2.15250860945
586 341 2.15250860945
587 341 2.15250860945
588 341 2.15250860945
589 341 2.15250860945
590 341 2.15250860945
591 341 2.15250860945
592 341 2.15250860945
593 341 2.15250860945
594 341 2.15250860945
595 341 2.15250860945
596 341 2.15250860945
597 341 2.15250860945
598 341 2.15250860945
599 341 2.15250860945
600 341 2.15250860945
601 341 2.15250860945
602 341 2.15250860945
603 341 2.15250860945
604 341 2.15250860945
605 341 2.15250860945
606 341 2.15250860945
607 341 2.15250860945
608 341 2.15250860945
609 341 2.15250860945
610 342 5.06457615296
611 342 5.06457615296
612 342 5.06457615296
613 342 5.06457615296
614 342 5.06457615296
615 342 5.06457615296
616 342 5.06457615296
617 342 5.06457615296
618 342 5.06457615296
619 342 5.06457615296
620 342 5.06457615296
621 342 5.06457615296
622 342 5.06457615296
623 342 5.06457615296
624 342 5.06457615296
625 342 5.06457615296
626 342 5.06457615296
627 342 5.06457615296
628 342 5.06457615296
629 342 5.06457615296
630 342 5.06457615296
631 342 5.06457615296
632 342 5.06457615296
633 342 5.06457615296
634 342 5.06457615296
635 342 5.06457615296
636 342 5.06457615296
637 342 5.06457615296
638 342 5.06457615296
639 342 5.06457615296
640 342 5.06457615296
641 342 5.06457615296
642 342 5.06457615296
643 342 5.06457615296
644 342 5.06457615296
645 342 5.06457615296
646 342 5.06457615296
647 342 5.06457615296
648 342 5.06457615296
649 342 5.06457615296
650 342 5.06457615296
651 342 5.06457615296
652 342 5.06457615296
653 342 5.06457615296
654 342 5.06457615296
655 342 5.06457615296
656 342 5.06457615296
657 342 5.06457615296
658 342 5.06457615296
659 342 5.06457615296
660 342 5.06457615296
661 342 5.06457615296
662 342 5.06457615296
663 342 5.06457615296
664 342 5.06457615296
665 342 5.06457615296
666 342 5.06457615296
667 342 5.06457615296
668 342 5.06457615296
669 342 5.06457615296
670 342 5.06457615296
671 342 5.06457615296
672 342 5.06457615296
673 342 5.06457615296
674 342 5.06457615296
675 342 5.06457615296
676 342 5.06457615296
677 342 5.06457615296
678 342 5.06457615296
679 342 5.06457615296
680 342 5.06457615296
681 342 5.06457615296
682 342 5.06457615296
683 342 5.06457615296
684 342 5.06457615296
685 342 5.06457615296
686 342 5.06457615296
687 342 5.06457615296
688 342 5.06457615296
689 342 5.06457615296
690 342 5.06457615296
691 342 5.06457615296
692 342 5.06457615296
693 343 8.4488482146
694 343 8.4488482146
695 343 8.4488482146
696 343 8.4488482146
697 343 8.4488482146
698 343 8.4488482146
699 343 8.4488482146
700 343 8.4488482146
701 343 8.4488482146
702 343 8.4488482146
703 343 8.4488482146
704 343 8.4488482146
705 343 8.4488482146
706 343 8.4488482146
707 343 8.4488482146
708 343 8.4488482146
709 343 8.4488482146
710 343 8.4488482146
711 343 8.4488482146
712 343 8.4488482146
713 343 8.4488482146
714 343 8.4488482146
715 343 8.4488482146
716 343 8.4488482146
717 343 8.4488482146
718 343 8.4488482146
719 343 8.4488482146
720 343 8.4488482146
721 343 8.4488482146
722 343 8.4488482146
723 343 8.4488482146
724 343 8.4488482146
725 343 8.4488482146
726 343 8.4488482146
727 343 8.4488482146
728 343 8.4488482146
729 343 8.4488482146
730 343 8.4488482146
731 343 8.4488482146
732 343 8.4488482146
733 343 8.4488482146
734 343 8.4488482146
735 343 8.4488482146
736 343 8.4488482146
737 343 8.4488482146
738 343 8.4488482146
739 343 8.4488482146
740 343 8.4488482146
741 343 8.4488482146
742 343 8.4488482146
743 343 8.4488482146
744 343 8.4488482146
745 343 8.4488482146
746 343 8.4488482146
747 343 8.4488482146
748 343 8.4488482146
749 343 8.4488482146
750 343 8.4488482146
751 343 8.4488482146
752 343 8.4488482146
753 343 8.4488482146
754 343 8.4488482146
755 343 8.4488482146
756 343 8.4488482146
757 343 8.4488482146
758 343 8.4488482146
759 343 8.4488482146
760 343 8.4488482146
761 343 8.4488482146
762 343 8.4488482146
763 343 8.4488482146
764 343 8.4488482146
765 343 8.4488482146
766 343 8.4488482146
767 343 8.4488482146
768 343 8.4488482146
769 343 8.4488482146
770 343 8.4488482146
771 343 8.4488482146
772 343 8.4488482146
773 343 8.4488482146
774 343 8.4488482146
775 343 8.4488482146
776 344 7.96793595387
777 344 7.96793595387
778 344 7.96793595387
779 344 7.96793595387
780 344 7.96793595387
781 344 7.96793595387
782 344 7.96793595387
783 344 7.96793595387
784 344 7.96793595387
785 344 7.96793595387
786 344 7.96793595387
787 344 7.96793595387
788 344 7.96793595387
789 344 7.96793595387
790 344 7.96793595387
791 344 7.96793595387
792 344 7.96793595387
793 344 7.96793595387
794 344 7.96793595387
795 344 7.96793595387
796 344 7.96793595387
797 344 7.96793595387
798 344 7.96793595387
799 344 7.96793595387
800 344 7.96793595387
801 344 7.96793595387
802 344 7.96793595387
803 344 7.96793595387
804 344 7.96793595387
805 344 7.96793595387
806 344 7.96793595387
807 344 7.96793595387
808 344 7.96793595387
809 344 7.96793595387
810 344 7.96793595387
811 344 7.96793595387
812 344 7.96793595387
813 344 7.96793595387
814 344 7.96793595387
815 344 7.96793595387
816 344 7.96793595387
817 344 7.96793595387
818 344 7.96793595387
819 344 7.96793595387
820 344 7.96793595387
821 344 7.96793595387
822 344 7.96793595387
823 344 7.96793595387
824 344 7.96793595387
825 344 7.96793595387
826 344 7.96793595387
827 344 7.96793595387
828 344 7.96793595387
829 344 7.96793595387
830 344 7.96793595387
831 344 7.96793595387
832 344 7.96793595387
833 344 7.96793595387
834 344 7.96793595387
835 344 7.96793595387
836 344 7.96793595387
837 344 7.96793595387
838 344 7.96793595387
839 344 7.96793595387
840 344 7.96793595387
841 344 7.96793595387
842 344 7.96793595387
843 344 7.96793595387
844 344 7.96793595387
845 344 7.96793595387
846 344 7.96793595387
847 344 7.96793595387
848 344 7.96793595387
849 344 7.96793595387
850 344 7.96793595387
851 344 7.96793595387
852 344 7.96793595387
853 344 7.96793595387
854 344 7.96793595387
855 344 7.96793595387
856 344 7.96793595387
857 344 7.96793595387
858 344 7.96793595387
859 345 11.2115045226
860 346 4.85602353833
861 346 4.85602353833
862 346 4.85602353833
863 346 4.85602353833
864 346 4.85602353833
865 346 4.85602353833
866 346 4.85602353833
867 346 4.85602353833
868 346 4.85602353833
869 346 4.85602353833
870 346 4.85602353833
871 346 4.85602353833
872 346 4.85602353833
873 346 4.85602353833
874 346 4.85602353833
875 346 4.85602353833
876 346 4.85602353833
877 346 4.85602353833
878 346 4.85602353833
879 346 4.85602353833
880 346 4.85602353833
881 346 4.85602353833
882 346 4.85602353833
883 346 4.85602353833
884 346 4.85602353833
885 346 4.85602353833
886 346 4.85602353833
887 346 4.85602353833
888 346 4.85602353833
889 346 4.85602353833
890 346 4.85602353833
891 346 4.85602353833
892 346 4.85602353833
893 346 4.85602353833
894 346 4.85602353833
895 346 4.85602353833
896 346 4.85602353833
897 346 4.85602353833
898 346 4.85602353833
899 346 4.85602353833
900 346 4.85602353833
901 346 4.85602353833
902 346 4.85602353833
903 346 4.85602353833
904 346 4.85602353833
905 346 4.85602353833
906 346 4.85602353833
907 346 4.85602353833
908 346 4.85602353833
909 346 4.85602353833
910 346 4.85602353833
911 346 4.85602353833
912 346 4.85602353833
913 346 4.85602353833
914 346 4.85602353833
915 346 4.85602353833
916 346 4.85602353833
917 346 4.85602353833
918 346 4.85602353833
919 346 4.85602353833
920 346 4.85602353833
921 346 4.85602353833
922 346 4.85602353833
923 346 4.85602353833
924 346 4.85602353833
925 346 4.85602353833
926 346 4.85602353833
927 346 4.85602353833
928 346 4.85602353833
929 346 4.85602353833
930 346 4.85602353833
931 346 4.85602353833
932 346 4.85602353833
933 346 4.85602353833
934 346 4.85602353833
935 346 4.85602353833
936 346 4.85602353833
937 346 4.85602353833
938 346 4.85602353833
939 346 4.85602353833
940 346 4.85602353833
941 346 4.85602353833
942 346 4.85602353833
943 346 4.85602353833
944 346 4.85602353833
945 346 4.85602353833
946 346 4.85602353833
947 346 4.85602353833
948 346 4.85602353833
949 347 1.74215757287
950 347 1.74215757287
951 347 1.74215757287
952 347 1.74215757287
953 347 1.74215757287
954 347 1.74215757287
955 347 1.74215757287
956 347 1.74215757287
957 347 1.74215757287
958 347 1.74215757287
959 347 1.74215757287
960 347 1.74215757287
961 347 1.74215757287
962 347 1.74215757287
963 347 1.74215757287
964 347 1.74215757287
965 347 1.74215757287
966 347 1.74215757287
967 347 1.74215757287
968 347 1.74215757287
969 347 1.74215757287
970 347 1.74215757287
971 347 1.74215757287
972 347 1.74215757287
973 347 1.74215757287
974 347 1.74215757287
975 347 1.74215757287
976 347 1.74215757287
977 347 1.74215757287
978 347 1.74215757287
979 347 1.74215757287
980 347 1.74215757287
981 347 1.74215757287
982 347 1.74215757287
983 347 1.74215757287
984 347 1.74215757287
985 347 1.74215757287
986 347 1.74215757287
987 347 1.74215757287
988 347 1.74215757287
989 347 1.74215757287
990 347 1.74215757287
991 347 1.74215757287
992 347 1.74215757287
993 347 1.74215757287
994 347 1.74215757287
995 347 1.74215757287
996 347 1.74215757287
997 347 1.74215757287
998 347 1.74215757287
999 347 1.74215757287
1000 347 1.74215757287
1001 347 1.74215757287
1002 347 1.74215757287
1003 347 1.74215757287
1004 347 1.74215757287
1005 347 1.74215757287
1006 347 1.74215757287
1007 347 1.74215757287
1008 347 1.74215757287
1009 347 1.74215757287
1010 347 1.74215757287
1011 347 1.74215757287
1012 347 1.74215757287
1013 347 1.74215757287
1014 347 1.74215757287
1015 347 1.74215757287
1016 347 1.74215757287
1017 347 1.74215757287
1018 347 1.74215757287
1019 347 1.74215757287
1020 347 1.74215757287
1021 347 1.74215757287
1022 347 1.74215757287
1023 347 1.74215757287
1024 347 1.74215757287
1025 347 1.74215757287
1026 347 1.74215757287
1027 347 1.74215757287
1028 347 1.74215757287
1029 347 1.74215757287
1030 347 1.74215757287
1031 347 1.74215757287
1032 347 1.74215757287
1033 347 1.74215757287
1034 347 1.74215757287
1035 347 1.74215757287
1036 347 1.74215757287
1037 347 1.74215757287
1038 348 6.20504519273
1039 348 6.20504519273
1040 348 6.20504519273
1041 348 6.20504519273
1042 348 6.20504519273
1043 348 6.20504519273
1044 348 6.20504519273
1045 348 6.20504519273
1046 348 6.20504519273
1047 348 6.20504519273
1048 348 6.20504519273
1049 348 6.20504519273
1050 348 6.20504519273
1051 348 6.20504519273
1052 348 6.20504519273
1053 348 6.20504519273
1054 348 6.20504519273
1055 348 6.20504519273
1056 348 6.20504519273
1057 348 6.20504519273
1058 348 6.20504519273
1059 348 6.20504519273
1060 348 6.20504519273
1061 348 6.20504519273
1062 348 6.20504519273
1063 348 6.20504519273
1064 348 6.20504519273
1065 348 6.20504519273
1066 348 6.20504519273
1067 348 6.20504519273
1068 348 6.20504519273
1069 348 6.20504519273
1070 348 6.20504519273
1071 348 6.20504519273
1072 348 6.20504519273
1073 348 6.20504519273
1074 348 6.20504519273
1075 348 6.20504519273
1076 348 6.20504519273
1077 348 6.20504519273
1078 348 6.20504519273
1079 348 6.20504519273
1080 348 6.20504519273
1081 348 6.20504519273
1082 348 6.20504519273
1083 348 6.20504519273
1084 348 6.20504519273
1085 348 6.20504519273
1086 348 6.20504519273
1087 348 6.20504519273
1088 348 6.20504519273
1089 348 6.20504519273
1090 348 6.20504519273
1091 348 6.20504519273
1092 348 6.20504519273
1093 348 6.20504519273
1094 348 6.20504519273
1095 348 6.20504519273
1096 348 6.20504519273
1097 348 6.20504519273
1098 348 6.20504519273
1099 348 6.20504519273
1100 348 6.20504519273
1101 348 6.20504519273
1102 348 6.20504519273
1103 348 6.20504519273
1104 348 6.20504519273
1105 348 6.20504519273
1106 348 6.20504519273
1107 348 6.20504519273
1108 348 6.20504519273
1109 348 6.20504519273
1110 348 6.20504519273
1111 348 6.20504519273
1112 348 6.20504519273
1113 348 6.20504519273
1114 348 6.20504519273
1115 348 6.20504519273
1116 348 6.20504519273
1117 348 6.20504519273
1118 348 6.20504519273
1119 348 6.20504519273
1120 348 6.20504519273
1121 348 6.20504519273
1122 348 6.20504519273
1123 348 6.20504519273
1124 348 6.20504519273
1125 348 6.20504519273
1126 348 6.20504519273
1127 349 5.81938750537
1128 349 5.81938750537
1129 349 5.81938750537
1130 349 5.81938750537
1131 349 5.81938750537
1132 349 5.81938750537
1133 349 5.81938750537
1134 349 5.81938750537
1135 349 5.81938750537
1136 349 5.81938750537
1137 349 5.81938750537
1138 349 5.81938750537
1139 349 5.81938750537
1140 349 5.81938750537
1141 349 5.81938750537
1142 349 5.81938750537
1143 349 5.81938750537
1144 349 5.81938750537
1145 349 5.81938750537
1146 349 5.81938750537
1147 349 5.81938750537
1148 349 5.81938750537
1149 349 5.81938750537
1150 349 5.81938750537
1151 349 5.81938750537
1152 349 5.81938750537
1153 349 5.81938750537
1154 349 5.81938750537
1155 349 5.81938750537
1156 349 5.81938750537
1157 349 5.81938750537
1158 349 5.81938750537
1159 349 5.81938750537
1160 349 5.81938750537
1161 349 5.81938750537
1162 349 5.81938750537
1163 349 5.81938750537
1164 349 5.81938750537
1165 349 5.81938750537
1166 349 5.81938750537
1167 349 5.81938750537
1168 349 5.81938750537
1169 349 5.81938750537
1170 349 5.81938750537
1171 349 5.81938750537
1172 349 5.81938750537
1173 349 5.81938750537
1174 349 5.81938750537
1175 349 5.81938750537
1176 349 5.81938750537
1177 349 5.81938750537
1178 350 5.86081063094
1179 351 4.96663034518
1180 352 4.14927425494
1181 353 2.99894739418
1182 354 3.35962660446
1183 355 3.828289371
1184 356 4.32730072779
1185 357 3.63346276581
1186 358 3.22141110864
1187 359 3.51128169456
1188 360 4.74406360385
1189 361 4.93319922105
1190 362 3.80365818171
1191 363 4.46321535587
1192 364 5.4973474549
1193 365 4.6837261583
1194 366 4.17242083007
1195 367 5.43914673758
1196 368 5.58665656326
1197 369 4.52116018975
1198 370 4.96443853721
1199 371 4.33319348687
1200 372 4.73881118233
1201 373 6.09536137809
1202 374 6.96173042536
1203 375 6.56619391497
1204 376 7.37602969609
1205 377 7.95463653107
1206 378 9.00299019376
1207 379 9.80913987039
1208 380 11.1513505254
1209 381 12.2068594449
1210 382 13.670159603
1211 383 13.6358151849
1212 384 13.0482351142
1213 385 11.7639705487
1214 386 11.091228988
1215 387 10.0028919115
1216 388 9.51589247229
1217 389 9.81634649182
1218 390 9.08978540583
1219 391 9.55422811944
1220 392 8.91689232665
1221 393 9.60303729816
1222 394 8.81328366243
1223 395 7.61516595836
1224 396 7.78497793729
1225 397 8.23055269948
1226 398 6.94608826215
1227 399 6.14359876523
1228 400 6.95989024334
1229 401 7.11601979422
1230 402 5.75800915024
1231 403 5.32595261017
1232 404 5.68317981374
1233 405 5.21433729486
1234 406 6.20862607469
1235 407 6.98377726907
1236 408 8.22586339717
1237 409 8.9454922236
1238 410 8.68850213514
1239 411 7.2374672195
1240 412 7.34636264381
1241 413 8.33508248492
1242 414 7.58618835085
1243 415 6.47591211413
1244 416 7.31173980565
1245 417 8.19154653062
1246 418 7.14150946132
1247 419 6.7174150169
1248 420 8.09465931645
1249 421 8.45088910943
1250 422 7.46555799751
1251 423 8.22409741839
1252 424 7.24178284669
1253 425 8.37150112688
1254 426 9.78984159198
1255 427 10.9583263368
1256 428 12.382794973
1257 429 12.9161416259
1258 430 13.1918123397
1259 431 11.891401274
1260 432 10.6793633644
1261 433 11.0371695133
1262 434 10.1685986826
1263 435 11.2514615013
1264 436 10.5803471856
1265 437 11.858000041
1266 438 12.2629237157
1267 439 11.5389600957
1268 440 11.1627211627
1269 441 10.3621924671
1270 442 9.32585435585
1271 443 8.1575656803
1272 444 8.60545066756
1273 445 8.437532612
1274 446 21.6221090818
1275 446 21.6221090818
1276 446 21.6221090818
1277 446 21.6221090818
1278 446 21.6221090818
1279 446 21.6221090818
1280 446 21.6221090818
1281 446 21.6221090818
1282 446 21.6221090818
1283 446 21.6221090818
1284 446 21.6221090818
1285 446 21.6221090818
1286 446 21.6221090818
1287 446 21.6221090818
1288 446 21.6221090818
1289 446 21.6221090818
1290 446 21.6221090818
1291 446 21.6221090818
1292 446 21.6221090818
1293 446 21.6221090818
1294 446 21.6221090818
1295 446 21.6221090818
1296 446 21.6221090818
1297 446 21.6221090818
1298 446 21.6221090818
1299 446 21.6221090818
1300 446 21.6221090818
1301 446 21.6221090818
1302 446 21.6221090818
1303 446 21.6221090818
1304 446 21.6221090818
1305 446 21.6221090818
1306 446 21.6221090818
1307 446 21.6221090818
1308 446 21.6221090818
1309 446 21.6221090818
1310 446 21.6221090818
1311 446 21.6221090818
1312 446 21.6221090818
1313 446 21.6221090818
1314 446 21.6221090818
1315 446 21.6221090818
1316 446 21.6221090818
1317 446 21.6221090818
1318 446 21.6221090818
1319 446 21.6221090818
1320 446 21.6221090818
1321 446 21.6221090818
1322 446 21.6221090818
1323 446 21.6221090818
1324 446 21.6221090818
1325 446 21.6221090818
1326 446 21.6221090818
1327 446 21.6221090818
1328 446 21.6221090818
1329 446 21.6221090818
1330 446 21.6221090818
1331 446 21.6221090818
1332 446 21.6221090818
1333 446 21.6221090818
1334 446 21.6221090818
1335 446 21.6221090818
1336 446 21.6221090818
1337 446 21.6221090818
1338 446 21.6221090818
1339 446 21.6221090818
1340 446 21.6221090818
1341 447 12.3485164073
1342 447 12.3485164073
1343 447 12.3485164073
1344 447 12.3485164073
1345 447 12.3485164073
1346 447 12.3485164073
1347 447 12.3485164073
1348 447 12.3485164073
1349 447 12.3485164073
1350 447 12.3485164073
1351 447 12.3485164073
1352 447 12.3485164073
1353 447 12.3485164073
1354 447 12.3485164073
1355 447 12.3485164073
1356 447 12.3485164073
1357 447 12.3485164073
1358 447 12.3485164073
1359 447 12.3485164073
1360 447 12.3485164073
1361 447 12.3485164073
1362 447 12.3485164073
1363 447 12.3485164073
1364 447 12.3485164073
1365 447 12.3485164073
1366 447 12.3485164073
1367 447 12.3485164073
1368 447 12.3485164073
1369 447 12.3485164073
1370 447 12.3485164073
1371 447 12.3485164073
1372 447 12.3485164073
1373 447 12.3485164073
1374 447 12.3485164073
1375 447 12.3485164073
1376 447 12.3485164073
1377 447 12.3485164073
1378 447 12.3485164073
1379 447 12.3485164073
1380 447 12.3485164073
1381 447 12.3485164073
1382 447 12.3485164073
1383 447 12.3485164073
1384 447 12.3485164073
1385 447 12.3485164073
1386 447 12.3485164073
1387 447 12.3485164073
1388 447 12.3485164073
1389 447 12.3485164073
1390 447 12.3485164073
1391 447 12.3485164073
1392 447 12.3485164073
1393 447 12.3485164073
1394 447 12.3485164073
1395 447 12.3485164073
1396 447 12.3485164073
1397 447 12.3485164073
1398 447 12.3485164073
1399 447 12.3485164073
1400 447 12.3485164073
1401 447 12.3485164073
1402 447 12.3485164073
1403 447 12.3485164073
1404 447 12.3485164073
1405 447 12.3485164073
1406 447 12.3485164073
1407 447 12.3485164073
1408 447 12.3485164073
1409 447 12.3485164073
1410 447 12.3485164073
1411 447 12.3485164073
1412 447 12.3485164073
1413 447 12.3485164073
1414 447 12.3485164073
1415 447 12.3485164073
1416 447 12.3485164073
1417 447 12.3485164073
1418 447 12.3485164073
1419 447 12.3485164073
1420 447 12.3485164073
1421 447 12.3485164073
1422 448 22.4063963258
1423 448 22.4063963258
1424 448 22.4063963258
1425 448 22.4063963258
1426 448 22.4063963258
1427 448 22.4063963258
1428 448 22.4063963258
1429 448 22.4063963258
1430 448 22.4063963258
1431 448 22.4063963258
1432 448 22.4063963258
1433 448 22.4063963258
1434 448 22.4063963258
1435 448 22.4063963258
1436 448 22.4063963258
1437 448 22.4063963258
1438 448 22.4063963258
1439 448 22.4063963258
1440 448 22.4063963258
1441 448 22.4063963258
1442 448 22.4063963258
1443 448 22.4063963258
1444 448 22.4063963258
1445 448 22.4063963258
1446 448 22.4063963258
1447 448 22.4063963258
1448 448 22.4063963258
1449 448 22.4063963258
1450 448 22.4063963258
1451 448 22.4063963258
1452 448 22.4063963258
1453 448 22.4063963258
1454 448 22.4063963258
1455 448 22.4063963258
1456 448 22.4063963258
1457 448 22.4063963258
1458 448 22.4063963258
1459 448 22.4063963258
1460 448 22.4063963258
1461 448 22.4063963258
1462 448 22.4063963258
1463 448 22.4063963258
1464 448 22.4063963258
1465 448 22.4063963258
1466 448 22.4063963258
1467 448 22.4063963258
1468 448 22.4063963258
1469 448 22.4063963258
1470 448 22.4063963258
1471 448 22.4063963258
1472 448 22.4063963258
1473 448 22.4063963258
1474 448 22.4063963258
1475 448 22.4063963258
1476 448 22.4063963258
1477 448 22.4063963258
1478 448 22.4063963258
1479 448 22.4063963258
1480 448 22.4063963258
1481 448 22.4063963258
1482 448 22.4063963258
1483 448 22.4063963258
1484 448 22.4063963258
1485 448 22.4063963258
1486 448 22.4063963258
1487 448 22.4063963258
1488 448 22.4063963258
1489 448 22.4063963258
1490 448 22.4063963258
1491 448 22.4063963258
1492 448 22.4063963258
1493 448 22.4063963258
1494 448 22.4063963258
1495 448 22.4063963258
1496 448 22.4063963258
1497 448 22.4063963258
1498 448 22.4063963258
1499 448 22.4063963258
1500 448 22.4063963258
1501 448 22.4063963258
1502 448 22.4063963258
1503 449 30.5053767368
1504 449 30.5053767368
1505 449 30.5053767368
1506 449 30.5053767368
1507 449 30.5053767368
1508 449 30.5053767368
1509 449 30.5053767368
1510 449 30.5053767368
1511 449 30.5053767368
1512 449 30.5053767368
1513 449 30.5053767368
1514 449 30.5053767368
1515 449 30.5053767368
1516 449 30.5053767368
1517 449 30.5053767368
1518 449 30.5053767368
1519 449 30.5053767368
1520 449 30.5053767368
1521 449 30.5053767368
1522 449 30.5053767368
1523 449 30.5053767368
1524 449 30.5053767368
1525 449 30.5053767368
1526 449 30.5053767368
1527 449 30.5053767368
1528 449 30.5053767368
1529 449 30.5053767368
1530 449 30.5053767368
1531 449 30.5053767368
1532 449 30.5053767368
1533 449 30.5053767368
1534 449 30.5053767368
1535 449 30.5053767368
1536 449 30.5053767368
1537 449 30.5053767368
1538 449 30.5053767368
1539 449 30.5053767368
1540 449 30.5053767368
1541 449 30.5053767368
1542 449 30.5053767368
1543 449 30.5053767368
1544 449 30.5053767368
1545 449 30.5053767368
1546 449 30.5053767368
1547 449 30.5053767368
1548 449 30.5053767368
1549 449 30.5053767368
1550 449 30.5053767368
1551 449 30.5053767368
1552 449 30.5053767368
1553 449 30.5053767368
1554 449 30.5053767368
1555 449 30.5053767368
1556 449 30.5053767368
1557 449 30.5053767368
1558 449 30.5053767368
1559 449 30.5053767368
1560 449 30.5053767368
1561 449 30.5053767368
1562 449 30.5053767368
1563 449 30.5053767368
1564 449 30.5053767368
1565 449 30.5053767368
1566 449 30.5053767368
1567 449 30.5053767368
1568 449 30.5053767368
1569 449 30.5053767368
1570 449 30.5053767368
1571 449 30.5053767368
1572 449 30.5053767368
1573 449 30.5053767368
1574 449 30.5053767368
1575 449 30.5053767368
1576 449 30.5053767368
1577 449 30.5053767368
1578 449 30.5053767368
1579 449 30.5053767368
1580 449 30.5053767368
1581 449 30.5053767368
1582 449 30.5053767368
1583 449 30.5053767368
1584 450 49.3432948498
