1 0 11.5587808196
2 0 11.5587808196
3 0 11.5587808196
4 0 11.5587808196
5 0 11.5587808196
6 0 11.5587808196
7 0 11.5587808196
8 0 11.5587808196
9 0 11.5587808196
10 0 11.5587808196
11 0 11.5587808196
12 0 11.5587808196
13 0 11.5587808196
14 0 11.5587808196
15 0 11.5587808196
16 0 11.5587808196
17 0 11.5587808196
18 0 11.5587808196
19 0 11.5587808196
20 0 11.5587808196
21 0 11.5587808196
22 0 11.5587808196
23 0 11.5587808196
24 0 11.5587808196
25 0 11.5587808196
26 0 11.5587808196
27 0 11.5587808196
28 0 11.5587808196
29 0 11.5587808196
30 0 11.5587808196
31 0 11.5587808196
32 0 11.5587808196
33 0 11.5587808196
34 0 11.5587808196
35 0 11.5587808196
36 0 11.5587808196
37 0 11.5587808196
38 0 11.5587808196
39 0 11.5587808196
40 0 11.5587808196
41 0 11.5587808196
42 0 11.5587808196
43 0 11.5587808196
44 0 11.5587808196
45 1 4.57319125838
46 2 4.31108118507
47 3 4.84848510627
48 4 5.30361645746
49 5 5.31814113117
50 6 6.31536525145
51 7 6.62772466068
52 8 7.53090127406
53 9 8.00646187813
54 10 7.19777437249
55 11 7.06612955227
56 12 7.04277725616
57 13 7.35222733909
58 14 7.33902995256
59 15 7.91679535537
60 16 8.20266689795
61 17 9.56502595659
62 18 10.1555886438
63 19 10.9868844214
64 20 9.95074475655
65 21 8.58608496904
66 22 7.47964833003
67 23 8.49938742909
68 24 8.02290516379
69 25 8.71101359732
70 26 8.10990570575
71 27 8.677101912
72 28 8.60386971786
73 29 8.83410540141
74 30 9.99854662258
75 31 10.6657549593
76 32 10.5196387482
77 33 10.0206802433
78 34 9.57635646116
79 35 9.34804785086
80 36 8.5369806774
81 37 8.14744200821
82 38 6.81260983639
83 39 6.83070593555
84 40 7.6528172805
85 41 7.162407798
86 42 8.51342839388
87 43 9.58559271303
88 44 21.0686197204
89 44 21.0686197204
90 44 21.0686197204
91 44 21.0686197204
92 44 21.0686197204
93 44 21.0686197204
94 44 21.0686197204
95 44 21.0686197204
96 44 21.0686197204
97 44 21.0686197204
98 44 21.0686197204
99 44 21.0686197204
100 44 21.0686197204
101 44 21.0686197204
102 44 21.0686197204
103 44 21.0686197204
104 44 21.0686197204
105 44 21.0686197204
106 44 21.0686197204
107 44 21.0686197204
108 44 21.0686197204
109 44 21.0686197204
110 44 21.0686197204
111 44 21.0686197204
112 44 21.0686197204
113 44 21.0686197204
114 44 21.0686197204
115 44 21.0686197204
116 44 21.0686197204
117 44 21.0686197204
118 44 21.0686197204
119 44 21.0686197204
120 44 21.0686197204
121 44 21.0686197204
122 44 21.0686197204
123 44 21.0686197204
124 45 9.9136435661
125 46 11.0363655607
126 47 11.1392943405
127 48 11.8146452507
128 49 12.267705766
129 50 12.1987805561
130 51 12.7241051757
131 52 20.9284700407
132 52 20.9284700407
133 52 20.9284700407
134 52 20.9284700407
135 52 20.9284700407
136 52 20.9284700407
137 52 20.9284700407
138 52 20.9284700407
139 52 20.9284700407
140 52 20.9284700407
141 52 20.9284700407
142 52 20.9284700407
143 52 20.9284700407
144 52 20.9284700407
145 52 20.9284700407
146 52 20.9284700407
147 52 20.9284700407
148 52 20.9284700407
149 53 12.0098035273
150 54 11.1280338677
151 55 9.69804425776
152 56 9.62391112867
153 57 8.43555425723
154 58 8.78930758898
155 59 9.33147738661
156 60 9.74906741284
157 61 10.6750708741
158 62 12.0598972602
159 63 12.2235848876
160 64 13.8248656914
161 65 14.0382571397
162 66 12.9219328989
163 67 11.6877776781
164 68 11.5925193492
165 69 10.9419722445
166 70 10.61253663
167 71 10.3857812892
168 72 9.31528616759
169 73 8.96199954531
170 74 9.62640817228
171 75 10.5429593047
172 76 10.8630520169
173 77 12.2540234761
174 78 12.3098279768
175 79 12.9445074388
176 80 12.5518943647
177 81 13.084519483
178 82 13.2101545197
179 83 13.5173658145
180 84 13.7249723116
181 85 12.7550013055
182 86 13.836700938
183 87 14.9180982102
184 88 13.7811912129
185 89 14.6888261335
186 90 15.9154184185
187 91 17.0750074866
188 92 18.5029723188
189 93 18.3571726082
190 94 17.2097325557
191 95 16.5735615898
192 96 15.4825429586
193 97 15.6551085993
194 98 15.2029279163
195 99 14.9459175074
196 100 14.8374996311
197 101 14.0031796686
198 102 12.9790714552
199 103 12.2526545762
200 104 12.3247861998
201 105 10.9070927199
202 106 9.99839941129
203 107 9.76853383289
204 108 8.32931756683
205 109 8.4629083111
206 110 9.57862234267
207 111 9.87873239476
208 112 11.1862015786
209 113 12.1614856594
210 114 12.4689793023
211 115 14.089506851
212 116 14.3524515361
213 117 14.1029438851
214 118 12.9597627565
215 119 11.8291657196
216 120 10.48752599
217 121 9.61546398895
218 122 9.62563685511
219 123 9.84347883351
220 124 8.98236403414
221 125 9.95615041492
222 126 10.2900687035
223 127 11.7347486162
224 128 12.6885060807
225 129 13.7254066809
226 130 14.9160551387
227 131 15.5408961008
228 132 16.9862106786
229 133 17.0301732596
230 134 15.8242761354
231 135 14.721970371
232 136 13.8222528288
233 137 12.3684987535
234 138 11.0876957618
235 139 10.3414487249
236 140 9.04033570257
237 141 7.90317506108
238 142 7.3256049238
239 143 7.23009558958
240 144 7.6228932084
241 145 7.67618213004
242 146 6.88694782018
243 147 7.25390358903
244 148 8.3725755331
245 149 8.70263509997
246 150 10.0302779815
247 151 10.1765292995
248 152 10.6702816972
249 153 11.6321549264
250 154 12.2648874914
251 155 12.167908802
252 156 12.8690055896
253 157 11.4240603905
254 158 10.0830451111
255 159 8.65635424155
256 160 7.96148910944
257 161 6.63051206529
258 162 6.36743395991
259 163 5.74397606569
260 164 5.80907067637
261 165 5.13137390808
262 166 5.96761460278
263 167 6.83394021735
264 168 8.10306461178
265 169 9.28483282535
266 170 10.5783002511
267 171 12.0893124765
268 172 13.1806175768
269 173 14.262581628
270 174 13.2027954483
271 175 12.5585933854
272 176 11.2468043399
273 177 12.6849980788
274 177 12.6849980788
275 177 12.6849980788
276 177 12.6849980788
277 177 12.6849980788
278 177 12.6849980788
279 177 12.6849980788
280 177 12.6849980788
281 177 12.6849980788
282 177 12.6849980788
283 177 12.6849980788
284 177 12.6849980788
285 178 10.8743584899
286 179 10.2050314787
287 180 9.19762850251
288 181 7.85928704502
289 182 6.97431867257
290 183 5.85877072154
291 184 5.30781888888
292 185 4.76977747792
293 186 4.37168162626
294 187 4.21681811774
295 188 4.38737193757
296 189 4.67348178667
297 190 4.31156889123
298 191 4.22498947369
299 192 4.27461644012
300 193 4.60052426464
301 194 4.84767972347
302 195 4.71305475725
303 196 4.70425269186
304 197 5.12258812421
305 198 5.24972518389
306 199 5.68140925175
307 200 6.30404899155
308 201 6.92395055471
309 202 7.98897875792
310 203 8.22832305326
311 204 9.3076689547
312 205 10.069738313
313 206 9.82704657783
314 207 10.2017865439
315 208 9.52781097527
316 209 8.26899182965
317 210 7.25637504488
318 211 6.10929972484
319 212 5.31968884549
320 213 4.58227572813
321 214 4.34222841487
322 215 4.40229186078
323 216 4.2191154557
324 217 4.25394129941
325 218 4.36805771468
326 219 4.63274485547
327 220 5.34045883624
328 221 6.30716541184
329 222 7.14445640591
330 223 8.47693063965
331 224 9.05208108941
332 225 9.68615524851
333 226 10.9802419338
334 227 6.59208148865
335 227 6.59208148865
336 227 6.59208148865
337 227 6.59208148865
338 227 6.59208148865
339 227 6.59208148865
340 227 6.59208148865
341 227 6.59208148865
342 227 6.59208148865
343 227 6.59208148865
344 227 6.59208148865
345 227 6.59208148865
346 227 6.59208148865
347 227 6.59208148865
348 227 6.59208148865
349 227 6.59208148865
350 227 6.59208148865
351 227 6.59208148865
352 227 6.59208148865
353 227 6.59208148865
354 227 6.59208148865
355 227 6.59208148865
356 228 7.98157878053
357 229 7.81137964771
358 230 6.97629969379
359 231 7.55588515548
360 232 6.66868822849
361 233 5.61442014153
362 234 5.24246108941
363 235 5.02090087439
364 236 5.08614028341
365 237 4.56996491467
366 238 5.06785332593
367 239 4.82440560193
368 240 4.5581658734
369 241 4.2596117
370 242 4.69950813318
371 243 4.79896045162
372 244 4.9423813548
373 245 5.75924322301
374 246 6.54683542241
375 247 6.6025458726
376 248 7.86364110433
377 249 8.00094135453
378 250 6.98184743264
379 251 7.30426596094
380 252 6.21782578982
381 253 6.61632194793
382 254 6.52389728676
383 255 5.51456897515
384 256 5.75067170918
385 257 4.93708600927
386 258 4.39323943619
387 259 4.25319841016
388 260 4.3486378935
389 261 4.95791710674
390 262 5.11549000496
391 263 4.91584923532
392 264 4.49687143928
393 265 4.19918734538
394 266 4.4843511392
395 267 4.8449101606
396 268 5.21638188873
397 269 4.55454417955
398 270 4.3292404794
399 271 4.21917811678
400 272 4.58610075373
401 273 5.02874405793
402 274 4.85101192252
403 275 5.4649502142
404 276 5.63794244019
405 277 5.57659651828
406 278 6.46508520744
407 279 6.84017479523
408 280 7.96333887714
409 281 9.08692966832
410 282 9.41191132267
411 283 8.35060806106
412 284 7.45747707758
413 285 6.30498233745
414 286 5.44833078073
415 287 5.53299716618
416 288 5.15863790394
417 289 5.67121003733
418 290 5.47500455856
419 291 6.26246460984
420 292 6.32438877082
421 293 5.96500982563
422 294 5.63878640995
423 295 5.21698043181
424 296 4.52635484061
425 297 4.61491236946
426 298 4.56101037084
427 299 8.86454453957
428 299 8.86454453957
429 299 8.86454453957
430 299 8.86454453957
431 299 8.86454453957
432 299 8.86454453957
433 299 8.86454453957
434 299 8.86454453957
435 299 8.86454453957
436 299 8.86454453957
437 299 8.86454453957
438 299 8.86454453957
439 299 8.86454453957
440 299 8.86454453957
441 299 8.86454453957
442 299 8.86454453957
443 299 8.86454453957
444 299 8.86454453957
445 299 8.86454453957
446 299 8.86454453957
447 299 8.86454453957
448 299 8.86454453957
449 299 8.86454453957
450 299 8.86454453957
451 299 8.86454453957
452 299 8.86454453957
453 299 8.86454453957
454 299 8.86454453957
455 299 8.86454453957
456 299 8.86454453957
457 299 8.86454453957
458 299 8.86454453957
459 299 8.86454453957
460 299 8.86454453957
461 299 8.86454453957
462 299 8.86454453957
463 299 8.86454453957
464 299 8.86454453957
465 299 8.86454453957
466 299 8.86454453957
467 299 8.86454453957
468 299 8.86454453957
469 299 8.86454453957
470 299 8.86454453957
471 299 8.86454453957
472 299 8.86454453957
473 299 8.86454453957
474 299 8.86454453957
475 299 8.86454453957
476 299 8.86454453957
477 299 8.86454453957
478 299 8.86454453957
479 299 8.86454453957
480 299 8.86454453957
481 299 8.86454453957
482 299 8.86454453957
483 299 8.86454453957
484 299 8.86454453957
485 299 8.86454453957
486 299 8.86454453957
487 299 8.86454453957
488 299 8.86454453957
489 299 8.86454453957
490 299 8.86454453957
491 300 4.96679951557
492 300 4.96679951557
493 300 4.96679951557
494 300 4.96679951557
495 300 4.96679951557
496 300 4.96679951557
497 300 4.96679951557
498 300 4.96679951557
499 300 4.96679951557
500 300 4.96679951557
501 300 4.96679951557
502 300 4.96679951557
503 300 4.96679951557
504 300 4.96679951557
505 300 4.96679951557
506 300 4.96679951557
507 300 4.96679951557
508 300 4.96679951557
509 300 4.96679951557
510 300 4.96679951557
511 300 4.96679951557
512 300 4.96679951557
513 300 4.96679951557
514 300 4.96679951557
515 300 4.96679951557
516 300 4.96679951557
517 300 4.96679951557
518 300 4.96679951557
519 300 4.96679951557
520 300 4.96679951557
521 300 4.96679951557
522 300 4.96679951557
523 300 4.96679951557
524 300 4.96679951557
525 300 4.96679951557
526 300 4.96679951557
527 300 4.96679951557
528 300 4.96679951557
529 300 4.96679951557
530 300 4.96679951557
531 300 4.96679951557
532 300 4.96679951557
533 300 4.96679951557
534 300 4.96679951557
535 300 4.96679951557
536 300 4.96679951557
537 300 4.96679951557
538 300 4.96679951557
539 300 4.96679951557
540 300 4.96679951557
541 300 4.96679951557
542 300 4.96679951557
543 300 4.96679951557
544 300 4.96679951557
545 300 4.96679951557
546 300 4.96679951557
547 300 4.96679951557
548 300 4.96679951557
549 300 4.96679951557
550 300 4.96679951557
551 300 4.96679951557
552 300 4.96679951557
553 300 4.96679951557
554 300 4.96679951557
555 300 4.96679951557
556 300 4.96679951557
557 300 4.96679951557
558 300 4.96679951557
559 300 4.96679951557
560 300 4.96679951557
561 300 4.96679951557
562 300 4.96679951557
563 300 4.96679951557
564 300 4.96679951557
565 300 4.96679951557
566 300 4.96679951557
567 300 4.96679951557
568 300 4.96679951557
569 300 4.96679951557
570 300 4.96679951557
571 300 4.96679951557
572 300 4.96679951557
573 300 4.96679951557
574 300 4.96679951557
575 301 8.34633603013
576 301 8.34633603013
577 301 8.34633603013
578 301 8.34633603013
579 301 8.34633603013
580 301 8.34633603013
581 301 8.34633603013
582 301 8.34633603013
583 301 8.34633603013
584 301 8.34633603013
585 301 8.34633603013
586 301 8.34633603013
587 301 8.34633603013
588 301 8.34633603013
589 301 8.34633603013
590 301 8.34633603013
591 301 8.34633603013
592 301 8.34633603013
593 301 8.34633603013
594 301 8.34633603013
595 301 8.34633603013
596 301 8.34633603013
597 301 8.34633603013
598 301 8.34633603013
599 301 8.34633603013
600 301 8.34633603013
601 301 8.34633603013
602 301 8.34633603013
603 301 8.34633603013
604 301 8.34633603013
605 301 8.34633603013
606 301 8.34633603013
607 301 8.34633603013
608 301 8.34633603013
609 301 8.34633603013
610 301 8.34633603013
611 301 8.34633603013
612 301 8.34633603013
613 301 8.34633603013
614 301 8.34633603013
615 301 8.34633603013
616 301 8.34633603013
617 301 8.34633603013
618 301 8.34633603013
619 301 8.34633603013
620 301 8.34633603013
621 301 8.34633603013
622 301 8.34633603013
623 301 8.34633603013
624 301 8.34633603013
625 301 8.34633603013
626 301 8.34633603013
627 301 8.34633603013
628 301 8.34633603013
629 301 8.34633603013
630 301 8.34633603013
631 301 8.34633603013
632 301 8.34633603013
633 301 8.34633603013
634 301 8.34633603013
635 301 8.34633603013
636 301 8.34633603013
637 301 8.34633603013
638 301 8.34633603013
639 301 8.34633603013
640 301 8.34633603013
641 301 8.34633603013
642 301 8.34633603013
643 301 8.34633603013
644 301 8.34633603013
645 301 8.34633603013
646 301 8.34633603013
647 301 8.34633603013
648 301 8.34633603013
649 301 8.34633603013
650 301 8.34633603013
651 301 8.34633603013
652 301 8.34633603013
653 301 8.34633603013
654 301 8.34633603013
655 301 8.34633603013
656 301 8.34633603013
657 301 8.34633603013
658 301 8.34633603013
659 302 21.5869426458
660 303 21.2539782895
661 304 21.1398635922
662 305 20.2464110216
663 306 20.5099115376
664 307 21.1659468344
665 308 20.53824663
666 309 19.9733603205
667 310 20.7109628186
668 311 20.9918514277
669 312 20.1463438935
670 313 20.1536733628
671 314 21.0187019922
672 315 20.7847859494
673 316 20.1482621865
674 317 19.5077066036
675 318 18.9328389505
676 319 18.2029780476
677 320 18.6496680707
678 321 18.9536228265
679 322 18.0874831807
680 323 17.836923078
681 324 18.6099346761
682 325 18.5001372659
683 326 17.576570386
684 327 17.5761514403
685 328 18.2184168882
686 329 18.5523458151
687 330 19.018978316
688 331 18.1729873592
689 332 18.1335171344
690 333 17.6221297009
691 334 18.3583835682
692 335 18.583800812
693 336 17.6882654877
694 337 17.7518465146
695 338 18.4768268835
696 339 17.9519301169
697 340 17.3029225116
698 341 17.9965263776
699 342 18.3195374406
700 343 17.4572086609
701 344 17.4655917032
702 345 18.3112165367
703 346 17.8352652474
704 347 18.208910151
705 348 19.0137631367
706 349 18.7155011526
707 350 18.0003110675
708 351 17.1112355761
709 352 16.9264554829
710 353 16.0022745385
711 354 15.9812355509
712 355 16.3901245767
713 356 15.5680745361
714 357 15.7574968305
715 358 16.2094990079
716 359 15.5680156254
717 360 14.9920426694
718 361 15.6498096408
719 362 15.7210775749
720 363 14.7841524386
721 364 14.8280108451
722 365 15.3456823997
723 366 15.3056343441
724 367 14.3583322873
725 368 14.2185368527
726 369 13.450910761
727 370 13.9177113032
728 371 14.303179429
729 372 13.4629032846
730 373 13.1103816597
731 374 13.9081337537
732 375 13.8611161189
733 376 12.9964557179
734 377 13.3381998467
735 378 14.1122965576
736 379 13.596521357
737 380 13.0769932571
738 381 12.3804945883
739 382 12.2780734969
740 383 11.3360023017
741 384 11.0130265325
742 385 11.5623430989
743 386 11.336536682
744 387 10.4124569346
745 388 10.30750528
746 389 11.0714048364
747 390 11.1395330788
748 391 10.5415192312
749 392 10.2605894617
750 393 10.8695786432
751 394 10.2041238541
752 395 10.7303731411
753 396 11.4408596739
754 397 10.8484548782
755 398 10.4819042437
756 399 11.3349503472
757 400 11.6332306528
758 401 10.9312215058
759 402 11.152527848
760 403 12.0724043194
761 404 12.0670810827
762 405 11.3641005269
763 406 11.6609877695
764 407 11.1330024602
765 408 10.4838827163
766 409 9.62347066941
767 410 9.93868148248
768 411 9.02374525658
769 412 8.79167422334
770 413 9.42750993642
771 414 9.16103407369
772 415 8.27729223136
773 416 8.64466319355
774 417 9.0838696989
775 418 8.32336768704
776 419 7.91361669176
777 420 8.65942910436
778 421 8.51627446509
779 422 7.79522623215
780 423 8.37051557876
781 424 8.86586560852
782 425 8.59261220718
783 426 13.7297838114
784 426 13.7297838114
785 426 13.7297838114
786 426 13.7297838114
787 426 13.7297838114
788 426 13.7297838114
789 426 13.7297838114
790 426 13.7297838114
791 426 13.7297838114
792 426 13.7297838114
793 426 13.7297838114
794 426 13.7297838114
795 426 13.7297838114
796 426 13.7297838114
797 426 13.7297838114
798 426 13.7297838114
799 426 13.7297838114
800 426 13.7297838114
801 426 13.7297838114
802 426 13.7297838114
803 426 13.7297838114
804 426 13.7297838114
805 426 13.7297838114
806 426 13.7297838114
807 426 13.7297838114
808 426 13.7297838114
809 427 7.05319193158
810 428 7.44358419648
811 429 7.72154191343
812 430 8.42823107155
813 431 8.00082273499
814 432 7.4832647373
815 433 8.21210349174
816 434 8.58629440466
817 435 7.82540295483
818 436 7.8848380432
819 437 8.71081289649
820 438 8.41586017749
821 439 7.62768594059
822 440 7.29365346027
823 441 6.52936498462
824 442 6.52849967162
825 443 6.02178392107
826 444 5.64743043046
827 445 6.31081831286
828 446 6.45305548906
829 447 6.36729749153
830 448 5.58471286363
831 449 5.49091957487
832 450 5.73624324573
833 451 5.1859638532
834 452 5.07700492344
835 453 5.01026433488
836 454 5.80475944139
837 454 5.80475944139
838 454 5.80475944139
839 454 5.80475944139
840 454 5.80475944139
841 454 5.80475944139
842 454 5.80475944139
843 454 5.80475944139
844 454 5.80475944139
845 454 5.80475944139
846 454 5.80475944139
847 454 5.80475944139
848 454 5.80475944139
849 454 5.80475944139
850 454 5.80475944139
851 454 5.80475944139
852 454 5.80475944139
853 454 5.80475944139
854 454 5.80475944139
855 454 5.80475944139
856 454 5.80475944139
857 454 5.80475944139
858 454 5.80475944139
859 454 5.80475944139
860 454 5.80475944139
861 454 5.80475944139
862 454 5.80475944139
863 454 5.80475944139
864 454 5.80475944139
865 454 5.80475944139
866 454 5.80475944139
867 454 5.80475944139
868 454 5.80475944139
869 454 5.80475944139
870 454 5.80475944139
871 454 5.80475944139
872 454 5.80475944139
873 454 5.80475944139
874 454 5.80475944139
875 454 5.80475944139
876 454 5.80475944139
877 454 5.80475944139
878 454 5.80475944139
879 454 5.80475944139
880 454 5.80475944139
881 454 5.80475944139
882 454 5.80475944139
883 454 5.80475944139
884 454 5.80475944139
885 454 5.80475944139
886 454 5.80475944139
887 454 5.80475944139
888 454 5.80475944139
889 455 15.0688596108
890 455 15.0688596108
891 455 15.0688596108
892 455 15.0688596108
893 455 15.0688596108
894 455 15.0688596108
895 455 15.0688596108
896 455 15.0688596108
897 455 15.0688596108
898 455 15.0688596108
899 455 15.0688596108
900 455 15.0688596108
901 455 15.0688596108
902 455 15.0688596108
903 455 15.0688596108
904 455 15.0688596108
905 455 15.0688596108
906 455 15.0688596108
907 455 15.0688596108
908 455 15.0688596108
909 455 15.0688596108
910 455 15.0688596108
911 455 15.0688596108
912 455 15.0688596108
913 455 15.0688596108
914 455 15.0688596108
915 455 15.0688596108
916 455 15.0688596108
917 455 15.0688596108
918 455 15.0688596108
919 455 15.0688596108
920 455 15.0688596108
921 455 15.0688596108
922 455 15.0688596108
923 455 15.0688596108
924 455 15.0688596108
925 455 15.0688596108
926 455 15.0688596108
927 455 15.0688596108
928 455 15.0688596108
929 455 15.0688596108
930 455 15.0688596108
931 455 15.0688596108
932 455 15.0688596108
933 455 15.0688596108
934 455 15.0688596108
935 455 15.0688596108
936 455 15.0688596108
937 455 15.0688596108
938 455 15.0688596108
939 455 15.0688596108
940 455 15.0688596108
941 455 15.0688596108
942 456 17.1146204983
943 457 19.2717173516
944 458 19.1620783162
945 459 21.2542255542
946 460 20.4838817985
947 461 18.2028731779
948 462 18.6645340848
949 463 18.0007508281
950 464 19.6116912802
951 465 20.4028998584
952 466 22.0807034376
953 467 21.7265563584
954 468 21.6410585298
955 469 23.912371428
956 470 24.7783640199
957 471 23.344996729
958 472 23.971592538
959 473 26.3122376035
960 474 25.9000910421
961 475 26.9024753533
962 476 24.898840714
963 477 26.2610855422
964 478 20.4323546436
965 478 20.4323546436
966 478 20.4323546436
967 478 20.4323546436
968 478 20.4323546436
969 478 20.4323546436
970 478 20.4323546436
971 478 20.4323546436
972 478 20.4323546436
973 478 20.4323546436
974 478 20.4323546436
975 478 20.4323546436
976 478 20.4323546436
977 478 20.4323546436
978 478 20.4323546436
979 478 20.4323546436
980 478 20.4323546436
981 478 20.4323546436
982 478 20.4323546436
983 478 20.4323546436
984 478 20.4323546436
985 478 20.4323546436
986 478 20.4323546436
987 478 20.4323546436
988 478 20.4323546436
989 478 20.4323546436
990 478 20.4323546436
991 478 20.4323546436
992 478 20.4323546436
993 478 20.4323546436
994 478 20.4323546436
995 478 20.4323546436
996 478 20.4323546436
997 478 20.4323546436
998 478 20.4323546436
999 478 20.4323546436
1000 479 27.655792709
1001 480 25.3371592655
1002 481 24.3010724737
1003 482 22.5914642896
1004 483 23.3713483133
1005 484 22.0041753639
1006 485 22.2999704372
1007 486 21.7769563767
1008 487 20.24880642
1009 488 19.16875841
1010 489 19.2279081265
1011 490 20.1122300433
1012 491 21.4855206803
1013 492 22.9139400982
1014 493 25.1123416902
1015 494 25.8737899456
1016 495 24.4519981981
1017 496 24.8018001546
1018 497 27.1357056959
1019 498 26.8939691296
1020 499 25.5084613377
1021 500 26.9921571385
1022 501 28.6880970127
1023 502 27.482341502
1024 503 26.5246771337
1025 504 26.5583931689
1026 505 24.5738447621
1027 506 22.4853830535
1028 507 21.4086827496
1029 508 19.2637100931
1030 509 18.2465654227
1031 510 18.3010244106
1032 511 20.5018259562
1033 512 22.0387694117
1034 512 22.0387694117
1035 512 22.0387694117
1036 512 22.0387694117
1037 512 22.0387694117
1038 512 22.0387694117
