1 0 12.5886849923
2 0 12.5886849923
3 0 12.5886849923
4 0 12.5886849923
5 0 12.5886849923
6 0 12.5886849923
7 0 12.5886849923
8 0 12.5886849923
9 0 12.5886849923
10 0 12.5886849923
11 0 12.5886849923
12 0 12.5886849923
13 0 12.5886849923
14 0 12.5886849923
15 0 12.5886849923
16 0 12.5886849923
17 0 12.5886849923
18 0 12.5886849923
19 0 12.5886849923
20 0 12.5886849923
21 0 12.5886849923
22 0 12.5886849923
23 0 12.5886849923
24 0 12.5886849923
25 0 12.5886849923
26 0 12.5886849923
27 0 12.5886849923
28 0 12.5886849923
29 0 12.5886849923
30 0 12.5886849923
31 0 12.5886849923
32 0 12.5886849923
33 0 12.5886849923
34 0 12.5886849923
35 0 12.5886849923
36 0 12.5886849923
37 0 12.5886849923
38 0 12.5886849923
39 0 12.5886849923
40 0 12.5886849923
41 0 12.5886849923
42 0 12.5886849923
43 0 12.5886849923
44 0 12.5886849923
45 1 7.88426580463
46 2 7.5723150717
47 3 7.81486585759
48 4 8.01350907458
49 5 7.99506449215
50 6 8.63166732815
51 7 8.85541150111
52 8 9.49271548947
53 9 9.83628549595
54 10 9.20684393435
55 11 9.12625127562
56 12 9.11988345813
57 13 9.41991313812
58 14 9.46450500519
59 15 9.99926261005
60 16 10.2736265007
61 17 11.3843444877
62 18 11.9780333437
63 19 12.6479120543
64 20 11.6881031794
65 21 10.579097426
66 22 9.65336632806
67 23 10.4074558391
68 24 10.0168491046
69 25 10.517729677
70 26 9.98504433293
71 27 10.3967040474
72 28 10.2944287441
73 29 10.4480859216
74 30 11.4160139595
75 31 11.9896646884
76 32 11.8905604851
77 33 11.4995332557
78 34 11.146988253
79 35 11.0013202469
80 36 10.3438113876
81 37 10.0765850067
82 38 9.07563829278
83 39 9.11425896234
84 40 9.67613916271
85 41 9.27094265456
86 42 10.3063123122
87 43 11.1963982718
88 44 21.265925921
89 44 21.265925921
90 44 21.265925921
91 44 21.265925921
92 44 21.265925921
93 44 21.265925921
94 44 21.265925921
95 44 21.265925921
96 44 21.265925921
97 44 21.265925921
98 44 21.265925921
99 44 21.265925921
100 44 21.265925921
101 44 21.265925921
102 44 21.265925921
103 44 21.265925921
104 44 21.265925921
105 44 21.265925921
106 44 21.265925921
107 44 21.265925921
108 44 21.265925921
109 44 21.265925921
110 44 21.265925921
111 44 21.265925921
112 44 21.265925921
113 44 21.265925921
114 44 21.265925921
115 44 21.265925921
116 44 21.265925921
117 44 21.265925921
118 44 21.265925921
119 44 21.265925921
120 44 21.265925921
121 44 21.265925921
122 44 21.265925921
123 44 21.265925921
124 45 11.4416503333
125 46 12.4066655248
126 47 12.469072666
127 48 13.0538280455
128 49 13.4272814006
129 50 13.3627020004
130 51 13.8007954977
131 52 20.9365450984
132 52 20.9365450984
133 52 20.9365450984
134 52 20.9365450984
135 52 20.9365450984
136 52 20.9365450984
137 52 20.9365450984
138 52 20.9365450984
139 52 20.9365450984
140 52 20.9365450984
141 52 20.9365450984
142 52 20.9365450984
143 52 20.9365450984
144 52 20.9365450984
145 52 20.9365450984
146 52 20.9365450984
147 52 20.9365450984
148 52 20.9365450984
149 53 13.1332887646
150 54 12.3518062336
151 55 11.1500715395
152 56 11.1337347323
153 57 10.195675598
154 58 10.5583977371
155 59 11.0348317935
156 60 11.4704948185
157 61 12.2817868388
158 62 13.5459301304
159 63 13.7105365884
160 64 15.166991839
161 65 15.304429321
162 66 14.2265505661
163 67 13.0874064141
164 68 12.9960040913
165 69 12.3631236933
166 70 12.0490020798
167 71 11.7841882362
168 72 10.8584904344
169 73 10.519809681
170 74 11.0251377363
171 75 11.8200955717
172 76 12.1464220838
173 77 13.3775301608
174 78 13.4565872812
175 79 14.0707653759
176 80 13.7772760073
177 81 14.2472081869
178 82 14.404744172
179 83 14.6677928191
180 84 14.8917935189
181 85 13.9959629432
182 86 14.983124695
183 87 15.959781392
184 88 14.8827638899
185 89 15.7203548686
186 90 16.8609053811
187 91 17.9536186038
188 92 19.3064826555
189 93 19.1533108187
190 94 18.0280173731
191 95 17.4563465437
192 96 16.4546983837
193 97 16.6694206225
194 98 16.2472165619
195 99 15.9578380166
196 100 15.8528341274
197 101 15.0532200039
198 102 14.1821107582
199 103 13.4926103729
200 104 13.4773220894
201 105 12.2121023697
202 106 11.4406539575
203 107 11.3256470472
204 108 10.174709683
205 109 10.3786798316
206 110 11.3503175694
207 111 11.7229823092
208 112 12.878500743
209 113 13.8423307649
210 114 14.1731532624
211 115 15.6468393875
212 116 15.8447535785
213 117 15.51328072
214 118 14.46262658
215 119 13.3651010874
216 120 12.1375390269
217 121 11.3651069043
218 122 11.262124503
219 123 11.4011579456
220 124 10.7691756058
221 125 11.6726270055
222 126 12.039342688
223 127 13.2746539672
224 128 14.1933745479
225 129 15.0721820788
226 130 16.219687093
227 131 16.7515831177
228 132 18.154676627
229 133 18.1864374334
230 134 17.0314881356
231 135 16.0781008022
232 136 15.2837808925
233 137 13.9118010863
234 138 12.8454572776
235 139 12.1455993997
236 140 11.0973980994
237 141 10.0901929672
238 142 9.50517111283
239 143 9.34030927139
240 144 9.62534363743
241 145 9.78289206982
242 146 9.15944092119
243 147 9.5501188407
244 148 10.5261137364
245 149 10.9048958523
246 150 12.0995634406
247 151 12.3653496493
248 152 12.7958107962
249 153 13.7600235358
250 154 14.2847630815
251 155 14.0693183827
252 156 14.733114587
253 157 13.4515674074
254 158 12.1926594063
255 159 10.9756451899
256 160 10.2777598418
257 161 9.20853294404
258 162 8.88232270645
259 163 8.32031932599
260 164 8.44872495837
261 165 8.11308004339
262 166 8.83712196725
263 167 9.54482343943
264 168 10.5588273512
265 169 11.613388238
266 170 12.6700248306
267 171 14.0389955275
268 172 14.940048687
269 173 15.9383806743
270 174 15.0062449905
271 175 14.3199858558
272 176 13.2116165394
273 177 14.6771665947
274 177 14.6771665947
275 177 14.6771665947
276 177 14.6771665947
277 177 14.6771665947
278 177 14.6771665947
279 177 14.6771665947
280 177 14.6771665947
281 177 14.6771665947
282 177 14.6771665947
283 177 14.6771665947
284 177 14.6771665947
285 178 13.0954144258
286 179 12.5202219538
287 180 11.7047743006
288 181 10.5059625792
289 182 9.86620038514
290 183 8.9832004546
291 184 8.55506168374
292 185 8.17286890733
293 186 7.75209771339
294 187 7.48242202986
295 188 7.68615727372
296 189 8.05357704806
297 190 7.69181406533
298 191 7.40921056512
299 192 7.39280123758
300 193 7.47608961383
301 194 7.61625175465
302 195 7.57276857721
303 196 7.69939321699
304 197 8.06110200267
305 198 8.05396345015
306 199 8.46426693819
307 200 9.07088513936
308 201 9.61859340634
309 202 10.5798172133
310 203 10.8641958767
311 204 11.7331586775
312 205 12.5114860955
313 206 12.3983203403
314 207 12.7695224648
315 208 12.0896912601
316 209 11.0213829827
317 210 10.1033120346
318 211 9.14425934147
319 212 8.47077005236
320 213 7.84103060513
321 214 7.55230951452
322 215 7.46094103951
323 216 7.4744138906
324 217 7.56966905467
325 218 7.81804654263
326 219 8.06193609096
327 220 8.68105315297
328 221 9.46796333157
329 222 10.1643302582
330 223 11.3077632606
331 224 11.7428209032
332 225 12.4133719972
333 226 13.6188771203
334 227 7.55894953566
335 227 7.55894953566
336 227 7.55894953566
337 227 7.55894953566
338 227 7.55894953566
339 227 7.55894953566
340 227 7.55894953566
341 227 7.55894953566
342 227 7.55894953566
343 227 7.55894953566
344 227 7.55894953566
345 227 7.55894953566
346 227 7.55894953566
347 227 7.55894953566
348 227 7.55894953566
349 227 7.55894953566
350 227 7.55894953566
351 227 7.55894953566
352 227 7.55894953566
353 227 7.55894953566
354 227 7.55894953566
355 227 7.55894953566
356 228 10.941443877
357 229 10.8687891699
358 230 10.1317578771
359 231 10.6422367536
360 232 9.89736620994
361 233 8.98486473642
362 234 8.65063280403
363 235 8.40999177367
364 236 8.39171140266
365 237 7.85817836331
366 238 8.09669552556
367 239 7.78377479681
368 240 7.54214229508
369 241 7.45957147656
370 242 7.66085160415
371 243 7.86376028674
372 244 8.13713218391
373 245 8.75598706392
374 246 9.46651790455
375 247 9.48050176151
376 248 10.4772048559
377 249 10.6614929797
378 250 9.8904302737
379 251 10.2226655241
380 252 9.36437577541
381 253 9.77788687646
382 254 9.71581301593
383 255 8.82319547991
384 256 8.93464382632
385 257 8.20762506914
386 258 7.75059406712
387 259 7.49871970433
388 260 7.49077669534
389 261 7.75982615779
390 262 7.95722232666
391 263 7.82262672328
392 264 7.68834485162
393 265 7.57794458478
394 266 7.924379132
395 267 8.27210526148
396 268 8.58887957591
397 269 7.97393019175
398 270 7.66508914744
399 271 7.47871676198
400 272 7.60847934445
401 273 7.81561364037
402 274 7.70107990131
403 275 8.05563512444
404 276 8.25199716412
405 277 8.32006914419
406 278 9.003178267
407 279 9.40080480317
408 280 10.2748420484
409 281 11.2828546653
410 282 11.5986092032
411 283 10.6805374914
412 284 9.97095582005
413 285 9.00932810638
414 286 8.37135632116
415 287 8.29461902571
416 288 7.97934965033
417 289 8.21477307152
418 290 8.05624337001
419 291 8.55905629185
420 292 8.63598883577
421 293 8.38145471967
422 294 8.18874292683
423 295 7.99009724084
424 296 7.62922615084
425 297 7.82070807811
426 298 7.9181311959
427 299 7.10090633529
428 299 7.10090633529
429 299 7.10090633529
430 299 7.10090633529
431 299 7.10090633529
432 299 7.10090633529
433 299 7.10090633529
434 299 7.10090633529
435 299 7.10090633529
436 299 7.10090633529
437 299 7.10090633529
438 299 7.10090633529
439 299 7.10090633529
440 299 7.10090633529
441 299 7.10090633529
442 299 7.10090633529
443 299 7.10090633529
444 299 7.10090633529
445 299 7.10090633529
446 299 7.10090633529
447 299 7.10090633529
448 299 7.10090633529
449 299 7.10090633529
450 299 7.10090633529
451 299 7.10090633529
452 299 7.10090633529
453 299 7.10090633529
454 299 7.10090633529
455 299 7.10090633529
456 299 7.10090633529
457 299 7.10090633529
458 299 7.10090633529
459 299 7.10090633529
460 299 7.10090633529
461 299 7.10090633529
462 299 7.10090633529
463 299 7.10090633529
464 299 7.10090633529
465 299 7.10090633529
466 299 7.10090633529
467 299 7.10090633529
468 299 7.10090633529
469 299 7.10090633529
470 299 7.10090633529
471 299 7.10090633529
472 299 7.10090633529
473 299 7.10090633529
474 299 7.10090633529
475 299 7.10090633529
476 299 7.10090633529
477 299 7.10090633529
478 299 7.10090633529
479 299 7.10090633529
480 299 7.10090633529
481 299 7.10090633529
482 299 7.10090633529
483 299 7.10090633529
484 299 7.10090633529
485 299 7.10090633529
486 299 7.10090633529
487 299 7.10090633529
488 299 7.10090633529
489 299 7.10090633529
490 299 7.10090633529
491 300 3.89009280057
492 300 3.89009280057
493 300 3.89009280057
494 300 3.89009280057
495 300 3.89009280057
496 300 3.89009280057
497 300 3.89009280057
498 300 3.89009280057
499 300 3.89009280057
500 300 3.89009280057
501 300 3.89009280057
502 300 3.89009280057
503 300 3.89009280057
504 300 3.89009280057
505 300 3.89009280057
506 300 3.89009280057
507 300 3.89009280057
508 300 3.89009280057
509 300 3.89009280057
510 300 3.89009280057
511 300 3.89009280057
512 300 3.89009280057
513 300 3.89009280057
514 300 3.89009280057
515 300 3.89009280057
516 300 3.89009280057
517 300 3.89009280057
518 300 3.89009280057
519 300 3.89009280057
520 300 3.89009280057
521 300 3.89009280057
522 300 3.89009280057
523 300 3.89009280057
524 300 3.89009280057
525 300 3.89009280057
526 300 3.89009280057
527 300 3.89009280057
528 300 3.89009280057
529 300 3.89009280057
530 300 3.89009280057
531 300 3.89009280057
532 300 3.89009280057
533 300 3.89009280057
534 300 3.89009280057
535 300 3.89009280057
536 300 3.89009280057
537 300 3.89009280057
538 300 3.89009280057
539 300 3.89009280057
540 300 3.89009280057
541 300 3.89009280057
542 300 3.89009280057
543 300 3.89009280057
544 300 3.89009280057
545 300 3.89009280057
546 300 3.89009280057
547 300 3.89009280057
548 300 3.89009280057
549 300 3.89009280057
550 300 3.89009280057
551 300 3.89009280057
552 300 3.89009280057
553 300 3.89009280057
554 300 3.89009280057
555 300 3.89009280057
556 300 3.89009280057
557 300 3.89009280057
558 300 3.89009280057
559 300 3.89009280057
560 300 3.89009280057
561 300 3.89009280057
562 300 3.89009280057
563 300 3.89009280057
564 300 3.89009280057
565 300 3.89009280057
566 300 3.89009280057
567 300 3.89009280057
568 300 3.89009280057
569 300 3.89009280057
570 300 3.89009280057
571 300 3.89009280057
572 300 3.89009280057
573 300 3.89009280057
574 300 3.89009280057
575 301 11.6628160383
576 301 11.6628160383
577 301 11.6628160383
578 301 11.6628160383
579 301 11.6628160383
580 301 11.6628160383
581 301 11.6628160383
582 301 11.6628160383
583 301 11.6628160383
584 301 11.6628160383
585 301 11.6628160383
586 301 11.6628160383
587 301 11.6628160383
588 301 11.6628160383
589 301 11.6628160383
590 301 11.6628160383
591 301 11.6628160383
592 301 11.6628160383
593 301 11.6628160383
594 301 11.6628160383
595 301 11.6628160383
596 301 11.6628160383
597 301 11.6628160383
598 301 11.6628160383
599 301 11.6628160383
600 301 11.6628160383
601 301 11.6628160383
602 301 11.6628160383
603 301 11.6628160383
604 301 11.6628160383
605 301 11.6628160383
606 301 11.6628160383
607 301 11.6628160383
608 301 11.6628160383
609 301 11.6628160383
610 301 11.6628160383
611 301 11.6628160383
612 301 11.6628160383
613 301 11.6628160383
614 301 11.6628160383
615 301 11.6628160383
616 301 11.6628160383
617 301 11.6628160383
618 301 11.6628160383
619 301 11.6628160383
620 301 11.6628160383
621 301 11.6628160383
622 301 11.6628160383
623 301 11.6628160383
624 301 11.6628160383
625 301 11.6628160383
626 301 11.6628160383
627 301 11.6628160383
628 301 11.6628160383
629 301 11.6628160383
630 301 11.6628160383
631 301 11.6628160383
632 301 11.6628160383
633 301 11.6628160383
634 301 11.6628160383
635 301 11.6628160383
636 301 11.6628160383
637 301 11.6628160383
638 301 11.6628160383
639 301 11.6628160383
640 301 11.6628160383
641 301 11.6628160383
642 301 11.6628160383
643 301 11.6628160383
644 301 11.6628160383
645 301 11.6628160383
646 301 11.6628160383
647 301 11.6628160383
648 301 11.6628160383
649 301 11.6628160383
650 301 11.6628160383
651 301 11.6628160383
652 301 11.6628160383
653 301 11.6628160383
654 301 11.6628160383
655 301 11.6628160383
656 301 11.6628160383
657 301 11.6628160383
658 301 11.6628160383
659 302 25.2685808664
660 303 24.9633916769
661 304 24.8687712119
662 305 23.9359634937
663 306 24.1639081662
664 307 24.8460377695
665 308 24.2203081872
666 309 23.598657245
667 310 24.3230696854
668 311 24.6323079615
669 312 23.7542739273
670 313 23.7026497127
671 314 24.5792996185
672 315 24.3680977316
673 316 23.6669289418
674 317 23.0587320903
675 318 22.4415241113
676 319 21.7303916232
677 320 22.243826543
678 321 22.5317894393
679 322 21.6346800659
680 323 21.4318422881
681 324 22.2458836266
682 325 22.0979813207
683 326 21.1539341049
684 327 21.1997520811
685 328 21.8629363781
686 329 22.1908992645
687 330 22.6541043736
688 331 21.7631610909
689 332 21.6975220067
690 333 21.1343766324
691 334 21.8704942494
692 335 22.1288528725
693 336 21.2074837884
694 337 21.2204544058
695 338 21.9642993938
696 339 21.4524570051
697 340 20.7397818525
698 341 21.4089553441
699 342 21.759253189
700 343 20.8593756601
701 344 20.8041199606
702 345 21.6610179804
703 346 21.141866076
704 347 21.445904291
705 348 22.2790947392
706 349 22.0547472147
707 350 21.3489906118
708 351 20.4207267403
709 352 20.3075677872
710 353 19.3524557453
711 354 19.4011372383
712 355 19.8525088706
713 356 18.9988901462
714 357 19.2473317018
715 358 19.6726070804
716 359 18.9795588588
717 360 18.4331882904
718 361 19.1380920673
719 362 19.1671331175
720 363 18.1924937471
721 364 18.2810830293
722 365 18.8017463227
723 366 18.7171825572
724 367 17.7261451929
725 368 17.5454310814
726 369 16.7155186275
727 370 17.1594834249
728 371 17.5992643398
729 372 16.7509795784
730 373 16.3269673942
731 374 17.1384267492
732 375 17.1527601779
733 376 16.2385335256
734 377 16.5170542514
735 378 17.3474024862
736 379 16.8731767271
737 380 16.266179922
738 381 15.6072913837
739 382 15.4708553674
740 383 14.4791655476
741 384 14.2154698013
742 385 14.7968614097
743 386 14.4988139033
744 387 13.5248295892
745 388 13.4673623612
746 389 14.2706468838
747 390 14.2913765025
748 391 13.6491562508
749 392 13.29767305
750 393 13.9066554426
751 394 13.1583924363
752 395 13.6353472371
753 396 14.4264600854
754 397 13.8580963569
755 398 13.3857041824
756 399 14.2304777722
757 400 14.6320923341
758 401 13.8937485752
759 402 14.0053349414
760 403 14.98137353
761 404 15.0710185131
762 405 14.3192431898
763 406 14.4961164086
764 407 13.9370005379
765 408 13.3762242474
766 409 12.5166708109
767 410 12.8090049583
768 411 11.8213766615
769 412 11.6998818442
770 413 12.4113973465
771 414 12.0475326446
772 415 11.1341537338
773 416 11.6200263299
774 417 12.0540026252
775 418 11.1899616161
776 419 10.8111485732
777 420 11.6397509841
778 421 11.4255380358
779 422 10.6439207834
780 423 11.3041486137
781 424 11.8125870476
782 425 11.462706274
783 426 15.9264816697
784 426 15.9264816697
785 426 15.9264816697
786 426 15.9264816697
787 426 15.9264816697
788 426 15.9264816697
789 426 15.9264816697
790 426 15.9264816697
791 426 15.9264816697
792 426 15.9264816697
793 426 15.9264816697
794 426 15.9264816697
795 426 15.9264816697
796 426 15.9264816697
797 426 15.9264816697
798 426 15.9264816697
799 426 15.9264816697
800 426 15.9264816697
801 426 15.9264816697
802 426 15.9264816697
803 426 15.9264816697
804 426 15.9264816697
805 426 15.9264816697
806 426 15.9264816697
807 426 15.9264816697
808 426 15.9264816697
809 427 9.75328914259
810 428 10.1532847997
811 429 10.3812930393
812 430 11.1764158375
813 431 10.765010448
814 432 10.1045499793
815 433 10.8261190746
816 434 11.3178867441
817 435 10.4890809382
818 436 10.4023171502
819 437 11.2927346071
820 438 11.0758576007
821 439 10.1496902605
822 440 9.66485849937
823 441 8.72543212025
824 442 8.715236216
825 443 8.31559292646
826 444 8.00096186393
827 445 8.86228293818
828 446 9.06815707732
829 447 8.84936968254
830 448 7.9045650971
831 449 7.90547173204
832 450 8.16393896533
833 451 7.39086066576
834 452 7.13561447532
835 453 7.07008404907
836 454 7.50855168572
837 454 7.50855168572
838 454 7.50855168572
839 454 7.50855168572
840 454 7.50855168572
841 454 7.50855168572
842 454 7.50855168572
843 454 7.50855168572
844 454 7.50855168572
845 454 7.50855168572
846 454 7.50855168572
847 454 7.50855168572
848 454 7.50855168572
849 454 7.50855168572
850 454 7.50855168572
851 454 7.50855168572
852 454 7.50855168572
853 454 7.50855168572
854 454 7.50855168572
855 454 7.50855168572
856 454 7.50855168572
857 454 7.50855168572
858 454 7.50855168572
859 454 7.50855168572
860 454 7.50855168572
861 454 7.50855168572
862 454 7.50855168572
863 454 7.50855168572
864 454 7.50855168572
865 454 7.50855168572
866 454 7.50855168572
867 454 7.50855168572
868 454 7.50855168572
869 454 7.50855168572
870 454 7.50855168572
871 454 7.50855168572
872 454 7.50855168572
873 454 7.50855168572
874 454 7.50855168572
875 454 7.50855168572
876 454 7.50855168572
877 454 7.50855168572
878 454 7.50855168572
879 454 7.50855168572
880 454 7.50855168572
881 454 7.50855168572
882 454 7.50855168572
883 454 7.50855168572
884 454 7.50855168572
885 454 7.50855168572
886 454 7.50855168572
887 454 7.50855168572
888 454 7.50855168572
889 455 12.5754759387
890 455 12.5754759387
891 455 12.5754759387
892 455 12.5754759387
893 455 12.5754759387
894 455 12.5754759387
895 455 12.5754759387
896 455 12.5754759387
897 455 12.5754759387
898 455 12.5754759387
899 455 12.5754759387
900 455 12.5754759387
901 455 12.5754759387
902 455 12.5754759387
903 455 12.5754759387
904 455 12.5754759387
905 455 12.5754759387
906 455 12.5754759387
907 455 12.5754759387
908 455 12.5754759387
909 455 12.5754759387
910 455 12.5754759387
911 455 12.5754759387
912 455 12.5754759387
913 455 12.5754759387
914 455 12.5754759387
915 455 12.5754759387
916 455 12.5754759387
917 455 12.5754759387
918 455 12.5754759387
919 455 12.5754759387
920 455 12.5754759387
921 455 12.5754759387
922 455 12.5754759387
923 455 12.5754759387
924 455 12.5754759387
925 455 12.5754759387
926 455 12.5754759387
927 455 12.5754759387
928 455 12.5754759387
929 455 12.5754759387
930 455 12.5754759387
931 455 12.5754759387
932 455 12.5754759387
933 455 12.5754759387
934 455 12.5754759387
935 455 12.5754759387
936 455 12.5754759387
937 455 12.5754759387
938 455 12.5754759387
939 455 12.5754759387
940 455 12.5754759387
941 455 12.5754759387
942 456 14.2396997809
943 457 16.3348502103
944 458 16.1536474452
945 459 18.2461232923
946 460 17.5688551664
947 461 15.3406982769
948 462 15.9332374586
949 463 15.2969796613
950 464 16.8932829132
951 465 17.8418390231
952 466 19.5039821348
953 467 19.0340736657
954 468 18.9872020614
955 469 21.194221088
956 470 22.1359342164
957 471 20.8556134197
958 472 21.5068811051
959 473 23.8152466938
960 474 23.4744502481
961 475 24.3826114644
962 476 22.378096143
963 477 23.7912155206
964 478 17.8989075637
965 478 17.8989075637
966 478 17.8989075637
967 478 17.8989075637
968 478 17.8989075637
969 478 17.8989075637
970 478 17.8989075637
971 478 17.8989075637
972 478 17.8989075637
973 478 17.8989075637
974 478 17.8989075637
975 478 17.8989075637
976 478 17.8989075637
977 478 17.8989075637
978 478 17.8989075637
979 478 17.8989075637
980 478 17.8989075637
981 478 17.8989075637
982 478 17.8989075637
983 478 17.8989075637
984 478 17.8989075637
985 478 17.8989075637
986 478 17.8989075637
987 478 17.8989075637
988 478 17.8989075637
989 478 17.8989075637
990 478 17.8989075637
991 478 17.8989075637
992 478 17.8989075637
993 478 17.8989075637
994 478 17.8989075637
995 478 17.8989075637
996 478 17.8989075637
997 478 17.8989075637
998 478 17.8989075637
999 478 17.8989075637
1000 479 24.9551609383
1001 480 22.631927908
1002 481 21.566109056
1003 482 19.7850641763
1004 483 20.4524442777
1005 484 19.0402324719
1006 485 19.2641464361
1007 486 18.7173324052
1008 487 17.193252052
1009 488 16.1536935863
1010 489 16.2277072696
1011 490 17.1824668045
1012 491 18.5507223005
1013 492 20.0356712084
1014 493 22.2053838098
1015 494 22.9770387138
1016 495 21.4966838766
1017 496 21.7864557985
1018 497 24.1112489713
1019 498 23.8575290237
1020 499 22.4352282777
1021 500 23.8941517447
1022 501 25.5729197289
1023 502 24.3507457796
1024 503 23.3998288229
1025 504 23.444218624
1026 505 21.4716221026
1027 506 19.4019802211
1028 507 18.3266858658
1029 508 16.2028639054
1030 509 15.206319696
1031 510 15.2797342923
1032 511 17.4461605578
1033 512 19.6361598736
1034 512 19.6361598736
1035 512 19.6361598736
1036 512 19.6361598736
1037 512 19.6361598736
1038 512 19.6361598736
