1 0 0.0
2 0 0.0
3 0 0.0
4 0 0.0
5 0 0.0
6 0 0.0
7 0 0.0
8 0 0.0
9 0 0.0
10 0 0.0
11 0 0.0
12 0 0.0
13 0 0.0
14 0 0.0
15 0 0.0
16 0 0.0
17 0 0.0
18 0 0.0
19 0 0.0
20 0 0.0
21 0 0.0
22 0 0.0
23 0 0.0
24 0 0.0
25 0 0.0
26 0 0.0
27 0 0.0
28 0 0.0
29 0 0.0
30 0 0.0
31 0 0.0
32 0 0.0
33 0 0.0
34 0 0.0
35 0 0.0
36 0 0.0
37 0 0.0
38 0 0.0
39 0 0.0
40 0 0.0
41 0 0.0
42 0 0.0
43 0 0.0
44 0 0.0
45 1 0.0
46 2 0.0
47 3 0.0
48 4 0.0
49 5 0.0
50 6 0.0
51 7 0.0
52 8 0.0
53 9 0.0
54 10 0.0
55 11 0.0
56 12 0.0
57 13 0.0
58 14 0.0
59 15 0.0
60 16 0.0
61 17 0.0
62 18 0.0
63 19 0.0
64 20 0.0
65 21 0.0
66 22 0.0
67 23 0.0
68 24 0.0
69 25 0.0
70 26 0.0
71 27 0.0
72 28 0.0
73 29 0.0
74 30 0.0
75 31 0.0
76 32 0.0
77 33 0.0
78 34 0.0
79 35 0.0
80 36 0.0
81 37 0.0
82 38 0.0
83 39 0.0
84 40 0.0
85 41 0.0
86 42 0.0
87 43 0.0
88 44 0.0
89 44 0.0
90 44 0.0
91 44 0.0
92 44 0.0
93 44 0.0
94 44 0.0
95 44 0.0
96 44 0.0
97 44 0.0
98 44 0.0
99 44 0.0
100 44 0.0
101 44 0.0
102 44 0.0
103 44 0.0
104 44 0.0
105 44 0.0
106 44 0.0
107 44 0.0
108 44 0.0
109 44 0.0
110 44 0.0
111 44 0.0
112 44 0.0
113 44 0.0
114 44 0.0
115 44 0.0
116 44 0.0
117 44 0.0
118 44 0.0
119 44 0.0
120 44 0.0
121 44 0.0
122 44 0.0
123 44 0.0
124 45 0.0
125 46 0.0
126 47 0.0
127 48 0.0
128 49 0.0
129 50 0.0
130 51 0.0
131 52 0.0
132 52 0.0
133 52 0.0
134 52 0.0
135 52 0.0
136 52 0.0
137 52 0.0
138 52 0.0
139 52 0.0
140 52 0.0
141 52 0.0
142 52 0.0
143 52 0.0
144 52 0.0
145 52 0.0
146 52 0.0
147 52 0.0
148 52 0.0
149 53 0.0
150 54 0.0
151 55 0.0
152 56 0.0
153 57 0.0
154 58 0.0
155 59 0.0
156 60 0.0
157 61 0.0
158 62 0.0
159 63 0.0
160 64 0.0
161 65 0.0
162 66 0.0
163 67 0.0
164 68 0.0
165 69 0.0
166 70 0.0
167 71 0.0
168 72 0.0
169 73 0.0
170 74 0.0
171 75 0.0
172 76 0.0
173 77 0.0
174 78 0.0
175 79 0.0
176 80 0.0
177 81 0.0
178 82 0.0
179 83 0.0
180 84 0.0
181 85 0.0
182 86 0.0
183 87 0.0
184 88 0.0
185 89 0.0
186 90 0.0
187 91 0.0
188 92 0.0
189 93 0.0
190 94 0.0
191 95 0.0
192 96 0.0
193 97 0.0
194 98 0.0
195 99 0.0
196 100 0.0
197 101 0.0
198 102 0.0
199 103 0.0
200 104 0.0
201 105 0.0
202 106 0.0
203 107 0.0
204 108 0.0
205 109 0.0
206 110 0.0
207 111 0.0
208 112 0.0
209 113 0.0
210 114 0.0
211 115 0.0
212 116 0.0
213 117 0.0
214 118 0.0
215 119 0.0
216 120 0.0
217 121 0.0
218 122 0.0
219 123 0.0
220 124 0.0
221 125 0.0
222 126 0.0
223 127 0.0
224 128 0.0
225 129 0.0
226 130 0.0
227 131 0.0
228 132 0.0
229 133 0.0
230 134 0.0
231 135 0.0
232 136 0.0
233 137 0.0
234 138 0.0
235 139 0.0
236 140 0.0
237 141 0.0
238 142 0.0
239 143 0.0
240 144 0.0
241 145 0.0
242 146 0.0
243 147 0.0
244 148 0.0
245 149 0.0
246 150 0.0
247 151 0.0
248 152 0.0
249 153 0.0
250 154 0.0
251 155 0.0
252 156 0.0
253 157 0.0
254 158 0.0
255 159 0.0
256 160 0.0
257 161 0.0
258 162 0.0
259 163 0.0
260 164 0.0
261 165 0.0
262 166 0.0
263 167 0.0
264 168 0.0
265 169 0.0
266 170 0.0
267 171 0.0
268 172 0.0
269 173 0.0
270 174 0.0
271 175 0.0
272 176 0.0
273 177 0.0
274 177 0.0
275 177 0.0
276 177 0.0
277 177 0.0
278 177 0.0
279 177 0.0
280 177 0.0
281 177 0.0
282 177 0.0
283 177 0.0
284 177 0.0
285 178 0.0
286 179 0.0
287 180 0.0
288 181 0.0
289 182 0.0
290 183 0.0
291 184 0.0
292 185 0.0
293 186 0.0
294 187 0.0
295 188 0.0
296 189 0.0
297 190 0.0
298 191 0.0
299 192 0.0
300 193 0.0
301 194 0.0
302 195 0.0
303 196 0.0
304 197 0.0
305 198 0.0
306 199 0.0
307 200 0.0
308 201 0.0
309 202 0.0
310 203 0.0
311 204 0.0
312 205 0.0
313 206 0.0
314 207 0.0
315 208 0.0
316 209 0.0
317 210 0.0
318 211 0.0
319 212 0.0
320 213 0.0
321 214 0.0
322 215 0.0
323 216 0.0
324 217 0.0
325 218 0.0
326 219 0.0
327 220 0.0
328 221 0.0
329 222 0.0
330 223 0.0
331 224 0.0
332 225 0.0
333 226 0.0
334 227 0.0
335 227 0.0
336 227 0.0
337 227 0.0
338 227 0.0
339 227 0.0
340 227 0.0
341 227 0.0
342 227 0.0
343 227 0.0
344 227 0.0
345 227 0.0
346 227 0.0
347 227 0.0
348 227 0.0
349 227 0.0
350 227 0.0
351 227 0.0
352 227 0.0
353 227 0.0
354 227 0.0
355 227 0.0
356 228 0.0
357 229 0.0
358 230 0.0
359 231 0.0
360 232 0.0
361 233 0.0
362 234 0.0
363 235 0.0
364 236 0.0
365 237 0.0
366 238 0.0
367 239 0.0
368 240 0.0
369 241 0.0
370 242 0.0
371 243 0.0
372 244 0.0
373 245 0.0
374 246 0.0
375 247 0.0
376 248 0.0
377 249 0.0
378 250 0.0
379 251 0.0
380 252 0.0
381 253 0.0
382 254 0.0
383 255 0.0
384 256 0.0
385 257 0.0
386 258 0.0
387 259 0.0
388 260 0.0
389 261 0.0
390 262 0.0
391 263 0.0
392 264 0.0
393 265 0.0
394 266 0.0
395 267 0.0
396 268 0.0
397 269 0.0
398 270 0.0
399 271 0.0
400 272 0.0
401 273 0.0
402 274 0.0
403 275 0.0
404 276 0.0
405 277 0.0
406 278 0.0
407 279 0.0
408 280 0.0
409 281 0.0
410 282 0.0
411 283 0.0
412 284 0.0
413 285 0.0
414 286 0.0
415 287 0.0
416 288 0.0
417 289 0.0
418 290 0.0
419 291 0.0
420 292 0.0
421 293 0.0
422 294 0.0
423 295 0.0
424 296 0.0
425 297 0.0
426 298 0.0
427 299 0.0
428 299 0.0
429 299 0.0
430 299 0.0
431 299 0.0
432 299 0.0
433 299 0.0
434 299 0.0
435 299 0.0
436 299 0.0
437 299 0.0
438 299 0.0
439 299 0.0
440 299 0.0
441 299 0.0
442 299 0.0
443 299 0.0
444 299 0.0
445 299 0.0
446 299 0.0
447 299 0.0
448 299 0.0
449 299 0.0
450 299 0.0
451 299 0.0
452 299 0.0
453 299 0.0
454 299 0.0
455 299 0.0
456 299 0.0
457 299 0.0
458 299 0.0
459 299 0.0
460 299 0.0
461 299 0.0
462 299 0.0
463 299 0.0
464 299 0.0
465 299 0.0
466 299 0.0
467 299 0.0
468 299 0.0
469 299 0.0
470 299 0.0
471 299 0.0
472 299 0.0
473 299 0.0
474 299 0.0
475 299 0.0
476 299 0.0
477 299 0.0
478 299 0.0
479 299 0.0
480 299 0.0
481 299 0.0
482 299 0.0
483 299 0.0
484 299 0.0
485 299 0.0
486 299 0.0
487 299 0.0
488 299 0.0
489 299 0.0
490 299 0.0
491 300 0.0
492 300 0.0
493 300 0.0
494 300 0.0
495 300 0.0
496 300 0.0
497 300 0.0
498 300 0.0
499 300 0.0
500 300 0.0
501 300 0.0
502 300 0.0
503 300 0.0
504 300 0.0
505 300 0.0
506 300 0.0
507 300 0.0
508 300 0.0
509 300 0.0
510 300 0.0
511 300 0.0
512 300 0.0
513 300 0.0
514 300 0.0
515 300 0.0
516 300 0.0
517 300 0.0
518 300 0.0
519 300 0.0
520 300 0.0
521 300 0.0
522 300 0.0
523 300 0.0
524 300 0.0
525 300 0.0
526 300 0.0
527 300 0.0
528 300 0.0
529 300 0.0
530 300 0.0
531 300 0.0
532 300 0.0
533 300 0.0
534 300 0.0
535 300 0.0
536 300 0.0
537 300 0.0
538 300 0.0
539 300 0.0
540 300 0.0
541 300 0.0
542 300 0.0
543 300 0.0
544 300 0.0
545 300 0.0
546 300 0.0
547 300 0.0
548 300 0.0
549 300 0.0
550 300 0.0
551 300 0.0
552 300 0.0
553 300 0.0
554 300 0.0
555 300 0.0
556 300 0.0
557 300 0.0
558 300 0.0
559 300 0.0
560 300 0.0
561 300 0.0
562 300 0.0
563 300 0.0
564 300 0.0
565 300 0.0
566 300 0.0
567 300 0.0
568 300 0.0
569 300 0.0
570 300 0.0
571 300 0.0
572 300 0.0
573 300 0.0
574 300 0.0
575 301 0.0
576 301 0.0
577 301 0.0
578 301 0.0
579 301 0.0
580 301 0.0
581 301 0.0
582 301 0.0
583 301 0.0
584 301 0.0
585 301 0.0
586 301 0.0
587 301 0.0
588 301 0.0
589 301 0.0
590 301 0.0
591 301 0.0
592 301 0.0
593 301 0.0
594 301 0.0
595 301 0.0
596 301 0.0
597 301 0.0
598 301 0.0
599 301 0.0
600 301 0.0
601 301 0.0
602 301 0.0
603 301 0.0
604 301 0.0
605 301 0.0
606 301 0.0
607 301 0.0
608 301 0.0
609 301 0.0
610 301 0.0
611 301 0.0
612 301 0.0
613 301 0.0
614 301 0.0
615 301 0.0
616 301 0.0
617 301 0.0
618 301 0.0
619 301 0.0
620 301 0.0
621 301 0.0
622 301 0.0
623 301 0.0
624 301 0.0
625 301 0.0
626 301 0.0
627 301 0.0
628 301 0.0
629 301 0.0
630 301 0.0
631 301 0.0
632 301 0.0
633 301 0.0
634 301 0.0
635 301 0.0
636 301 0.0
637 301 0.0
638 301 0.0
639 301 0.0
640 301 0.0
641 301 0.0
642 301 0.0
643 301 0.0
644 301 0.0
645 301 0.0
646 301 0.0
647 301 0.0
648 301 0.0
649 301 0.0
650 301 0.0
651 301 0.0
652 301 0.0
653 301 0.0
654 301 0.0
655 301 0.0
656 301 0.0
657 301 0.0
658 301 0.0
659 302 0.0
660 303 0.0
661 304 0.0
662 305 0.0
663 306 0.0
664 307 0.0
665 308 0.0
666 309 0.0
667 310 0.0
668 311 0.0
669 312 0.0
670 313 0.0
671 314 0.0
672 315 0.0
673 316 0.0
674 317 0.0
675 318 0.0
676 319 0.0
677 320 0.0
678 321 0.0
679 322 0.0
680 323 0.0
681 324 0.0
682 325 0.0
683 326 0.0
684 327 0.0
685 328 0.0
686 329 0.0
687 330 0.0
688 331 0.0
689 332 0.0
690 333 0.0
691 334 0.0
692 335 0.0
693 336 0.0
694 337 0.0
695 338 0.0
696 339 0.0
697 340 0.0
698 341 0.0
699 342 0.0
700 343 0.0
701 344 0.0
702 345 0.0
703 346 0.0
704 347 0.0
705 348 0.0
706 349 0.0
707 350 0.0
708 351 0.0
709 352 0.0
710 353 0.0
711 354 0.0
712 355 0.0
713 356 0.0
714 357 0.0
715 358 0.0
716 359 0.0
717 360 0.0
718 361 0.0
719 362 0.0
720 363 0.0
721 364 0.0
722 365 0.0
723 366 0.0
724 367 0.0
725 368 0.0
726 369 0.0
727 370 0.0
728 371 0.0
729 372 0.0
730 373 0.0
731 374 0.0
732 375 0.0
733 376 0.0
734 377 0.0
735 378 0.0
736 379 0.0
737 380 0.0
738 381 0.0
739 382 0.0
740 383 0.0
741 384 0.0
742 385 0.0
743 386 0.0
744 387 0.0
745 388 0.0
746 389 0.0
747 390 0.0
748 391 0.0
749 392 0.0
750 393 0.0
751 394 0.0
752 395 0.0
753 396 0.0
754 397 0.0
755 398 0.0
756 399 0.0
757 400 0.0
758 401 0.0
759 402 0.0
760 403 0.0
761 404 0.0
762 405 0.0
763 406 0.0
764 407 0.0
765 408 0.0
766 409 0.0
767 410 0.0
768 411 0.0
769 412 0.0
770 413 0.0
771 414 0.0
772 415 0.0
773 416 0.0
774 417 0.0
775 418 0.0
776 419 0.0
777 420 0.0
778 421 0.0
779 422 0.0
780 423 0.0
781 424 0.0
782 425 0.0
783 426 0.0
784 426 0.0
785 426 0.0
786 426 0.0
787 426 0.0
788 426 0.0
789 426 0.0
790 426 0.0
791 426 0.0
792 426 0.0
793 426 0.0
794 426 0.0
795 426 0.0
796 426 0.0
797 426 0.0
798 426 0.0
799 426 0.0
800 426 0.0
801 426 0.0
802 426 0.0
803 426 0.0
804 426 0.0
805 426 0.0
806 426 0.0
807 426 0.0
808 426 0.0
809 427 0.0
810 428 0.0
811 429 0.0
812 430 0.0
813 431 0.0
814 432 0.0
815 433 0.0
816 434 0.0
817 435 0.0
818 436 0.0
819 437 0.0
820 438 0.0
821 439 0.0
822 440 0.0
823 441 0.0
824 442 0.0
825 443 0.0
826 444 0.0
827 445 0.0
828 446 0.0
829 447 0.0
830 448 0.0
831 449 0.0
832 450 0.0
833 451 0.0
834 452 0.0
835 453 0.0
836 454 0.0
837 454 0.0
838 454 0.0
839 454 0.0
840 454 0.0
841 454 0.0
842 454 0.0
843 454 0.0
844 454 0.0
845 454 0.0
846 454 0.0
847 454 0.0
848 454 0.0
849 454 0.0
850 454 0.0
851 454 0.0
852 454 0.0
853 454 0.0
854 454 0.0
855 454 0.0
856 454 0.0
857 454 0.0
858 454 0.0
859 454 0.0
860 454 0.0
861 454 0.0
862 454 0.0
863 454 0.0
864 454 0.0
865 454 0.0
866 454 0.0
867 454 0.0
868 454 0.0
869 454 0.0
870 454 0.0
871 454 0.0
872 454 0.0
873 454 0.0
874 454 0.0
875 454 0.0
876 454 0.0
877 454 0.0
878 454 0.0
879 454 0.0
880 454 0.0
881 454 0.0
882 454 0.0
883 454 0.0
884 454 0.0
885 454 0.0
886 454 0.0
887 454 0.0
888 454 0.0
889 455 0.0
890 455 0.0
891 455 0.0
892 455 0.0
893 455 0.0
894 455 0.0
895 455 0.0
896 455 0.0
897 455 0.0
898 455 0.0
899 455 0.0
900 455 0.0
901 455 0.0
902 455 0.0
903 455 0.0
904 455 0.0
905 455 0.0
906 455 0.0
907 455 0.0
908 455 0.0
909 455 0.0
910 455 0.0
911 455 0.0
912 455 0.0
913 455 0.0
914 455 0.0
915 455 0.0
916 455 0.0
917 455 0.0
918 455 0.0
919 455 0.0
920 455 0.0
921 455 0.0
922 455 0.0
923 455 0.0
924 455 0.0
925 455 0.0
926 455 0.0
927 455 0.0
928 455 0.0
929 455 0.0
930 455 0.0
931 455 0.0
932 455 0.0
933 455 0.0
934 455 0.0
935 455 0.0
936 455 0.0
937 455 0.0
938 455 0.0
939 455 0.0
940 455 0.0
941 455 0.0
942 456 0.0
943 457 0.0
944 458 0.0
945 459 0.0
946 460 0.0
947 461 0.0
948 462 0.0
949 463 0.0
950 464 0.0
951 465 0.0
952 466 0.0
953 467 0.0
954 468 0.0
955 469 0.0
956 470 0.0
957 471 0.0
958 472 0.0
959 473 0.0
960 474 0.0
961 475 0.0
962 476 0.0
963 477 0.0
964 478 0.0
965 478 0.0
966 478 0.0
967 478 0.0
968 478 0.0
969 478 0.0
970 478 0.0
971 478 0.0
972 478 0.0
973 478 0.0
974 478 0.0
975 478 0.0
976 478 0.0
977 478 0.0
978 478 0.0
979 478 0.0
980 478 0.0
981 478 0.0
982 478 0.0
983 478 0.0
984 478 0.0
985 478 0.0
986 478 0.0
987 478 0.0
988 478 0.0
989 478 0.0
990 478 0.0
991 478 0.0
992 478 0.0
993 478 0.0
994 478 0.0
995 478 0.0
996 478 0.0
997 478 0.0
998 478 0.0
999 478 0.0
1000 479 0.0
1001 480 0.0
1002 481 0.0
1003 482 0.0
1004 483 0.0
1005 484 0.0
1006 485 0.0
1007 486 0.0
1008 487 0.0
1009 488 0.0
1010 489 0.0
1011 490 0.0
1012 491 0.0
1013 492 0.0
1014 493 0.0
1015 494 0.0
1016 495 0.0
1017 496 0.0
1018 497 0.0
1019 498 0.0
1020 499 0.0
1021 500 0.0
1022 501 0.0
1023 502 0.0
1024 503 0.0
1025 504 0.0
1026 505 0.0
1027 506 0.0
1028 507 0.0
1029 508 0.0
1030 509 0.0
1031 510 0.0
1032 511 0.0
1033 512 0.0
1034 512 0.0
1035 512 0.0
1036 512 0.0
1037 512 0.0
1038 512 0.0
