1 0 8.60183221306
2 1 6.87113404632
3 2 6.71950300013
4 3 6.47220054046
5 4 6.49232981057
6 5 6.26005418431
7 6 6.05912038729
8 7 5.87988342394
9 8 5.88182435068
10 9 5.79239835966
11 10 5.90051524948
12 11 5.85618769772
13 12 5.78569307268
14 13 5.76985467039
15 14 5.86381271434
16 15 5.79620896041
17 16 5.89194343395
18 17 5.75708112046
19 18 5.74900943913
20 19 5.98951506559
21 20 6.11867073531
22 21 6.16895585185
23 22 5.95483121142
24 23 5.87843716926
25 24 5.68719144133
26 25 5.71119297312
27 26 5.55734312271
28 27 5.59737205403
29 28 5.53558884139
30 29 5.46957882543
31 30 5.31608824713
32 31 5.36593192011
33 32 5.44550242411
34 33 5.62685718147
35 34 5.70737928033
36 35 5.96520528331
37 36 6.12944060529
38 37 6.35729081338
39 38 6.60930809305
40 39 6.89109361101
41 40 6.96684866128
42 41 6.78558472738
43 42 6.47237937915
44 43 6.29118088157
45 44 6.02738278177
46 45 5.87227734136
47 46 5.6494509074
48 47 5.50130590951
49 48 5.31368559258
50 49 5.18745334461
51 50 5.0540859319
52 51 5.08536055809
53 52 5.07663335473
54 53 5.21640976285
55 54 5.37375792881
56 55 5.36477293804
57 56 5.48336699545
58 57 5.47495383615
59 58 5.41601451355
60 59 5.41297390262
61 60 5.4232213152
62 61 5.29807820468
63 62 5.37271706437
64 63 5.48343120011
65 64 5.36730330569
66 65 5.24137241856
67 66 5.3784213954
68 67 5.44698281464
69 68 5.28741937998
70 69 5.28970307686
71 70 5.19277229456
72 71 5.22523077309
73 72 5.20926972832
74 73 5.24331637383
75 74 5.28156298313
76 75 5.12702642497
77 76 5.11041691443
78 77 5.02831243171
79 78 5.04570824982
80 79 5.03501979941
81 80 5.06414848511
82 81 5.17428992472
83 82 5.26965875598
84 83 5.45772226754
85 84 5.51408217556
86 85 5.74271529253
87 86 5.79331508501
88 87 5.58894480059
89 88 5.40195724806
90 89 5.22294178348
91 90 5.08452622729
92 91 5.03645124308
93 92 4.947527854
94 93 4.92351114722
95 94 4.92876941095
96 95 4.94977721693
97 96 4.99634658905
98 97 5.10300025773
99 98 5.1812471938
100 99 5.26220487462
101 100 5.29352609567
102 101 5.25850645791
103 102 5.41604006047
104 103 5.38145558314
105 104 5.25809847334
106 105 5.29146410271
107 106 5.21077391168
108 107 5.17723563662
109 108 5.24217247556
110 109 5.19235180969
111 110 5.10782823965
112 111 5.01415285212
113 112 5.00322905939
114 113 5.03060771166
115 114 5.00932889809
116 115 5.05910964133
117 116 5.14395668291
118 117 5.16777269657
119 118 5.30249674583
120 119 5.31606390485
121 120 5.45750793021
122 121 5.38738539438
123 122 5.47281937496
124 123 5.30884253457
125 124 5.22494457709
126 125 5.07636897031
127 126 5.0149900859
128 127 4.93809388588
129 128 4.9029962793
130 129 4.89268574642
131 130 4.87447441774
132 131 4.9338049027
133 132 4.95707806102
134 133 4.93205905623
135 134 4.87740692203
136 135 4.86263757238
137 136 4.86442840538
138 137 4.91596880245
139 138 4.98663876314
140 139 5.08769641878
141 140 5.22913449589
142 141 5.39246340706
143 142 5.48150177486
144 143 5.66343211772
145 144 5.79299002703
146 145 5.7926551837
147 146 5.63333852917
148 147 5.55723724468
149 148 5.61773624888
150 149 5.57028879989
151 150 5.45674879514
152 151 5.48103545565
153 152 5.37144729022
154 153 5.44403269057
155 154 5.43367894964
156 155 5.26962014648
157 156 5.27488976637
158 157 5.33494713811
159 158 9.45079112089
160 158 9.45079112089
161 158 9.45079112089
162 158 9.45079112089
163 158 9.45079112089
164 158 9.45079112089
165 158 9.45079112089
166 159 4.95920623545
167 160 4.93833597413
168 161 4.9504158909
169 162 5.03223458902
170 163 5.12813014427
171 164 5.13824466474
172 165 5.28336422649
173 166 5.36627793895
174 167 5.54078497257
175 168 5.56860660542
176 169 5.75763728488
177 170 5.78733598629
178 171 5.93372093745
179 172 6.04505252071
180 173 6.17127753181
181 174 6.03790083897
182 175 5.90651319449
183 176 5.71772831027
184 177 5.57551394264
185 178 5.37898158109
186 179 5.25261608784
187 180 5.0992772854
188 181 5.09280563258
189 182 4.98744554587
190 183 5.07289231085
191 184 5.13266162322
192 185 5.00819411124
193 186 5.05878107491
194 187 5.16095876481
195 188 5.31211136569
196 189 5.49846537896
197 190 5.56144691769
198 191 5.77663211529
199 192 5.93074171553
200 193 6.10640325444
201 194 6.33810301724
202 195 6.52465181672
203 196 6.49288218229
204 197 6.62944420939
205 198 6.43458886461
206 199 6.15461499521
207 200 6.05909773643
208 201 5.96135621372
209 202 5.87578173055
210 203 5.83738174224
211 204 5.80735830572
212 205 5.74803478584
213 206 5.8787206983
214 207 5.75864620455
215 208 5.93613940859
216 209 5.8302670867
217 210 5.97849308583
218 211 5.95195027327
219 212 6.03504270254
220 213 5.89624408586
221 214 6.03181311124
222 215 5.97118652594
223 216 6.12446088461
224 217 6.11890705413
225 218 6.24730968636
226 219 6.32323939796
227 220 6.40647241489
228 221 6.65549696638
229 222 6.73572844337
230 223 6.70526849019
231 224 6.53993859031
232 225 6.47631123148
233 226 6.3815355441
234 227 6.212535427
235 228 6.17448702401
236 229 6.01274730978
237 230 6.00421785598
238 231 5.82722888049
239 232 5.60480226135
240 233 5.6606328786
241 234 5.90434239496
242 235 6.07751978815
243 236 6.12259491677
244 237 6.39548983884
245 238 6.52824121576
246 239 6.71238370852
247 240 6.84212543288
248 241 6.84371079755
249 242 7.16015548475
250 243 7.35584527902
251 244 7.40133747289
252 245 7.1762965311
253 246 7.07558785077
254 247 7.1640124986
255 248 6.85588900762
256 249 6.56650173992
257 250 6.42841678868
258 251 6.15567140223
259 252 6.07809927315
260 253 6.14818776546
261 254 6.07827539051
262 255 6.11375967717
263 256 6.21417729911
264 257 6.06028165301
265 258 6.24976506292
266 259 6.47737760599
267 260 6.33532781222
268 261 6.51246428421
269 262 6.44005011057
270 263 6.47283075179
271 264 6.4910655567
272 265 6.44240118616
273 266 6.57015472814
274 267 6.59590099626
275 268 6.86859962287
276 269 6.68703160732
277 270 6.8445170683
278 271 6.74576871487
279 272 6.89191504158
280 273 6.84769883404
281 274 6.85530464512
282 275 6.84608789803
283 276 6.85259912744
284 277 7.1189230366
285 278 7.15997865855
286 279 7.25588063399
287 280 6.93899986014
288 281 7.06181619834
289 282 7.01502045398
290 283 7.23537516984
291 284 7.25039307142
292 285 7.12773022848
293 286 7.33259390049
294 287 7.63646390492
295 288 7.58298064458
296 289 7.65214748313
297 290 16.3031747887
