1 0 3.93458898864
2 1 3.87541055116
3 2 3.73625383949
4 3 3.81240931851
5 4 3.7690721584
6 5 3.6772730909
7 6 3.77782301707
8 7 3.60402075671
9 8 3.60248591925
10 9 3.4096362853
11 10 3.26642113533
12 11 3.25938578287
13 12 3.11637474096
14 13 3.1640670039
15 14 3.31252387808
16 15 3.36202340138
17 16 3.52306693629
18 17 3.63143462462
19 18 3.69585243066
20 19 3.8764498572
21 20 3.78059265053
22 21 3.93185197524
23 22 3.80830596986
24 23 3.63091771977
25 24 3.52185155292
26 25 3.43741221433
27 26 3.32915291971
28 27 3.29939665985
29 28 3.26487886511
30 29 3.44738416779
31 30 3.39859390496
32 31 3.51442635772
33 32 3.5114647589
34 33 3.65921950236
35 34 3.739301216
36 35 3.85516306157
37 36 4.02291174587
38 37 4.09072543901
39 38 4.32487434074
40 39 4.449646382
41 40 4.62831520241
42 41 4.50125029843
43 42 4.28937765391
44 43 4.17162670809
45 44 4.01323459758
46 45 4.10243973115
47 46 4.01380459787
48 47 4.05221631944
49 48 3.95982955632
50 49 3.82738699718
51 50 3.75516172851
52 51 3.62808096426
53 52 3.46570844051
54 53 3.32914291385
55 54 3.33405091736
56 55 3.22122265617
57 56 3.1714343547
58 57 3.1625328023
59 58 3.04238640429
60 59 3.05408931738
61 60 3.18811055647
62 61 3.25892679121
63 62 3.42148905603
64 63 3.44326896683
65 64 3.57921632973
66 65 3.78001417385
67 66 3.8122953125
68 67 3.68835232307
69 68 3.79549622634
70 69 3.76181250845
71 70 3.55829331021
72 71 3.43140055076
73 72 3.25484071647
74 73 3.18043912385
75 74 3.03776320626
76 75 3.04650462064
77 76 2.98519384696
78 77 3.05484693156
79 78 2.93146955097
80 79 3.00644178127
81 80 3.05491230334
82 81 3.21386781315
83 82 3.32195668244
84 83 3.51232442746
85 84 3.68022308424
86 85 3.86649259852
87 86 4.04641909355
88 87 4.23176033608
89 88 4.37240673498
90 89 4.32577065861
91 90 4.41341243896
92 91 4.26267277372
93 92 4.18277892867
94 93 4.23493944169
95 94 4.01456070105
96 95 4.02722875459
97 96 4.00920699065
98 97 3.79781286164
99 98 3.72929014311
100 99 3.53028284264
101 100 3.46404123911
102 101 3.29247379448
103 102 3.16187872056
104 103 3.00418447993
105 104 2.93966935521
106 105 2.81790603147
107 106 2.79164709411
108 107 2.78178136844
109 108 2.7859346901
110 109 2.85261692187
111 110 2.8511737518
112 111 2.84462139044
113 112 2.88956389426
114 113 2.97455429239
115 114 3.05416393937
116 115 3.17086399977
117 116 3.18256223054
118 117 3.33632117857
119 118 3.47977793713
120 119 3.51967256622
121 120 3.35081083511
122 121 3.38713288989
123 122 3.32118437947
124 123 3.15271676064
125 124 3.05307344536
126 125 2.91879838671
127 126 2.85416118874
128 127 2.75950693298
129 128 2.74324461579
130 129 2.70976486205
131 130 2.67661876834
132 131 2.64459486553
133 132 2.6630413745
134 133 2.72352880638
135 134 2.78174449751
136 135 2.88219712238
137 136 2.97329502097
138 137 3.09741579519
139 138 3.24041730408
140 139 3.24742261496
141 140 3.41005381385
142 141 3.53129882698
143 142 3.6479695655
144 143 3.50629882766
145 144 3.46709448309
146 145 3.35368710486
147 146 3.24831334574
148 147 3.1251069113
149 148 2.99590109984
150 149 2.87855758148
151 150 2.88591477893
152 151 2.78997928109
153 152 2.70678891816
154 153 2.67750146816
155 154 2.63226174783
156 155 2.64322350194
157 156 2.61614353766
158 157 2.61983960058
159 158 2.64075465861
160 159 2.6465820997
161 160 2.70551180987
162 161 2.77580607853
163 162 2.81082298315
164 163 2.75026540733
165 164 2.79163045231
166 165 2.71090867084
167 166 2.69395926374
168 167 2.70224282239
169 168 2.71871151085
170 169 2.79080399923
171 170 2.85906678415
172 171 2.96836667382
173 172 3.05227807804
174 173 3.15578755977
175 174 3.31153285418
176 175 3.42262766463
177 176 3.55013029298
178 177 3.611649462
179 178 3.4337143249
180 179 3.30369957614
181 180 3.17469200724
182 181 3.04497079452
183 182 2.95173026554
184 183 2.86457377774
185 184 2.76420189449
186 185 2.7067188809
187 186 2.65021786981
188 187 2.63003474495
189 188 2.62525902584
190 189 2.65269521229
191 190 2.71215848518
192 191 2.75741967224
193 192 2.85347267873
194 193 2.87104855214
195 194 2.98870975662
196 195 3.02753373533
197 196 3.06010624262
198 197 3.16900337498
199 198 3.03146843051
200 199 3.00914574141
201 200 2.8860035036
202 201 2.85640914758
203 202 2.84972864921
204 203 2.82736026653
205 204 2.94395057403
206 205 2.90308152751
207 206 2.8143036773
208 207 2.81625871722
209 208 2.77737678977
210 209 2.73771144576
211 210 2.67199289411
212 211 2.63209867416
213 212 2.61677209029
214 213 2.63910358472
215 214 2.68560381341
216 215 2.74801068542
217 216 2.82260610667
218 217 2.86707676887
219 218 2.99536888807
220 219 3.08227226929
221 220 3.2311728104
222 221 3.40211252936
223 222 3.47509251986
224 223 3.67607188307
225 224 3.80011967506
226 225 3.64950390771
227 226 3.61960487053
228 227 3.42336429044
229 228 3.26629293757
230 229 3.16254210678
231 230 3.01928156449
232 231 2.94716827368
233 232 2.82692093126
234 233 2.78723752794
235 234 2.69671514142
236 235 2.66282708762
237 236 2.63522736804
238 237 2.68221905736
239 238 2.72921201492
240 239 2.82222562324
241 240 2.85506185207
242 241 2.97849159339
243 242 3.00856086941
244 243 3.16099623469
245 244 3.1658813118
246 245 3.32295102297
247 246 3.36174923428
248 247 3.51944779217
249 248 4.64266084747
250 248 4.64266084747
251 248 4.64266084747
252 248 4.64266084747
253 248 4.64266084747
254 248 4.64266084747
255 248 4.64266084747
256 248 4.64266084747
257 248 4.64266084747
258 248 4.64266084747
259 248 4.64266084747
260 248 4.64266084747
261 248 4.64266084747
262 248 4.64266084747
263 248 4.64266084747
264 248 4.64266084747
265 248 4.64266084747
266 248 4.64266084747
267 248 4.64266084747
268 248 4.64266084747
269 248 4.64266084747
270 248 4.64266084747
271 248 4.64266084747
272 248 4.64266084747
273 248 4.64266084747
274 248 4.64266084747
275 248 4.64266084747
276 248 4.64266084747
277 248 4.64266084747
278 248 4.64266084747
279 248 4.64266084747
280 248 4.64266084747
281 248 4.64266084747
282 248 4.64266084747
283 248 4.64266084747
284 248 4.64266084747
285 248 4.64266084747
286 248 4.64266084747
287 248 4.64266084747
288 249 3.06006925529
289 250 3.09449658384
290 251 3.11563876275
291 252 3.25574660192
292 253 3.17697077069
293 254 3.19588230639
294 255 3.07955552197
295 256 3.10903269219
296 257 3.00531843065
297 258 3.09319195371
298 259 2.99417930728
299 260 2.86236798805
300 261 2.84031705692
301 262 2.75373537985
302 263 2.82036580597
303 264 2.79792759528
304 265 2.70749176671
305 266 2.7028687537
306 267 2.7204396505
307 268 2.79116145496
308 269 2.84404781774
309 270 2.94353801212
310 271 2.97595741096
311 272 3.12237318876
312 273 3.25112326303
313 274 3.43961704701
314 275 3.56257007523
315 276 3.61836005657
316 277 3.43448972536
317 278 3.51494862001
318 279 3.38903891195
319 280 3.20707748232
320 281 3.13830763736
321 282 2.99560459968
322 283 2.97081933074
323 284 2.86989538404
324 285 2.83648111907
325 286 2.86834116032
326 287 2.99661191527
327 288 3.03412353623
328 289 3.09972393356
329 290 3.10140517633
330 291 3.22729135417
331 292 3.21832327811
332 293 3.36868394582
333 294 3.38795564378
334 295 3.47335471949
335 296 3.65046589885
336 297 3.53813525284
337 298 3.41125751659
338 299 3.258257188
339 300 3.19470973618
340 301 3.20721101942
341 302 3.16524600722
342 303 3.33124972909
343 304 3.28670722163
344 305 3.17904835593
345 306 3.25420262886
346 307 3.20258623327
347 308 3.3996973139
348 308 3.3996973139
349 308 3.3996973139
