1 0 18.6695433334
2 0 18.6695433334
3 0 18.6695433334
4 0 18.6695433334
5 0 18.6695433334
6 0 18.6695433334
7 0 18.6695433334
8 0 18.6695433334
9 0 18.6695433334
10 0 18.6695433334
11 0 18.6695433334
12 0 18.6695433334
13 0 18.6695433334
14 0 18.6695433334
15 0 18.6695433334
16 0 18.6695433334
17 0 18.6695433334
18 0 18.6695433334
19 0 18.6695433334
20 0 18.6695433334
21 0 18.6695433334
22 0 18.6695433334
23 0 18.6695433334
24 0 18.6695433334
25 0 18.6695433334
26 0 18.6695433334
27 0 18.6695433334
28 0 18.6695433334
29 0 18.6695433334
30 0 18.6695433334
31 0 18.6695433334
32 0 18.6695433334
33 0 18.6695433334
34 0 18.6695433334
35 0 18.6695433334
36 0 18.6695433334
37 0 18.6695433334
38 0 18.6695433334
39 0 18.6695433334
40 0 18.6695433334
41 0 18.6695433334
42 0 18.6695433334
43 0 18.6695433334
44 0 18.6695433334
45 0 18.6695433334
46 0 18.6695433334
47 0 18.6695433334
48 0 18.6695433334
49 0 18.6695433334
50 0 18.6695433334
51 0 18.6695433334
52 0 18.6695433334
53 0 18.6695433334
54 0 18.6695433334
55 0 18.6695433334
56 0 18.6695433334
57 0 18.6695433334
58 0 18.6695433334
59 0 18.6695433334
60 0 18.6695433334
61 0 18.6695433334
62 0 18.6695433334
63 0 18.6695433334
64 1 15.1779125924
65 1 15.1779125924
66 1 15.1779125924
67 1 15.1779125924
68 1 15.1779125924
69 1 15.1779125924
70 1 15.1779125924
71 1 15.1779125924
72 1 15.1779125924
73 1 15.1779125924
74 1 15.1779125924
75 1 15.1779125924
76 1 15.1779125924
77 1 15.1779125924
78 1 15.1779125924
79 1 15.1779125924
80 1 15.1779125924
81 1 15.1779125924
82 1 15.1779125924
83 1 15.1779125924
84 1 15.1779125924
85 1 15.1779125924
86 1 15.1779125924
87 1 15.1779125924
88 1 15.1779125924
89 1 15.1779125924
90 1 15.1779125924
91 1 15.1779125924
92 1 15.1779125924
93 1 15.1779125924
94 1 15.1779125924
95 1 15.1779125924
96 1 15.1779125924
97 1 15.1779125924
98 1 15.1779125924
99 1 15.1779125924
100 1 15.1779125924
101 1 15.1779125924
102 1 15.1779125924
103 1 15.1779125924
104 1 15.1779125924
105 1 15.1779125924
106 1 15.1779125924
107 1 15.1779125924
108 1 15.1779125924
109 1 15.1779125924
110 1 15.1779125924
111 1 15.1779125924
112 1 15.1779125924
113 1 15.1779125924
114 1 15.1779125924
115 1 15.1779125924
116 1 15.1779125924
117 1 15.1779125924
118 1 15.1779125924
119 1 15.1779125924
120 1 15.1779125924
121 1 15.1779125924
122 1 15.1779125924
123 1 15.1779125924
124 1 15.1779125924
125 1 15.1779125924
126 1 15.1779125924
127 2 11.7783831161
128 3 11.7679412467
129 4 12.0020720678
130 5 12.417416216
131 6 13.0203484604
132 7 13.7890378835
133 8 14.066790281
134 9 14.9500529482
135 10 15.5861362333
136 11 16.6454652102
137 12 17.6087831984
138 13 18.0276513911
139 14 18.5322270298
140 15 17.6961549997
141 16 16.4960931765
142 17 16.1562917592
143 18 15.1080099739
144 19 14.418400496
145 20 13.6630828172
146 21 13.3135866881
147 22 12.6076170403
148 23 12.7029609763
149 24 13.4510830162
150 25 13.2909913603
151 26 14.1181081842
152 27 14.5225589236
153 28 14.3825327222
154 29 14.6818976113
155 30 14.4301065525
156 31 14.9949806719
157 32 15.5471159614
158 33 16.1875916389
159 34 17.3279319163
160 35 18.4914640738
161 36 18.8837932201
162 37 18.4190535078
163 38 17.1255669277
164 39 16.8909711818
165 40 16.1001867134
166 41 16.0602913247
167 42 15.7135662713
168 43 14.9739037972
169 44 14.9967474814
170 45 16.2009451935
171 46 16.5677870916
172 47 17.596484883
173 48 12.2416610611
174 48 12.2416610611
175 48 12.2416610611
176 48 12.2416610611
177 48 12.2416610611
178 48 12.2416610611
179 48 12.2416610611
180 48 12.2416610611
181 48 12.2416610611
182 48 12.2416610611
183 48 12.2416610611
184 48 12.2416610611
185 48 12.2416610611
186 48 12.2416610611
187 48 12.2416610611
188 48 12.2416610611
189 48 12.2416610611
190 48 12.2416610611
191 48 12.2416610611
192 48 12.2416610611
193 48 12.2416610611
194 48 12.2416610611
195 48 12.2416610611
196 48 12.2416610611
197 48 12.2416610611
198 48 12.2416610611
199 48 12.2416610611
200 48 12.2416610611
201 49 17.4734057034
202 50 17.5613075866
203 51 17.9898243322
204 52 18.1817680705
205 53 18.6780199114
206 54 19.3136437493
207 55 18.4472763693
208 56 19.3749936425
209 57 20.3601017877
210 58 19.3945023654
211 59 18.3270504308
212 60 17.038933181
213 61 16.251462743
214 62 15.1231971892
215 63 14.6696493415
216 64 13.7602159616
217 65 13.2137318564
218 66 12.9630029268
219 67 13.6142726482
220 68 13.4195118642
221 69 13.735139275
222 70 13.7382698713
223 71 14.1901124972
224 72 14.8309120009
225 73 14.889392107
226 74 14.8350477898
227 75 14.731683769
228 76 15.3672566006
229 77 15.8638756619
230 78 17.1226650379
231 79 18.1685604846
232 80 18.6623130362
233 81 17.4657164995
234 82 16.955956874
235 83 15.8114732151
236 84 16.129136274
237 85 15.578120537
238 86 16.2868186105
239 87 16.2469331807
240 88 16.6161248537
241 89 16.8360374939
242 90 17.6445544361
243 91 18.8807598807
244 92 19.5508585429
245 93 20.7334884776
246 94 20.380558774
247 95 19.2136627317
248 96 17.909112435
249 97 18.087650018
250 98 17.4404468447
251 99 16.3979039052
252 100 16.1363995962
253 101 16.5582306039
254 102 16.4342389642
255 103 16.8817972644
256 104 15.837419853
257 105 16.583035646
258 106 17.9111694592
259 107 18.0745748588
260 108 17.5478974583
261 109 16.2115793456
262 110 15.7877272362
263 111 14.6104756094
264 112 13.8479463045
265 113 12.9471960927
266 114 12.5287829904
267 115 11.9966384312
268 116 11.872187801
269 117 11.7379126664
270 118 11.9528773732
271 119 11.824506273
272 120 12.2208254518
273 121 12.3250140002
274 122 12.8593080619
275 123 13.2213006614
276 124 14.1841588766
277 125 14.8801613707
278 126 16.0873996498
279 127 17.3769375904
280 128 17.3806136839
281 129 16.8516063906
282 130 15.6998982829
283 131 14.5462623408
284 132 14.0586184778
285 133 13.1749560339
286 134 13.1985463945
287 135 12.6808590049
288 136 13.1025034334
289 137 12.7840262499
290 138 12.9666848565
291 139 13.8227406657
292 140 13.7144132604
293 141 13.4945492152
294 142 12.7404983635
295 143 12.3198874313
296 144 12.4038863017
297 145 12.2995922633
298 146 12.4651963113
299 147 13.1555191566
300 148 13.2745920606
301 149 13.9725484066
302 150 14.193812789
303 151 14.6265618207
304 152 15.8393801984
305 153 16.5353420187
306 154 17.0084080615
307 155 18.2968137512
308 156 18.123260596
309 157 17.2658156387
310 158 15.9354655459
311 159 15.6522467412
312 160 14.4677100404
313 161 13.6651546807
314 162 12.8324638262
315 163 12.3389127149
316 164 12.2612101435
317 165 11.837056803
318 166 12.0592006742
319 167 12.361054307
320 168 7.63282164983
321 168 7.63282164983
322 168 7.63282164983
323 168 7.63282164983
324 168 7.63282164983
325 168 7.63282164983
326 168 7.63282164983
327 168 7.63282164983
328 168 7.63282164983
329 168 7.63282164983
330 168 7.63282164983
331 168 7.63282164983
332 168 7.63282164983
333 168 7.63282164983
334 168 7.63282164983
335 168 7.63282164983
336 168 7.63282164983
337 168 7.63282164983
338 169 12.4925875799
339 170 12.2056069203
340 171 12.6370644336
341 172 12.8773647929
342 173 13.613027578
343 174 14.3460807411
344 175 15.0796540376
345 176 16.2354189067
346 177 17.4543116455
347 178 17.9963216033
348 179 17.5413745152
349 180 16.7058682501
350 181 15.4389258148
351 182 15.0953552073
352 183 14.2118260103
353 184 13.7932817388
354 185 13.2318916725
355 186 12.7041460275
356 187 12.9670346336
357 188 13.8786451201
358 189 14.503254201
359 190 15.2400448112
360 191 15.047243381
361 192 14.9633904681
362 193 15.717961313
363 194 16.2662903423
364 195 16.3631043609
365 196 17.4891746337
366 197 16.9671704593
367 198 18.2207965271
368 199 17.7388559027
369 200 19.0421636833
370 201 18.5724865641
371 202 17.6284249857
372 203 16.2616726829
373 204 15.7884747596
374 205 14.6051504352
375 206 13.9195669512
376 207 13.0310854252
377 208 12.6855147717
378 209 12.495517293
379 210 12.1324996128
380 211 12.5316102096
381 212 13.1733624088
382 213 13.4762072346
383 214 13.598678682
384 215 13.6151667662
385 216 13.8902430616
386 217 14.6694563131
387 218 15.1770832451
388 219 16.4061754621
389 220 17.5273097389
390 221 17.9357743922
391 222 16.9439288337
392 223 16.3168012435
393 224 15.1790902222
394 225 15.2378451119
395 226 14.6029347309
396 227 14.9687038139
397 228 14.921918108
398 229 14.6050957043
399 230 15.270690747
400 231 16.2934072924
401 232 16.09625474
402 233 16.7654285913
403 234 16.4877757611
404 235 17.6612093334
405 235 17.6612093334
406 235 17.6612093334
407 235 17.6612093334
408 235 17.6612093334
409 235 17.6612093334
410 235 17.6612093334
411 235 17.6612093334
412 235 17.6612093334
413 235 17.6612093334
414 235 17.6612093334
415 235 17.6612093334
416 235 17.6612093334
417 235 17.6612093334
418 235 17.6612093334
419 235 17.6612093334
420 235 17.6612093334
421 235 17.6612093334
422 235 17.6612093334
423 235 17.6612093334
424 235 17.6612093334
425 235 17.6612093334
426 235 17.6612093334
427 235 17.6612093334
428 235 17.6612093334
429 235 17.6612093334
430 235 17.6612093334
431 235 17.6612093334
432 235 17.6612093334
433 235 17.6612093334
434 236 15.6273355246
435 237 15.9284607124
436 238 15.8220726776
437 239 15.0849611795
438 240 15.7430987767
439 241 15.7978949717
440 242 15.9396506976
441 243 17.0897639527
442 244 17.1570916932
443 245 17.0702740377
444 246 15.7813661749
445 247 15.4611398407
446 248 14.3710924159
447 249 13.6185995007
448 250 12.8010979347
449 251 12.3261171363
450 252 11.9219023951
451 253 11.7523319619
452 254 11.7439934069
453 255 11.8140196857
454 256 12.1458451605
455 257 12.247572262
456 258 12.8170038885
457 259 13.6501921013
458 260 14.4516608048
459 261 13.9708571959
460 262 13.05847224
461 263 12.438028058
462 264 12.458665537
463 265 12.9274786458
464 266 12.5249358747
465 267 13.0855626331
466 268 13.6612896121
467 269 14.4799524275
468 270 15.6406023262
469 271 16.8772424011
470 272 16.6967234395
471 273 16.0577091494
472 274 15.0253541643
473 275 14.0116706896
474 276 13.5354891946
475 277 12.7534788754
476 278 12.8908321896
477 279 12.6956998464
478 280 12.8104671644
479 281 13.4363718375
480 282 13.7505645547
481 283 13.8848212831
482 284 13.8023441129
483 285 13.394659221
484 286 12.6717665391
485 287 12.8553794319
486 288 13.6196055209
487 289 13.8302758553
488 290 14.8339476467
489 291 15.0108474529
490 292 16.2132164034
491 293 16.4421494791
492 294 17.0891433195
493 295 16.7564212372
494 296 15.6363769791
495 297 15.6820694174
496 298 14.5716020592
497 299 13.5758133394
498 300 12.9781550765
499 301 12.3432315754
500 302 12.247201932
501 303 11.8863468269
502 304 12.1768397465
503 305 12.2669178959
504 306 12.0412457589
505 307 12.5356992665
506 308 12.6720105449
507 309 13.4631900708
508 310 14.1385325116
509 311 15.1909252395
510 312 16.1138490812
511 313 17.4540939043
512 314 17.579368001
513 315 16.6663202466
514 316 15.4691323618
515 317 14.6370866959
516 318 13.8209803552
517 319 13.1368045586
518 320 12.6836725657
519 321 12.1012112064
520 322 12.1961152771
521 323 6.78096105026
522 323 6.78096105026
523 323 6.78096105026
524 323 6.78096105026
525 323 6.78096105026
526 323 6.78096105026
527 323 6.78096105026
528 323 6.78096105026
529 323 6.78096105026
530 323 6.78096105026
531 323 6.78096105026
532 323 6.78096105026
533 323 6.78096105026
534 323 6.78096105026
535 323 6.78096105026
536 323 6.78096105026
537 323 6.78096105026
538 323 6.78096105026
539 323 6.78096105026
540 323 6.78096105026
541 323 6.78096105026
542 323 6.78096105026
543 323 6.78096105026
544 323 6.78096105026
545 323 6.78096105026
546 323 6.78096105026
547 323 6.78096105026
548 323 6.78096105026
549 323 6.78096105026
550 323 6.78096105026
551 323 6.78096105026
552 323 6.78096105026
553 323 6.78096105026
554 323 6.78096105026
555 323 6.78096105026
556 323 6.78096105026
557 323 6.78096105026
558 323 6.78096105026
559 323 6.78096105026
560 323 6.78096105026
561 323 6.78096105026
562 323 6.78096105026
563 323 6.78096105026
564 324 11.8110178095
565 324 11.8110178095
566 324 11.8110178095
567 324 11.8110178095
568 324 11.8110178095
569 324 11.8110178095
570 324 11.8110178095
571 324 11.8110178095
572 324 11.8110178095
573 324 11.8110178095
574 324 11.8110178095
575 324 11.8110178095
576 324 11.8110178095
577 324 11.8110178095
578 324 11.8110178095
579 324 11.8110178095
580 324 11.8110178095
581 324 11.8110178095
582 324 11.8110178095
583 324 11.8110178095
584 324 11.8110178095
585 324 11.8110178095
586 324 11.8110178095
587 324 11.8110178095
588 324 11.8110178095
589 324 11.8110178095
590 324 11.8110178095
591 324 11.8110178095
592 324 11.8110178095
593 324 11.8110178095
594 324 11.8110178095
595 324 11.8110178095
596 324 11.8110178095
597 324 11.8110178095
598 324 11.8110178095
599 324 11.8110178095
600 324 11.8110178095
601 324 11.8110178095
602 324 11.8110178095
603 324 11.8110178095
604 324 11.8110178095
605 324 11.8110178095
606 324 11.8110178095
607 324 11.8110178095
608 324 11.8110178095
609 324 11.8110178095
610 324 11.8110178095
611 324 11.8110178095
612 324 11.8110178095
613 324 11.8110178095
614 324 11.8110178095
615 324 11.8110178095
616 324 11.8110178095
617 324 11.8110178095
618 324 11.8110178095
619 324 11.8110178095
620 324 11.8110178095
621 324 11.8110178095
622 324 11.8110178095
623 324 11.8110178095
624 324 11.8110178095
625 324 11.8110178095
626 324 11.8110178095
627 324 11.8110178095
628 324 11.8110178095
629 324 11.8110178095
630 324 11.8110178095
631 324 11.8110178095
632 324 11.8110178095
633 324 11.8110178095
634 324 11.8110178095
635 324 11.8110178095
636 324 11.8110178095
637 324 11.8110178095
638 324 11.8110178095
639 324 11.8110178095
640 324 11.8110178095
641 324 11.8110178095
642 324 11.8110178095
643 324 11.8110178095
644 324 11.8110178095
645 324 11.8110178095
646 324 11.8110178095
647 324 11.8110178095
648 324 11.8110178095
649 324 11.8110178095
650 324 11.8110178095
651 324 11.8110178095
652 324 11.8110178095
653 324 11.8110178095
654 324 11.8110178095
655 324 11.8110178095
656 324 11.8110178095
657 324 11.8110178095
658 324 11.8110178095
659 324 11.8110178095
660 324 11.8110178095
661 324 11.8110178095
662 324 11.8110178095
663 325 9.01404672878
664 325 9.01404672878
665 325 9.01404672878
666 325 9.01404672878
667 325 9.01404672878
668 325 9.01404672878
669 325 9.01404672878
670 325 9.01404672878
671 325 9.01404672878
672 325 9.01404672878
673 325 9.01404672878
674 325 9.01404672878
675 325 9.01404672878
676 325 9.01404672878
677 325 9.01404672878
678 325 9.01404672878
679 325 9.01404672878
680 325 9.01404672878
681 325 9.01404672878
682 325 9.01404672878
683 325 9.01404672878
684 325 9.01404672878
685 325 9.01404672878
686 325 9.01404672878
687 325 9.01404672878
688 325 9.01404672878
689 325 9.01404672878
690 325 9.01404672878
691 325 9.01404672878
692 325 9.01404672878
693 325 9.01404672878
694 325 9.01404672878
695 325 9.01404672878
696 325 9.01404672878
697 325 9.01404672878
698 325 9.01404672878
699 325 9.01404672878
700 325 9.01404672878
701 325 9.01404672878
702 325 9.01404672878
703 325 9.01404672878
704 325 9.01404672878
705 325 9.01404672878
706 325 9.01404672878
707 325 9.01404672878
708 325 9.01404672878
709 325 9.01404672878
710 325 9.01404672878
711 325 9.01404672878
712 325 9.01404672878
713 325 9.01404672878
714 325 9.01404672878
715 325 9.01404672878
716 325 9.01404672878
717 325 9.01404672878
718 325 9.01404672878
719 325 9.01404672878
720 325 9.01404672878
721 325 9.01404672878
722 325 9.01404672878
723 325 9.01404672878
724 325 9.01404672878
725 325 9.01404672878
726 325 9.01404672878
727 325 9.01404672878
728 325 9.01404672878
729 325 9.01404672878
730 325 9.01404672878
731 325 9.01404672878
732 325 9.01404672878
733 325 9.01404672878
734 325 9.01404672878
735 325 9.01404672878
736 325 9.01404672878
737 325 9.01404672878
738 325 9.01404672878
739 325 9.01404672878
740 325 9.01404672878
741 325 9.01404672878
742 325 9.01404672878
743 325 9.01404672878
744 325 9.01404672878
745 325 9.01404672878
746 325 9.01404672878
747 325 9.01404672878
748 325 9.01404672878
749 325 9.01404672878
750 325 9.01404672878
751 325 9.01404672878
752 325 9.01404672878
753 325 9.01404672878
754 325 9.01404672878
755 325 9.01404672878
756 325 9.01404672878
757 325 9.01404672878
758 325 9.01404672878
759 325 9.01404672878
760 325 9.01404672878
761 325 9.01404672878
762 326 10.5315570993
763 326 10.5315570993
764 326 10.5315570993
765 326 10.5315570993
766 326 10.5315570993
767 326 10.5315570993
768 326 10.5315570993
769 326 10.5315570993
770 326 10.5315570993
771 326 10.5315570993
772 326 10.5315570993
773 326 10.5315570993
774 326 10.5315570993
775 326 10.5315570993
776 326 10.5315570993
777 326 10.5315570993
778 326 10.5315570993
779 326 10.5315570993
780 326 10.5315570993
781 326 10.5315570993
782 326 10.5315570993
783 326 10.5315570993
784 326 10.5315570993
785 326 10.5315570993
786 326 10.5315570993
787 326 10.5315570993
788 326 10.5315570993
789 326 10.5315570993
790 326 10.5315570993
791 326 10.5315570993
792 326 10.5315570993
793 326 10.5315570993
794 326 10.5315570993
795 326 10.5315570993
796 326 10.5315570993
797 326 10.5315570993
798 326 10.5315570993
799 326 10.5315570993
800 326 10.5315570993
801 326 10.5315570993
802 326 10.5315570993
803 326 10.5315570993
804 326 10.5315570993
805 326 10.5315570993
806 326 10.5315570993
807 326 10.5315570993
808 326 10.5315570993
809 326 10.5315570993
810 326 10.5315570993
811 326 10.5315570993
812 326 10.5315570993
813 326 10.5315570993
814 326 10.5315570993
815 326 10.5315570993
816 326 10.5315570993
817 326 10.5315570993
818 326 10.5315570993
819 326 10.5315570993
820 326 10.5315570993
821 326 10.5315570993
822 326 10.5315570993
823 326 10.5315570993
824 326 10.5315570993
825 326 10.5315570993
826 326 10.5315570993
827 326 10.5315570993
828 326 10.5315570993
829 326 10.5315570993
830 326 10.5315570993
831 326 10.5315570993
832 326 10.5315570993
833 326 10.5315570993
834 326 10.5315570993
835 326 10.5315570993
836 326 10.5315570993
837 326 10.5315570993
838 326 10.5315570993
839 326 10.5315570993
840 326 10.5315570993
841 326 10.5315570993
842 326 10.5315570993
843 326 10.5315570993
844 326 10.5315570993
845 326 10.5315570993
846 326 10.5315570993
847 326 10.5315570993
848 326 10.5315570993
849 326 10.5315570993
850 326 10.5315570993
851 326 10.5315570993
852 326 10.5315570993
853 326 10.5315570993
854 326 10.5315570993
855 326 10.5315570993
856 326 10.5315570993
857 326 10.5315570993
858 326 10.5315570993
859 326 10.5315570993
860 326 10.5315570993
861 327 6.60314523091
862 327 6.60314523091
863 327 6.60314523091
864 327 6.60314523091
865 327 6.60314523091
866 327 6.60314523091
867 327 6.60314523091
868 327 6.60314523091
869 327 6.60314523091
870 327 6.60314523091
871 327 6.60314523091
872 327 6.60314523091
873 327 6.60314523091
874 327 6.60314523091
875 327 6.60314523091
876 327 6.60314523091
877 327 6.60314523091
878 327 6.60314523091
879 327 6.60314523091
880 327 6.60314523091
881 327 6.60314523091
882 327 6.60314523091
883 327 6.60314523091
884 327 6.60314523091
885 327 6.60314523091
886 327 6.60314523091
887 327 6.60314523091
888 327 6.60314523091
889 327 6.60314523091
890 327 6.60314523091
891 327 6.60314523091
892 327 6.60314523091
893 327 6.60314523091
894 327 6.60314523091
895 327 6.60314523091
896 327 6.60314523091
897 327 6.60314523091
898 327 6.60314523091
899 327 6.60314523091
900 327 6.60314523091
901 327 6.60314523091
902 327 6.60314523091
903 327 6.60314523091
904 327 6.60314523091
905 327 6.60314523091
906 327 6.60314523091
907 327 6.60314523091
908 327 6.60314523091
909 327 6.60314523091
910 327 6.60314523091
911 327 6.60314523091
912 327 6.60314523091
913 327 6.60314523091
914 327 6.60314523091
915 327 6.60314523091
916 327 6.60314523091
917 327 6.60314523091
918 327 6.60314523091
919 327 6.60314523091
920 327 6.60314523091
921 327 6.60314523091
922 327 6.60314523091
923 327 6.60314523091
924 327 6.60314523091
925 327 6.60314523091
926 327 6.60314523091
927 327 6.60314523091
928 327 6.60314523091
929 327 6.60314523091
930 327 6.60314523091
931 327 6.60314523091
932 327 6.60314523091
933 327 6.60314523091
934 327 6.60314523091
935 327 6.60314523091
936 327 6.60314523091
937 327 6.60314523091
938 327 6.60314523091
939 327 6.60314523091
940 327 6.60314523091
941 327 6.60314523091
942 327 6.60314523091
943 327 6.60314523091
944 327 6.60314523091
945 327 6.60314523091
946 327 6.60314523091
947 327 6.60314523091
948 327 6.60314523091
949 327 6.60314523091
950 327 6.60314523091
951 327 6.60314523091
952 327 6.60314523091
953 327 6.60314523091
954 327 6.60314523091
955 327 6.60314523091
956 327 6.60314523091
957 327 6.60314523091
958 327 6.60314523091
959 327 6.60314523091
960 328 15.1412837372
961 328 15.1412837372
962 328 15.1412837372
963 328 15.1412837372
964 328 15.1412837372
965 328 15.1412837372
966 328 15.1412837372
967 328 15.1412837372
968 328 15.1412837372
969 328 15.1412837372
970 328 15.1412837372
971 328 15.1412837372
972 328 15.1412837372
973 328 15.1412837372
974 328 15.1412837372
975 328 15.1412837372
976 328 15.1412837372
977 328 15.1412837372
978 328 15.1412837372
979 328 15.1412837372
980 328 15.1412837372
981 328 15.1412837372
982 328 15.1412837372
983 328 15.1412837372
984 328 15.1412837372
985 328 15.1412837372
986 328 15.1412837372
987 328 15.1412837372
988 328 15.1412837372
989 328 15.1412837372
990 328 15.1412837372
991 328 15.1412837372
992 328 15.1412837372
993 328 15.1412837372
994 328 15.1412837372
995 328 15.1412837372
996 328 15.1412837372
997 328 15.1412837372
998 328 15.1412837372
999 328 15.1412837372
1000 328 15.1412837372
1001 328 15.1412837372
1002 328 15.1412837372
1003 328 15.1412837372
1004 328 15.1412837372
1005 328 15.1412837372
1006 328 15.1412837372
1007 328 15.1412837372
1008 328 15.1412837372
1009 328 15.1412837372
1010 328 15.1412837372
1011 328 15.1412837372
1012 328 15.1412837372
1013 328 15.1412837372
1014 328 15.1412837372
1015 328 15.1412837372
1016 328 15.1412837372
1017 328 15.1412837372
1018 328 15.1412837372
1019 328 15.1412837372
1020 328 15.1412837372
1021 328 15.1412837372
1022 328 15.1412837372
1023 328 15.1412837372
1024 328 15.1412837372
1025 328 15.1412837372
1026 328 15.1412837372
1027 328 15.1412837372
1028 328 15.1412837372
1029 328 15.1412837372
1030 328 15.1412837372
1031 328 15.1412837372
1032 328 15.1412837372
1033 328 15.1412837372
1034 328 15.1412837372
1035 328 15.1412837372
1036 328 15.1412837372
1037 328 15.1412837372
1038 328 15.1412837372
1039 328 15.1412837372
1040 328 15.1412837372
1041 328 15.1412837372
1042 328 15.1412837372
1043 328 15.1412837372
1044 328 15.1412837372
1045 328 15.1412837372
1046 328 15.1412837372
1047 328 15.1412837372
1048 328 15.1412837372
1049 328 15.1412837372
1050 328 15.1412837372
1051 328 15.1412837372
1052 328 15.1412837372
1053 328 15.1412837372
1054 328 15.1412837372
1055 328 15.1412837372
1056 328 15.1412837372
1057 328 15.1412837372
1058 328 15.1412837372
1059 329 15.9825804765
1060 329 15.9825804765
1061 329 15.9825804765
1062 329 15.9825804765
1063 329 15.9825804765
1064 329 15.9825804765
1065 329 15.9825804765
1066 329 15.9825804765
1067 329 15.9825804765
1068 329 15.9825804765
1069 329 15.9825804765
1070 329 15.9825804765
1071 329 15.9825804765
1072 329 15.9825804765
1073 329 15.9825804765
1074 329 15.9825804765
1075 329 15.9825804765
1076 329 15.9825804765
1077 329 15.9825804765
1078 329 15.9825804765
1079 329 15.9825804765
1080 329 15.9825804765
1081 329 15.9825804765
1082 329 15.9825804765
1083 329 15.9825804765
1084 329 15.9825804765
1085 329 15.9825804765
1086 329 15.9825804765
1087 329 15.9825804765
1088 329 15.9825804765
1089 329 15.9825804765
1090 329 15.9825804765
1091 329 15.9825804765
1092 329 15.9825804765
1093 329 15.9825804765
1094 329 15.9825804765
1095 329 15.9825804765
1096 329 15.9825804765
1097 329 15.9825804765
1098 329 15.9825804765
1099 329 15.9825804765
1100 329 15.9825804765
1101 329 15.9825804765
1102 329 15.9825804765
1103 329 15.9825804765
1104 329 15.9825804765
1105 329 15.9825804765
1106 329 15.9825804765
1107 329 15.9825804765
1108 329 15.9825804765
1109 329 15.9825804765
1110 329 15.9825804765
1111 329 15.9825804765
1112 329 15.9825804765
1113 329 15.9825804765
1114 329 15.9825804765
1115 329 15.9825804765
1116 329 15.9825804765
1117 329 15.9825804765
1118 329 15.9825804765
1119 329 15.9825804765
1120 329 15.9825804765
1121 329 15.9825804765
1122 329 15.9825804765
1123 329 15.9825804765
1124 329 15.9825804765
1125 329 15.9825804765
1126 329 15.9825804765
1127 329 15.9825804765
1128 329 15.9825804765
1129 329 15.9825804765
1130 329 15.9825804765
1131 329 15.9825804765
1132 329 15.9825804765
1133 329 15.9825804765
1134 329 15.9825804765
1135 329 15.9825804765
1136 329 15.9825804765
1137 329 15.9825804765
1138 329 15.9825804765
1139 329 15.9825804765
1140 329 15.9825804765
1141 329 15.9825804765
1142 329 15.9825804765
1143 329 15.9825804765
1144 329 15.9825804765
1145 329 15.9825804765
1146 329 15.9825804765
1147 329 15.9825804765
1148 329 15.9825804765
1149 329 15.9825804765
1150 329 15.9825804765
1151 329 15.9825804765
1152 329 15.9825804765
1153 329 15.9825804765
1154 329 15.9825804765
1155 329 15.9825804765
1156 330 18.6092266611
1157 330 18.6092266611
1158 330 18.6092266611
1159 330 18.6092266611
1160 330 18.6092266611
1161 330 18.6092266611
1162 330 18.6092266611
1163 330 18.6092266611
1164 330 18.6092266611
1165 330 18.6092266611
1166 330 18.6092266611
1167 330 18.6092266611
1168 330 18.6092266611
1169 330 18.6092266611
1170 330 18.6092266611
1171 330 18.6092266611
1172 330 18.6092266611
1173 330 18.6092266611
1174 330 18.6092266611
1175 330 18.6092266611
1176 330 18.6092266611
1177 330 18.6092266611
1178 330 18.6092266611
1179 330 18.6092266611
1180 330 18.6092266611
1181 330 18.6092266611
1182 330 18.6092266611
1183 330 18.6092266611
1184 330 18.6092266611
1185 330 18.6092266611
1186 330 18.6092266611
1187 330 18.6092266611
1188 330 18.6092266611
1189 330 18.6092266611
1190 330 18.6092266611
1191 330 18.6092266611
1192 330 18.6092266611
1193 330 18.6092266611
1194 330 18.6092266611
1195 330 18.6092266611
1196 330 18.6092266611
1197 330 18.6092266611
1198 330 18.6092266611
1199 330 18.6092266611
1200 330 18.6092266611
1201 330 18.6092266611
1202 330 18.6092266611
1203 330 18.6092266611
1204 330 18.6092266611
1205 330 18.6092266611
1206 330 18.6092266611
1207 330 18.6092266611
1208 330 18.6092266611
1209 330 18.6092266611
1210 330 18.6092266611
1211 330 18.6092266611
1212 330 18.6092266611
1213 330 18.6092266611
1214 330 18.6092266611
1215 330 18.6092266611
1216 330 18.6092266611
1217 330 18.6092266611
1218 331 8.7008552686
1219 331 8.7008552686
1220 331 8.7008552686
1221 331 8.7008552686
1222 331 8.7008552686
1223 331 8.7008552686
1224 331 8.7008552686
1225 331 8.7008552686
1226 331 8.7008552686
1227 331 8.7008552686
1228 331 8.7008552686
1229 331 8.7008552686
1230 331 8.7008552686
1231 331 8.7008552686
1232 331 8.7008552686
1233 331 8.7008552686
1234 331 8.7008552686
1235 331 8.7008552686
1236 331 8.7008552686
1237 331 8.7008552686
1238 331 8.7008552686
1239 331 8.7008552686
1240 331 8.7008552686
1241 331 8.7008552686
1242 331 8.7008552686
1243 331 8.7008552686
1244 331 8.7008552686
1245 331 8.7008552686
1246 331 8.7008552686
1247 331 8.7008552686
1248 331 8.7008552686
1249 331 8.7008552686
1250 331 8.7008552686
1251 331 8.7008552686
1252 331 8.7008552686
1253 331 8.7008552686
1254 331 8.7008552686
1255 331 8.7008552686
1256 331 8.7008552686
1257 331 8.7008552686
1258 331 8.7008552686
1259 331 8.7008552686
1260 331 8.7008552686
1261 331 8.7008552686
1262 331 8.7008552686
1263 331 8.7008552686
1264 331 8.7008552686
1265 331 8.7008552686
1266 331 8.7008552686
1267 331 8.7008552686
1268 331 8.7008552686
1269 331 8.7008552686
1270 331 8.7008552686
1271 331 8.7008552686
1272 331 8.7008552686
1273 331 8.7008552686
1274 331 8.7008552686
1275 331 8.7008552686
1276 331 8.7008552686
1277 331 8.7008552686
1278 331 8.7008552686
1279 331 8.7008552686
1280 332 6.58855416112
1281 333 6.45895719335
1282 334 6.03202487804
1283 335 5.60002450763
1284 336 4.92137498068
1285 337 4.68571103879
1286 338 4.93554290524
1287 339 5.1338394618
1288 340 5.8674126159
1289 341 6.66014767483
1290 342 6.9777369633
1291 343 7.47415685028
1292 344 6.99587808314
1293 345 5.99525578272
1294 346 5.63999549656
1295 347 5.29634919568
1296 348 6.14549808475
1297 349 6.62258180254
1298 350 6.27084416732
1299 351 6.42403027801
1300 352 7.34991405254
1301 353 7.18560269832
1302 354 7.69407770894
1303 355 7.23712479331
1304 356 7.86936658937
1305 357 7.61804374465
1306 358 7.52547065326
1307 359 7.73667920052
1308 360 7.45022252907
1309 361 7.95355989461
1310 362 7.06890458836
1311 363 7.45720542796
1312 364 6.71458524543
1313 365 6.95200432544
1314 366 6.31770329421
1315 367 6.27890571966
1316 368 6.6424814757
1317 369 5.97835758084
1318 370 5.3297315872
1319 371 5.64056990796
1320 372 5.91789923186
1321 373 5.14193686651
1322 374 4.98059903065
1323 375 5.6424587156
1324 376 5.70187963682
1325 377 5.03340750559
1326 378 5.22265601812
1327 379 4.76115670871
1328 380 5.01234373866
1329 381 5.66750484473
1330 382 5.59709022528
1331 383 5.47711576604
1332 384 4.88157111313
1333 385 4.91578388146
1334 386 5.27704602528
1335 387 5.52591183606
1336 388 5.37862483242
1337 389 6.16908625821
1338 390 6.5851390269
1339 391 6.61413653984
1340 392 7.56911926394
1341 393 7.93673061391
