1 0 14.8754924514
2 0 14.8754924514
3 0 14.8754924514
4 0 14.8754924514
5 0 14.8754924514
6 0 14.8754924514
7 0 14.8754924514
8 0 14.8754924514
9 0 14.8754924514
10 0 14.8754924514
11 0 14.8754924514
12 0 14.8754924514
13 0 14.8754924514
14 0 14.8754924514
15 0 14.8754924514
16 0 14.8754924514
17 0 14.8754924514
18 0 14.8754924514
19 0 14.8754924514
20 0 14.8754924514
21 0 14.8754924514
22 0 14.8754924514
23 0 14.8754924514
24 0 14.8754924514
25 0 14.8754924514
26 0 14.8754924514
27 0 14.8754924514
28 0 14.8754924514
29 0 14.8754924514
30 0 14.8754924514
31 0 14.8754924514
32 0 14.8754924514
33 0 14.8754924514
34 0 14.8754924514
35 0 14.8754924514
36 0 14.8754924514
37 0 14.8754924514
38 0 14.8754924514
39 0 14.8754924514
40 0 14.8754924514
41 0 14.8754924514
42 0 14.8754924514
43 0 14.8754924514
44 0 14.8754924514
45 1 7.49809485
46 2 7.1420159845
47 3 7.918277121
48 4 8.16396357419
49 5 7.82727821231
50 6 8.6154347784
51 7 8.51471256498
52 8 9.4836443811
53 9 9.8548847684
54 10 9.23669499277
55 11 9.56554387269
56 12 9.75317646867
57 13 10.403099097
58 14 10.5522324171
59 15 11.3467006488
60 16 11.7154744043
61 17 13.0990611112
62 18 13.7922754868
63 19 14.5954263455
64 20 13.4709745119
65 21 12.1156173626
66 22 10.896994109
67 23 11.843368381
68 24 11.3208343209
69 25 11.8837708132
70 26 11.0658789771
71 27 11.4751331224
72 28 11.0467281034
73 29 11.0243661871
74 30 12.0393191505
75 31 12.9993052558
76 32 12.9340889195
77 33 12.7312020565
78 34 12.3513565604
79 35 12.3657304971
80 36 11.5469752496
81 37 11.3418912779
82 38 10.011409408
83 39 10.1230900325
84 40 10.7929195898
85 41 10.0595560839
86 42 11.3556547621
87 43 12.5556268097
88 44 24.3505496405
89 44 24.3505496405
90 44 24.3505496405
91 44 24.3505496405
92 44 24.3505496405
93 44 24.3505496405
94 44 24.3505496405
95 44 24.3505496405
96 44 24.3505496405
97 44 24.3505496405
98 44 24.3505496405
99 44 24.3505496405
100 44 24.3505496405
101 44 24.3505496405
102 44 24.3505496405
103 44 24.3505496405
104 44 24.3505496405
105 44 24.3505496405
106 44 24.3505496405
107 44 24.3505496405
108 44 24.3505496405
109 44 24.3505496405
110 44 24.3505496405
111 44 24.3505496405
112 44 24.3505496405
113 44 24.3505496405
114 44 24.3505496405
115 44 24.3505496405
116 44 24.3505496405
117 44 24.3505496405
118 44 24.3505496405
119 44 24.3505496405
120 44 24.3505496405
121 44 24.3505496405
122 44 24.3505496405
123 44 24.3505496405
124 45 12.6396734363
125 46 13.8459167012
126 47 13.7476699344
127 48 14.4782093957
128 49 14.7415048868
129 50 14.8130937501
130 51 15.1031916632
131 52 21.5001270085
132 52 21.5001270085
133 52 21.5001270085
134 52 21.5001270085
135 52 21.5001270085
136 52 21.5001270085
137 52 21.5001270085
138 52 21.5001270085
139 52 21.5001270085
140 52 21.5001270085
141 52 21.5001270085
142 52 21.5001270085
143 52 21.5001270085
144 52 21.5001270085
145 52 21.5001270085
146 52 21.5001270085
147 52 21.5001270085
148 52 21.5001270085
149 53 14.0476505417
150 54 13.3596320884
151 55 12.0512255983
152 56 12.3141391772
153 57 11.2978668524
154 58 11.9338037209
155 59 12.5584346818
156 60 13.1708154523
157 61 14.1427111399
158 62 15.6096669449
159 63 15.8030089159
160 64 17.4261919505
161 65 17.5577849114
162 66 16.3246850559
163 67 15.0026951492
164 68 14.8944866397
165 69 14.0756532799
166 70 13.6757969776
167 71 13.1829916806
168 72 12.0108477533
169 73 11.3181038406
170 74 11.7376245848
171 75 12.9061157422
172 76 13.5099714357
173 77 14.9223401555
174 78 15.1650476487
175 79 15.9283467574
176 80 15.6974355038
177 81 16.1811455691
178 82 16.4214302753
179 83 16.6628953758
180 84 16.9693862072
181 85 15.9368478216
182 86 17.0274688757
183 87 18.0295875844
184 88 16.7692220538
185 89 17.7252319984
186 90 18.9065032427
187 91 20.102740578
188 92 21.4876056169
189 93 21.3554934798
190 94 20.0832997953
191 95 19.6005145222
192 96 18.5597861781
193 97 18.9050390708
194 98 18.4633742558
195 99 18.0791830812
196 100 17.9822254619
197 101 17.0777217376
198 102 16.2049137446
199 103 15.4041727695
200 104 15.2782919359
201 105 13.7823923993
202 106 12.8425820806
203 107 12.8490696156
204 108 11.4646654158
205 109 11.8174930727
206 110 13.0417969046
207 111 13.4982209281
208 112 14.84276656
209 113 15.9019298141
210 114 16.2338100693
211 115 17.8723714271
212 116 18.1195359066
213 117 17.7901154671
214 118 16.6331445482
215 119 15.4053595047
216 120 13.9846730149
217 121 13.06458633
218 122 12.8730716535
219 123 13.0144990075
220 124 12.3303303285
221 125 13.4515785578
222 126 13.8876730085
223 127 15.3075420309
224 128 16.3394326687
225 129 17.3080048791
226 130 18.5635779098
227 131 19.1369527889
228 132 20.6438824355
229 133 20.6740970048
230 134 19.4367823062
231 135 18.4105925781
232 136 17.5437022915
233 137 16.0317407945
234 138 14.812121781
235 139 14.0192378236
236 140 12.7531297759
237 141 11.508258995
238 142 10.7442867618
239 143 10.4605306802
240 144 10.8080843936
241 145 11.0832721903
242 146 10.208444847
243 147 10.7672426713
244 148 12.0204551349
245 149 12.4217487826
246 150 13.8023960358
247 151 13.9525964068
248 152 14.4312352182
249 153 15.3846671832
250 154 16.0780810914
251 155 15.9906824811
252 156 16.7279692292
253 157 15.2643708659
254 158 13.8834920761
255 159 12.422354498
256 160 11.6621538934
257 161 10.2365696774
258 162 9.83255985316
259 163 8.9441956584
260 164 9.18129637978
261 165 8.50506101775
262 166 9.56350016498
263 167 10.5210042907
264 168 11.8763376926
265 169 13.0945888268
266 170 14.4237989985
267 171 15.9653045131
268 172 17.0499762054
269 173 18.1611932764
270 174 17.1120660355
271 175 16.4189239599
272 176 15.1220558637
273 177 16.3977501045
274 177 16.3977501045
275 177 16.3977501045
276 177 16.3977501045
277 177 16.3977501045
278 177 16.3977501045
279 177 16.3977501045
280 177 16.3977501045
281 177 16.3977501045
282 177 16.3977501045
283 177 16.3977501045
284 177 16.3977501045
285 178 14.7391988608
286 179 14.0725170469
287 180 12.9924313479
288 181 11.6181021543
289 182 10.6041269478
290 183 9.34020486491
291 184 8.63208296765
292 185 7.76824962119
293 186 7.27772285261
294 187 6.9040406793
295 188 7.38290422465
296 189 7.73190367875
297 190 7.05846721653
298 191 6.73383030521
299 192 6.56175182541
300 193 6.71423890925
301 194 7.36452845769
302 195 7.23446201427
303 196 7.73450425695
304 197 8.43993023908
305 198 8.45355654443
306 199 9.12510824903
307 200 9.90552318089
308 201 10.5639233733
309 202 11.6442555392
310 203 11.7894469303
311 204 12.928311474
312 205 13.586663391
313 206 13.2345836844
314 207 13.6333687811
315 208 13.0961856069
316 209 11.7351865095
317 210 10.7899033008
318 211 9.56023058017
319 212 8.7121968307
320 213 7.73194931076
321 214 7.21591792838
322 215 6.73417545569
323 216 6.37384561897
324 217 6.27664193126
325 218 6.72803918302
326 219 7.45098553891
327 220 8.32538295674
328 221 9.45806917087
329 222 10.4282416367
330 223 11.8302883786
331 224 12.5902338706
332 225 13.0910350191
333 226 14.3200426344
334 227 5.90889452647
335 227 5.90889452647
336 227 5.90889452647
337 227 5.90889452647
338 227 5.90889452647
339 227 5.90889452647
340 227 5.90889452647
341 227 5.90889452647
342 227 5.90889452647
343 227 5.90889452647
344 227 5.90889452647
345 227 5.90889452647
346 227 5.90889452647
347 227 5.90889452647
348 227 5.90889452647
349 227 5.90889452647
350 227 5.90889452647
351 227 5.90889452647
352 227 5.90889452647
353 227 5.90889452647
354 227 5.90889452647
355 227 5.90889452647
356 228 11.301530175
357 229 10.8439964386
358 230 9.92384334886
359 231 10.3717943419
360 232 9.21924954035
361 233 8.05969560261
362 234 7.48745054232
363 235 6.77350705672
364 236 6.43240311456
365 237 6.11129550976
366 238 6.03699760651
367 239 6.17573846417
368 240 6.56639315897
369 241 6.78137771148
370 242 7.53061079551
371 243 7.99736546375
372 244 8.22930853597
373 245 9.22356729502
374 246 9.99102947096
375 247 10.0453296843
376 248 11.4005844524
377 249 11.4101533596
378 250 10.1975847243
379 251 10.4465190961
380 252 9.16407986816
381 253 9.24126514246
382 254 9.1874289671
383 255 8.35069839263
384 256 8.88276845297
385 257 8.100521311
386 258 7.33479234014
387 259 6.93313872312
388 260 6.50299009385
389 261 6.73247718244
390 262 6.32608304587
391 263 6.38231597278
392 264 6.10724424692
393 265 6.38118459843
394 266 6.56389000001
395 267 7.04919876836
396 268 7.76888328555
397 269 7.32362508213
398 270 7.22808783296
399 271 6.72774059768
400 272 6.57365614635
401 273 6.85894702153
402 274 7.28518729992
403 275 8.13491838004
404 276 8.72565779758
405 277 8.89668865825
406 278 9.96057895374
407 279 10.4283665575
408 280 11.6045634306
409 281 12.7625067266
410 282 13.0613070173
411 283 11.9603426697
412 284 11.0448741377
413 285 9.82294802306
414 286 8.84988803694
415 287 8.84809536156
416 288 8.24297681446
417 289 8.46561724997
418 290 7.78205498189
419 291 8.12084925401
420 292 7.99873935564
421 293 8.11203070687
422 294 8.29895492003
423 295 8.21934768059
424 296 7.42573957734
425 297 7.71972748723
426 298 7.44615719332
427 299 7.82066656241
428 299 7.82066656241
429 299 7.82066656241
430 299 7.82066656241
431 299 7.82066656241
432 299 7.82066656241
433 299 7.82066656241
434 299 7.82066656241
435 299 7.82066656241
436 299 7.82066656241
437 299 7.82066656241
438 299 7.82066656241
439 299 7.82066656241
440 299 7.82066656241
441 299 7.82066656241
442 299 7.82066656241
443 299 7.82066656241
444 299 7.82066656241
445 299 7.82066656241
446 299 7.82066656241
447 299 7.82066656241
448 299 7.82066656241
449 299 7.82066656241
450 299 7.82066656241
451 299 7.82066656241
452 299 7.82066656241
453 299 7.82066656241
454 299 7.82066656241
455 299 7.82066656241
456 299 7.82066656241
457 299 7.82066656241
458 299 7.82066656241
459 299 7.82066656241
460 299 7.82066656241
461 299 7.82066656241
462 299 7.82066656241
463 299 7.82066656241
464 299 7.82066656241
465 299 7.82066656241
466 299 7.82066656241
467 299 7.82066656241
468 299 7.82066656241
469 299 7.82066656241
470 299 7.82066656241
471 299 7.82066656241
472 299 7.82066656241
473 299 7.82066656241
474 299 7.82066656241
475 299 7.82066656241
476 299 7.82066656241
477 299 7.82066656241
478 299 7.82066656241
479 299 7.82066656241
480 299 7.82066656241
481 299 7.82066656241
482 299 7.82066656241
483 299 7.82066656241
484 299 7.82066656241
485 299 7.82066656241
486 299 7.82066656241
487 299 7.82066656241
488 299 7.82066656241
489 299 7.82066656241
490 299 7.82066656241
491 300 2.81960649381
492 300 2.81960649381
493 300 2.81960649381
494 300 2.81960649381
495 300 2.81960649381
496 300 2.81960649381
497 300 2.81960649381
498 300 2.81960649381
499 300 2.81960649381
500 300 2.81960649381
501 300 2.81960649381
502 300 2.81960649381
503 300 2.81960649381
504 300 2.81960649381
505 300 2.81960649381
506 300 2.81960649381
507 300 2.81960649381
508 300 2.81960649381
509 300 2.81960649381
510 300 2.81960649381
511 300 2.81960649381
512 300 2.81960649381
513 300 2.81960649381
514 300 2.81960649381
515 300 2.81960649381
516 300 2.81960649381
517 300 2.81960649381
518 300 2.81960649381
519 300 2.81960649381
520 300 2.81960649381
521 300 2.81960649381
522 300 2.81960649381
523 300 2.81960649381
524 300 2.81960649381
525 300 2.81960649381
526 300 2.81960649381
527 300 2.81960649381
528 300 2.81960649381
529 300 2.81960649381
530 300 2.81960649381
531 300 2.81960649381
532 300 2.81960649381
533 300 2.81960649381
534 300 2.81960649381
535 300 2.81960649381
536 300 2.81960649381
537 300 2.81960649381
538 300 2.81960649381
539 300 2.81960649381
540 300 2.81960649381
541 300 2.81960649381
542 300 2.81960649381
543 300 2.81960649381
544 300 2.81960649381
545 300 2.81960649381
546 300 2.81960649381
547 300 2.81960649381
548 300 2.81960649381
549 300 2.81960649381
550 300 2.81960649381
551 300 2.81960649381
552 300 2.81960649381
553 300 2.81960649381
554 300 2.81960649381
555 300 2.81960649381
556 300 2.81960649381
557 300 2.81960649381
558 300 2.81960649381
559 300 2.81960649381
560 300 2.81960649381
561 300 2.81960649381
562 300 2.81960649381
563 300 2.81960649381
564 300 2.81960649381
565 300 2.81960649381
566 300 2.81960649381
567 300 2.81960649381
568 300 2.81960649381
569 300 2.81960649381
570 300 2.81960649381
571 300 2.81960649381
572 300 2.81960649381
573 300 2.81960649381
574 300 2.81960649381
575 301 10.2342770032
576 301 10.2342770032
577 301 10.2342770032
578 301 10.2342770032
579 301 10.2342770032
580 301 10.2342770032
581 301 10.2342770032
582 301 10.2342770032
583 301 10.2342770032
584 301 10.2342770032
585 301 10.2342770032
586 301 10.2342770032
587 301 10.2342770032
588 301 10.2342770032
589 301 10.2342770032
590 301 10.2342770032
591 301 10.2342770032
592 301 10.2342770032
593 301 10.2342770032
594 301 10.2342770032
595 301 10.2342770032
596 301 10.2342770032
597 301 10.2342770032
598 301 10.2342770032
599 301 10.2342770032
600 301 10.2342770032
601 301 10.2342770032
602 301 10.2342770032
603 301 10.2342770032
604 301 10.2342770032
605 301 10.2342770032
606 301 10.2342770032
607 301 10.2342770032
608 301 10.2342770032
609 301 10.2342770032
610 301 10.2342770032
611 301 10.2342770032
612 301 10.2342770032
613 301 10.2342770032
614 301 10.2342770032
615 301 10.2342770032
616 301 10.2342770032
617 301 10.2342770032
618 301 10.2342770032
619 301 10.2342770032
620 301 10.2342770032
621 301 10.2342770032
622 301 10.2342770032
623 301 10.2342770032
624 301 10.2342770032
625 301 10.2342770032
626 301 10.2342770032
627 301 10.2342770032
628 301 10.2342770032
629 301 10.2342770032
630 301 10.2342770032
631 301 10.2342770032
632 301 10.2342770032
633 301 10.2342770032
634 301 10.2342770032
635 301 10.2342770032
636 301 10.2342770032
637 301 10.2342770032
638 301 10.2342770032
639 301 10.2342770032
640 301 10.2342770032
641 301 10.2342770032
642 301 10.2342770032
643 301 10.2342770032
644 301 10.2342770032
645 301 10.2342770032
646 301 10.2342770032
647 301 10.2342770032
648 301 10.2342770032
649 301 10.2342770032
650 301 10.2342770032
651 301 10.2342770032
652 301 10.2342770032
653 301 10.2342770032
654 301 10.2342770032
655 301 10.2342770032
656 301 10.2342770032
657 301 10.2342770032
658 301 10.2342770032
659 302 23.2836073284
660 303 22.8839177732
661 304 22.8196853505
662 305 21.9932300104
663 306 22.3537083465
664 307 23.0499912385
665 308 22.4580111766
666 309 21.9913359153
667 310 22.7863682184
668 311 23.0953130825
669 312 22.3247298826
670 313 22.420349089
671 314 23.311120726
672 315 23.0969007708
673 316 22.5601161443
674 317 21.8592276454
675 318 21.2951473747
676 319 20.5364477521
677 320 20.8427448294
678 321 21.109795899
679 322 20.2461619518
680 323 19.8931016937
681 324 20.5475820793
682 325 20.4430082105
683 326 19.5043306464
684 327 19.378608409
685 328 19.8882885671
686 329 20.114877089
687 330 20.7237709922
688 331 19.9602543192
689 332 19.869570138
690 333 19.4292594909
691 334 20.2484994064
692 335 20.5011159485
693 336 19.6603012176
694 337 19.8236606824
695 338 20.6007000693
696 339 20.0951900104
697 340 19.5460847411
698 341 20.3021654706
699 342 20.659125575
700 343 19.8701269408
701 344 19.9412296915
702 345 20.8139571269
703 346 20.4463452722
704 347 20.9215072672
705 348 21.7258671726
706 349 21.3293751819
707 350 20.6275167438
708 351 19.7686698275
709 352 19.5037860375
710 353 18.6078160132
711 354 18.511091225
712 355 18.7834686646
713 356 17.9547127598
714 357 17.9640696707
715 358 18.4265961746
716 359 17.8129249398
717 360 17.1519360821
718 361 17.6521891694
719 362 17.7586816484
720 363 16.8353860749
721 364 16.6938684568
722 365 17.1035328497
723 366 17.2083609761
724 367 16.3296677622
725 368 16.1773480742
726 369 15.5040308246
727 370 16.1335266223
728 371 16.501420657
729 372 15.6391503564
730 373 15.469371803
731 374 16.339175397
732 375 16.2216250945
733 376 15.4516589054
734 377 15.9474255307
735 378 16.6947473911
736 379 16.1347278819
737 380 15.770835814
738 381 14.9929348277
739 382 14.8479781007
740 383 13.9378055675
741 384 13.4437765108
742 385 13.8405280629
743 386 13.7139756976
744 387 12.8364612868
745 388 12.4938489378
746 389 13.1349038235
747 390 13.2940254234
748 391 12.5753997032
749 392 12.483977719
750 393 13.2614800872
751 394 12.7562560815
752 395 13.4199791569
753 396 14.096383247
754 397 13.4783924459
755 398 13.29563397
756 399 14.2185129746
757 400 14.4320343917
758 401 13.8100121932
759 402 14.183939045
760 403 15.0651157155
761 404 14.9966741975
762 405 14.3811440055
763 406 14.806470068
764 407 14.3465652456
765 408 13.6186771693
766 409 12.7028357625
767 410 12.9854570694
768 411 12.0895518841
769 412 11.7141519415
770 413 12.2142200589
771 414 12.0101073059
772 415 11.0699310144
773 416 11.2282908983
774 417 11.6336209865
775 418 10.9123314058
776 419 10.2829051354
777 420 10.8685885727
778 421 10.8064359861
779 422 9.90212809822
780 423 10.2413851249
781 424 10.8353742353
782 425 10.6947525112
783 426 13.3067100796
784 426 13.3067100796
785 426 13.3067100796
786 426 13.3067100796
787 426 13.3067100796
788 426 13.3067100796
789 426 13.3067100796
790 426 13.3067100796
791 426 13.3067100796
792 426 13.3067100796
793 426 13.3067100796
794 426 13.3067100796
795 426 13.3067100796
796 426 13.3067100796
797 426 13.3067100796
798 426 13.3067100796
799 426 13.3067100796
800 426 13.3067100796
801 426 13.3067100796
802 426 13.3067100796
803 426 13.3067100796
804 426 13.3067100796
805 426 13.3067100796
806 426 13.3067100796
807 426 13.3067100796
808 426 13.3067100796
809 427 9.4432485373
810 428 9.79420208225
811 429 10.2503976483
812 430 11.0362583877
813 431 10.5907001118
814 432 10.2574306253
815 433 11.1323372084
816 434 11.4635089904
817 435 10.7565728117
818 436 10.9807439014
819 437 11.8553532263
820 438 11.5228636556
821 439 10.8085439651
822 440 10.5106940767
823 441 9.77913321862
824 442 9.85466539738
825 443 9.21442084739
826 444 8.60484235868
827 445 9.1832349179
828 446 9.10662118855
829 447 9.18044113833
830 448 8.37708648487
831 449 7.95657761867
832 450 8.12154961818
833 451 7.70470374809
834 452 7.62195195852
835 453 7.21217445522
836 454 6.64250095108
837 454 6.64250095108
838 454 6.64250095108
839 454 6.64250095108
840 454 6.64250095108
841 454 6.64250095108
842 454 6.64250095108
843 454 6.64250095108
844 454 6.64250095108
845 454 6.64250095108
846 454 6.64250095108
847 454 6.64250095108
848 454 6.64250095108
849 454 6.64250095108
850 454 6.64250095108
851 454 6.64250095108
852 454 6.64250095108
853 454 6.64250095108
854 454 6.64250095108
855 454 6.64250095108
856 454 6.64250095108
857 454 6.64250095108
858 454 6.64250095108
859 454 6.64250095108
860 454 6.64250095108
861 454 6.64250095108
862 454 6.64250095108
863 454 6.64250095108
864 454 6.64250095108
865 454 6.64250095108
866 454 6.64250095108
867 454 6.64250095108
868 454 6.64250095108
869 454 6.64250095108
870 454 6.64250095108
871 454 6.64250095108
872 454 6.64250095108
873 454 6.64250095108
874 454 6.64250095108
875 454 6.64250095108
876 454 6.64250095108
877 454 6.64250095108
878 454 6.64250095108
879 454 6.64250095108
880 454 6.64250095108
881 454 6.64250095108
882 454 6.64250095108
883 454 6.64250095108
884 454 6.64250095108
885 454 6.64250095108
886 454 6.64250095108
887 454 6.64250095108
888 454 6.64250095108
889 455 13.663960028
890 455 13.663960028
891 455 13.663960028
892 455 13.663960028
893 455 13.663960028
894 455 13.663960028
895 455 13.663960028
896 455 13.663960028
897 455 13.663960028
898 455 13.663960028
899 455 13.663960028
900 455 13.663960028
901 455 13.663960028
902 455 13.663960028
903 455 13.663960028
904 455 13.663960028
905 455 13.663960028
906 455 13.663960028
907 455 13.663960028
908 455 13.663960028
909 455 13.663960028
910 455 13.663960028
911 455 13.663960028
912 455 13.663960028
913 455 13.663960028
914 455 13.663960028
915 455 13.663960028
916 455 13.663960028
917 455 13.663960028
918 455 13.663960028
919 455 13.663960028
920 455 13.663960028
921 455 13.663960028
922 455 13.663960028
923 455 13.663960028
924 455 13.663960028
925 455 13.663960028
926 455 13.663960028
927 455 13.663960028
928 455 13.663960028
929 455 13.663960028
930 455 13.663960028
931 455 13.663960028
932 455 13.663960028
933 455 13.663960028
934 455 13.663960028
935 455 13.663960028
936 455 13.663960028
937 455 13.663960028
938 455 13.663960028
939 455 13.663960028
940 455 13.663960028
941 455 13.663960028
942 456 14.3917841787
943 457 16.5540703613
944 458 16.7725852983
945 459 18.6405853453
946 460 17.5746403618
947 461 15.3314749682
948 462 15.4340838245
949 463 14.7610160452
950 464 16.2695126178
951 465 16.7354830898
952 466 18.3446838542
953 467 18.2059210002
954 468 18.0598927361
955 469 20.3097668939
956 470 21.0037459216
957 471 19.4289697266
958 472 19.9967602164
959 473 22.267168207
960 474 21.7901578588
961 475 22.856164754
962 476 20.9400511814
963 477 22.1740762257
964 478 18.4524390743
965 478 18.4524390743
966 478 18.4524390743
967 478 18.4524390743
968 478 18.4524390743
969 478 18.4524390743
970 478 18.4524390743
971 478 18.4524390743
972 478 18.4524390743
973 478 18.4524390743
974 478 18.4524390743
975 478 18.4524390743
976 478 18.4524390743
977 478 18.4524390743
978 478 18.4524390743
979 478 18.4524390743
980 478 18.4524390743
981 478 18.4524390743
982 478 18.4524390743
983 478 18.4524390743
984 478 18.4524390743
985 478 18.4524390743
986 478 18.4524390743
987 478 18.4524390743
988 478 18.4524390743
989 478 18.4524390743
990 478 18.4524390743
991 478 18.4524390743
992 478 18.4524390743
993 478 18.4524390743
994 478 18.4524390743
995 478 18.4524390743
996 478 18.4524390743
997 478 18.4524390743
998 478 18.4524390743
999 478 18.4524390743
1000 479 23.8317880515
1001 480 21.6317844276
1002 481 20.6963237218
1003 482 19.2316245444
1004 483 20.2623717508
1005 484 19.1463676622
1006 485 19.7926570288
1007 486 19.5495745509
1008 487 18.2545956081
1009 488 16.8524191265
1010 489 16.8143544451
1011 490 17.2864898537
1012 491 18.573300066
1013 492 19.7260541233
1014 493 21.8663261288
1015 494 22.5542942869
1016 495 21.3925723427
1017 496 21.9575709831
1018 497 24.1656958514
1019 498 23.9698995499
1020 499 22.8902990919
1021 500 24.4568803862
1022 501 26.0881137904
1023 502 25.1268769777
1024 503 24.36853763
1025 504 24.3433147505
1026 505 22.6255014364
1027 506 20.4504908038
1028 507 19.4491286774
1029 508 17.4568851724
1030 509 16.9046352456
1031 510 17.0885943882
1032 511 19.0109429403
1033 512 20.9945862479
1034 512 20.9945862479
1035 512 20.9945862479
1036 512 20.9945862479
1037 512 20.9945862479
1038 512 20.9945862479
