1 0 3.43760096127
2 1 3.37282408037
3 2 3.31576287467
4 3 3.31554994349
5 4 3.29236905167
6 5 3.27108770948
7 6 3.28196700468
8 7 3.26588770922
9 8 3.30373206842
10 9 3.31139185893
11 10 3.30564470002
12 11 3.28308963264
13 12 3.32909203224
14 13 3.34192394936
15 14 3.33868653335
16 15 3.40815292279
17 16 3.4762648344
18 17 3.54035439331
19 18 3.68078854264
20 19 3.71394078719
21 20 3.6055054624
22 21 3.57721707389
23 22 3.47364670826
24 23 3.38818246211
25 24 3.33463674725
26 25 3.28592252956
27 26 3.27521366355
28 27 3.27582542412
29 28 3.30946041131
30 29 3.2862805824
31 30 3.26830222729
32 31 3.24559522727
33 32 3.2568136492
34 33 3.27327569963
35 34 3.32711897831
36 35 3.36925006167
37 36 3.464962537
38 37 3.53033195844
39 38 3.62042839501
40 39 3.75370785097
41 40 3.81608980638
42 41 3.69637847948
43 42 3.61956632319
44 43 3.50810191253
45 44 3.43040213509
46 45 3.4237796617
47 46 3.36599751345
48 47 3.39494199704
49 48 3.33024585743
50 49 3.27632392102
51 50 3.25127287451
52 51 3.23991616099
53 52 3.24390526296
54 53 3.27282658246
55 54 3.30937075082
56 55 3.3484164739
57 56 3.34134623021
58 57 3.31657578173
59 58 3.37032020796
60 59 3.39732044639
61 60 3.38289687475
62 61 3.45509098727
63 62 3.50110987691
64 63 3.60239654626
65 64 3.73463469679
66 65 3.74420840157
67 66 3.86027268373
68 67 3.73697283285
69 68 3.64741900332
70 69 3.53425802611
71 70 3.47199118055
72 71 3.40415104832
73 72 3.39997512259
74 73 3.3548602221
75 74 3.39602309941
76 75 3.37662791079
77 76 3.44252636621
78 77 3.4126227512
79 78 3.48060812901
80 79 3.41194959228
81 80 3.40338646864
82 81 3.34173001648
83 82 3.37065137899
84 83 3.34525650987
85 84 3.40581686884
86 85 3.42214830426
87 86 3.45219520586
88 87 3.54655555102
89 88 3.55366038674
90 89 3.47360705131
91 90 3.49632264415
92 91 3.44235599942
93 92 3.37815632636
94 93 3.37595654434
95 94 3.30041775351
96 95 3.31130015888
97 96 3.35410695144
98 97 3.3211370962
99 98 3.30340367425
100 99 3.28725365082
101 100 3.34925277781
102 101 3.35125798316
103 102 3.35718912352
104 103 3.45044425764
105 104 3.47548978521
106 105 3.60678590015
107 106 3.62701428856
108 107 3.68142862408
109 108 3.66865372812
110 109 3.55860109056
111 110 3.53098336913
112 111 3.53253754227
113 112 3.54179413427
114 113 3.53968190543
115 114 3.60886838514
116 115 3.65565526813
117 116 3.81723265991
118 117 3.92441923656
119 118 3.93455240947
120 119 4.12379659219
121 120 4.06566822225
122 121 3.92866858437
123 122 3.75322421817
124 123 3.7701775077
125 124 3.69050759466
126 125 3.70804483074
127 126 3.63893010677
128 127 3.69972503695
129 128 3.67423806011
130 129 3.76068254657
131 130 3.84384299786
132 131 3.91927387023
133 132 3.90551294654
134 133 3.86027668481
135 134 3.79883847279
136 135 3.80940077443
137 136 3.7165823375
138 137 3.76277767321
139 138 3.69471479001
140 139 3.82696995892
141 140 3.79576321511
142 141 3.77452557526
143 142 3.71713626881
144 143 3.59131165525
145 144 3.52930455421
146 145 3.45767693772
147 146 3.56023561407
148 147 3.57752020004
149 148 3.68934450685
150 149 3.75870708861
151 150 3.91395432764
152 151 3.98874580507
153 152 3.98728183137
154 153 4.10405032787
155 154 4.14634560273
156 155 4.12455624363
157 156 4.16470971611
158 157 4.3077229368
159 158 4.31119230237
160 159 4.13370426306
161 160 4.19729539493
162 161 4.10059862164
163 162 4.08392828561
164 163 3.96388459099
165 164 3.79872152442
166 165 3.8211554583
167 166 3.77625523794
168 167 3.71616522507
169 168 3.72751795546
170 169 3.7008376972
171 170 3.74472714033
172 171 3.79607409989
173 172 3.90818136063
174 173 4.05747636384
175 174 4.01629840213
176 175 4.21462047357
177 176 4.29521899776
178 177 4.50723997158
179 178 4.48050088784
180 179 4.4746068162
181 180 4.27342967268
182 181 4.20541266721
183 182 4.04498233438
184 183 4.01127285845
185 184 3.94045033399
186 185 3.91284789605
187 186 3.93540899291
188 187 3.94973277338
189 188 4.08258123156
190 189 4.15639816308
191 190 4.10045127448
192 191 4.20634716619
193 192 4.23738995135
194 193 4.26266190513
195 194 4.37598790906
196 195 4.39818499992
197 196 4.60486422103
198 197 4.74185603339
199 198 4.64620260666
200 199 4.42957147934
201 200 4.3728720358
202 201 4.31103688653
203 202 4.46967910169
204 203 4.4591812291
205 204 4.56373210859
206 205 4.52300456542
207 206 4.40157639408
208 207 4.29673935984
209 208 4.38762116695
210 209 4.31630149399
211 210 4.1445271496
212 211 4.1668711385
213 212 4.01780831157
214 213 3.87718859705
215 214 3.82087739342
216 215 3.66098201078
217 216 3.65973567835
218 217 3.76826170788
219 218 3.78787642106
220 219 3.93762914368
221 220 3.96993590172
222 221 4.04536682545
223 222 4.24480629802
224 223 4.30719369465
225 224 4.50356817622
226 225 4.52003019836
227 226 4.65878487951
228 227 4.53564461892
229 228 4.32840660029
230 229 4.17681051955
231 230 4.03231952256
232 231 3.91351265818
233 232 3.84851467447
234 233 3.73773972319
235 234 3.81243287257
236 235 3.78018719452
237 236 3.90035514746
238 237 3.77848896224
239 238 3.8553764345
240 239 3.83484512682
241 240 3.99694483936
242 241 4.07262774154
243 242 4.2407309185
244 243 4.39015754609
245 244 4.47724233075
246 245 4.67944338426
247 246 4.80051041379
248 247 5.05022730283
249 248 5.50185660389
250 248 5.50185660389
251 248 5.50185660389
252 248 5.50185660389
253 248 5.50185660389
254 248 5.50185660389
255 248 5.50185660389
256 248 5.50185660389
257 248 5.50185660389
258 248 5.50185660389
259 248 5.50185660389
260 248 5.50185660389
261 248 5.50185660389
262 248 5.50185660389
263 248 5.50185660389
264 248 5.50185660389
265 248 5.50185660389
266 248 5.50185660389
267 248 5.50185660389
268 248 5.50185660389
269 248 5.50185660389
270 248 5.50185660389
271 248 5.50185660389
272 248 5.50185660389
273 248 5.50185660389
274 248 5.50185660389
275 248 5.50185660389
276 248 5.50185660389
277 248 5.50185660389
278 248 5.50185660389
279 248 5.50185660389
280 248 5.50185660389
281 248 5.50185660389
282 248 5.50185660389
283 248 5.50185660389
284 248 5.50185660389
285 248 5.50185660389
286 248 5.50185660389
287 248 5.50185660389
288 249 5.02700056279
289 250 5.01403984682
290 251 4.87876301254
291 252 4.91582988458
292 253 4.73907098886
293 254 4.7698635466
294 255 4.59719329698
295 256 4.56299763075
296 257 4.38792685834
297 258 4.31887714011
298 259 4.15103793233
299 260 4.04844162143
300 261 3.88448029002
301 262 3.80552699474
302 263 3.68572059701
303 264 3.60122106924
304 265 3.66733521259
305 266 3.64973771672
306 267 3.64243660517
307 268 3.60680703288
308 269 3.52723396788
309 270 3.5152187628
310 271 3.61869985047
311 272 3.62410803277
312 273 3.73594618512
313 274 3.78367563433
314 275 3.84962878627
315 276 4.01422035414
316 277 3.97758754304
317 278 3.99579445285
318 279 3.83101645159
319 280 3.76049801863
320 281 3.6168898704
321 282 3.57613712825
322 283 3.47543508159
323 284 3.48353726785
324 285 3.4751147474
325 286 3.4463247037
326 287 3.36936373251
327 288 3.39871909379
328 289 3.44486706991
329 290 3.549995555
330 291 3.64028781222
331 292 3.79076642669
332 293 3.94131317222
333 294 4.12075521713
334 295 4.24185035979
335 296 4.44874057624
336 297 4.51623988197
337 298 4.38569810129
338 299 4.25570751589
339 300 4.05147184275
340 301 3.93221210666
341 302 3.75914104698
342 303 3.74122823376
343 304 3.59259962648
344 305 3.48734471825
345 306 3.40608086755
346 307 3.33926393473
347 308 4.42062095511
348 308 4.42062095511
349 308 4.42062095511
