1 0 3.83808633105
2 1 3.94609919495
3 2 3.95113951245
4 3 4.0510915925
5 4 4.1428965415
6 5 4.05723973736
7 6 4.23285966071
8 7 4.21998963745
9 8 4.39356432204
10 9 4.31631427736
11 10 4.14727485613
12 11 3.97025289402
13 12 3.85475553346
14 13 3.70379728385
15 14 3.64173356334
16 15 3.52335731692
17 16 3.4655499095
18 17 3.43346738312
19 18 3.34493661119
20 19 3.40401102949
21 20 3.44615054754
22 21 3.56658297276
23 22 3.59951371219
24 23 3.62317784687
25 24 3.67468264492
26 25 3.78636402913
27 26 3.87120514903
28 27 4.02494075843
29 28 4.18208679697
30 29 4.29116291061
31 30 4.18013708461
32 31 4.09296206064
33 32 3.91935747164
34 33 3.92034090989
35 34 3.80475264336
36 35 3.81911269888
37 36 3.79617768077
38 37 3.77730379089
39 38 3.91196367382
40 39 3.88221474564
41 40 4.05607115067
42 41 4.0838160114
43 42 3.9127519568
44 43 3.95590892452
45 44 3.89270501543
46 45 4.01313654898
47 46 4.02462983427
48 47 3.95499169514
49 48 4.00745220759
50 49 4.07434034511
51 50 4.11600822799
52 51 4.18338954518
53 52 4.04267347977
54 53 4.11746153796
55 54 4.30788251695
56 55 4.27645244438
57 56 4.16716535377
58 57 3.97654874419
59 58 3.87204597563
60 59 3.70666792784
61 60 3.61923534495
62 61 3.48812495148
63 62 3.42882695508
64 63 3.34861737441
65 64 3.28099329459
66 65 3.32405080473
67 66 3.26838854105
68 67 3.29577506236
69 68 3.38921533797
70 69 3.47997812874
71 70 3.47954887339
72 71 3.54604164737
73 72 3.58040072821
74 73 3.71015651166
75 74 3.79245361639
76 75 3.97109163698
77 76 4.12785637467
78 77 4.18910765162
79 78 4.08192804734
80 79 3.93995205465
81 80 3.77197385888
82 81 3.74756068507
83 82 3.62236463561
84 83 3.65226738711
85 84 3.59789512377
86 85 3.67405014937
87 86 3.75388164024
88 87 3.79514458545
89 88 3.92344617764
90 89 4.03645174664
91 90 4.15846444571
92 91 4.0948965202
93 92 4.19691960049
94 93 4.25107799657
95 94 4.17701575281
96 95 4.08352271507
97 96 3.93495707062
98 97 3.8195543781
99 98 3.80759364047
100 99 3.78622450235
101 100 3.64936629718
102 101 3.69407183968
103 102 3.79510057863
104 103 3.78174923481
105 104 3.95176995933
106 105 3.93207939103
107 106 3.98802045535
108 107 4.18793925608
109 108 4.18307863356
110 109 4.11000820061
111 110 3.91598261918
112 111 3.83452328784
113 112 3.67099762114
114 113 3.57034107897
115 114 3.43896097972
116 115 3.36033799408
117 116 3.29346386887
118 117 3.22756806857
119 118 3.20700575243
120 119 3.18425032807
121 120 3.2151420866
122 121 3.21969880113
123 122 3.28375593429
124 123 3.33058808561
125 124 3.4109810184
126 125 3.50546605225
127 126 3.63609162403
128 127 3.75980286353
129 128 3.92826695648
130 129 4.11456792756
131 130 4.12659604995
132 131 4.0131006582
133 132 3.90630933618
134 133 3.72789770807
135 134 3.65986328626
136 135 3.51718212863
137 136 3.47821402317
138 137 3.37342545882
139 138 3.3428544479
140 139 3.2904509309
141 140 3.26083545468
142 141 3.25764806981
143 142 3.29547045053
144 143 3.37249459594
145 144 3.42103928769
146 145 3.51296423016
147 146 3.44551207023
148 147 3.48188221969
149 148 3.50020660925
150 149 3.57396626277
151 150 3.50535661671
152 151 3.61136515232
153 152 3.75505896426
154 153 3.81632144479
155 154 3.97230803929
156 155 3.90915738472
157 156 4.07984212635
158 157 4.2628298507
159 158 4.42744621806
160 159 4.37384814046
161 160 4.5749510682
162 161 4.66341889042
163 162 4.69527404037
164 163 4.4895081962
165 164 4.39928542018
166 165 4.24501347111
167 166 4.10939373523
168 167 3.91534434825
169 168 3.78711941104
170 169 3.62490364828
171 170 3.51438398926
172 171 3.39516136943
173 172 3.33173814552
174 173 3.28173728975
175 174 3.22472778646
176 175 3.21592516339
177 176 3.20267301776
178 177 3.24762354304
179 178 3.28745853339
180 179 3.33553509088
181 180 3.32180114611
182 181 3.3811262324
183 182 3.409974067
184 183 3.47743139243
185 184 3.59542396776
186 185 3.68607499654
187 186 3.85432212707
188 187 3.94633718939
189 188 3.92704707426
190 189 3.86079550611
191 190 3.69595021273
192 191 3.67388528399
193 192 3.56359512374
194 193 3.55932508712
195 194 3.49998070991
196 195 3.47542829089
197 196 3.57272621307
198 197 3.57136316476
199 198 3.61784187861
200 199 3.50237916476
201 200 3.59959251409
202 201 3.60277919115
203 202 3.71287325227
204 203 3.740292169
205 204 3.67772851221
206 205 3.69665370772
207 206 3.71605096887
208 207 3.63403292227
209 208 3.75860667299
210 209 3.76177282305
211 210 3.77559678184
212 211 3.9154620474
213 212 3.94436954488
214 213 3.89427239841
215 214 3.72806504279
216 215 3.70327561899
217 216 3.56168677202
218 217 3.46294481314
219 218 3.3611341572
220 219 3.30211970832
221 220 3.24168757567
222 221 3.20722407089
223 222 3.21677201517
224 223 3.21143820254
225 224 3.2545117124
226 225 3.27092904902
227 226 3.33200870197
228 227 3.33268734511
229 228 3.30164907318
230 229 3.29605289027
231 230 3.34003221644
232 231 3.3677372947
233 232 3.47271395501
234 233 3.5346777468
235 234 3.66654107999
236 235 3.80337472331
237 236 3.80065271154
238 237 3.67302230326
239 238 3.5607773427
240 239 3.45185202162
241 240 3.44036907536
242 241 3.36391535165
243 242 3.40841794422
244 243 3.38346405682
245 244 3.42934223432
246 245 3.46541642111
247 246 3.52490568284
248 247 3.63993646013
249 248 5.65617693794
250 248 5.65617693794
251 248 5.65617693794
252 248 5.65617693794
253 248 5.65617693794
254 248 5.65617693794
255 248 5.65617693794
256 248 5.65617693794
257 248 5.65617693794
258 248 5.65617693794
259 249 4.98733779212
260 249 4.98733779212
261 249 4.98733779212
262 249 4.98733779212
263 249 4.98733779212
264 249 4.98733779212
265 249 4.98733779212
266 249 4.98733779212
267 249 4.98733779212
268 249 4.98733779212
269 250 2.68307072358
270 250 2.68307072358
271 250 2.68307072358
272 250 2.68307072358
273 250 2.68307072358
274 250 2.68307072358
275 250 2.68307072358
276 250 2.68307072358
277 250 2.68307072358
278 250 2.68307072358
279 251 2.68307072358
280 251 2.68307072358
281 251 2.68307072358
282 251 2.68307072358
283 251 2.68307072358
284 251 2.68307072358
285 251 2.68307072358
286 251 2.68307072358
287 251 2.68307072358
288 252 4.0440403694
289 253 3.96345155174
290 254 3.78860675791
291 255 3.69351252171
292 256 3.60661996299
293 257 3.62579762631
294 258 3.57988030239
295 259 3.53006914703
296 260 3.48880973889
297 261 3.38316515715
298 262 3.36763830523
299 263 3.43201342705
300 264 3.41176517905
301 265 3.50157650199
302 266 3.4417765923
303 267 3.53778256079
304 268 3.64669594155
305 269 3.74904186016
306 270 3.73848954285
307 271 3.60329858057
308 272 3.64870012306
309 273 3.52948505915
310 274 3.41610128381
311 275 3.34753341632
312 276 3.27029996471
313 277 3.24633511838
314 278 3.23780769979
315 279 3.20985473682
316 280 3.20682002065
317 281 3.205997435
318 282 3.22814131844
319 283 3.26214986754
320 284 3.33134863408
321 285 3.41037769254
322 286 3.52165306285
323 287 3.63491990195
324 288 3.76617867459
325 289 3.69272246803
326 290 3.70683858904
327 291 3.56320953809
328 292 3.46814202805
329 293 3.36436818475
330 294 3.29329791906
331 295 3.24306288499
332 296 3.20832496872
333 297 3.21236966676
334 298 3.22311025969
335 299 3.26551381859
336 300 3.3042174272
337 301 3.2773929815
338 302 3.27333895315
339 303 3.2416404219
340 304 3.22349358259
341 305 3.24924055928
342 306 3.24163341256
343 307 3.30711710673
344 308 3.38702857817
345 309 3.4813614629
346 310 3.60411884471
347 311 2.68307072358
348 311 2.68307072358
349 311 2.68307072358
