1 0 0.0
2 0 0.0
3 0 0.0
4 0 0.0
5 0 0.0
6 0 0.0
7 0 0.0
8 0 0.0
9 0 0.0
10 0 0.0
11 0 0.0
12 0 0.0
13 0 0.0
14 0 0.0
15 0 0.0
16 0 0.0
17 0 0.0
18 0 0.0
19 0 0.0
20 0 0.0
21 0 0.0
22 0 0.0
23 0 0.0
24 0 0.0
25 0 0.0
26 0 0.0
27 0 0.0
28 0 0.0
29 0 0.0
30 0 0.0
31 0 0.0
32 0 0.0
33 0 0.0
34 0 0.0
35 0 0.0
36 0 0.0
37 0 0.0
38 0 0.0
39 0 0.0
40 0 0.0
41 0 0.0
42 0 0.0
43 0 0.0
44 0 0.0
45 0 0.0
46 0 0.0
47 0 0.0
48 0 0.0
49 0 0.0
50 0 0.0
51 0 0.0
52 0 0.0
53 0 0.0
54 1 0.0
55 2 0.0
56 3 0.0
57 4 0.0
58 5 0.0
59 6 0.0
60 7 0.0
61 8 0.0
62 9 0.0
63 10 0.0
64 11 0.0
65 12 0.0
66 13 0.0
67 14 0.0
68 15 0.0
69 16 0.0
70 17 0.0
71 18 0.0
72 19 0.0
73 20 0.0
74 21 0.0
75 22 0.0
76 23 0.0
77 24 0.0
78 25 0.0
79 26 0.0
80 27 0.0
81 28 0.0
82 29 0.0
83 30 0.0
84 31 0.0
85 32 0.0
86 33 0.0
87 34 0.0
88 35 0.0
89 36 0.0
90 37 0.0
91 38 0.0
92 39 0.0
93 40 0.0
94 41 0.0
95 42 0.0
96 43 0.0
97 44 0.0
98 45 0.0
99 46 0.0
100 47 0.0
101 48 0.0
102 49 0.0
103 50 0.0
104 51 0.0
105 52 0.0
106 53 0.0
107 54 0.0
108 55 0.0
109 56 0.0
110 57 0.0
111 58 0.0
112 59 0.0
113 60 0.0
114 61 0.0
115 62 0.0
116 63 0.0
117 64 0.0
118 65 0.0
119 66 0.0
120 67 0.0
121 68 0.0
122 69 0.0
123 70 0.0
124 71 0.0
125 72 0.0
126 73 0.0
127 74 0.0
128 75 0.0
129 76 0.0
130 77 0.0
131 78 0.0
132 79 0.0
133 80 0.0
134 81 0.0
135 82 0.0
136 83 0.0
137 84 0.0
138 85 0.0
139 86 0.0
140 87 0.0
141 88 0.0
142 89 0.0
143 90 0.0
144 91 0.0
145 92 0.0
146 93 0.0
147 94 0.0
148 95 0.0
149 96 0.0
150 97 0.0
151 98 0.0
152 99 0.0
153 100 0.0
154 101 0.0
155 102 0.0
156 103 0.0
157 104 0.0
158 105 0.0
159 106 0.0
160 107 0.0
161 108 0.0
162 109 0.0
163 110 0.0
164 111 0.0
165 112 0.0
166 113 0.0
167 114 0.0
168 115 0.0
169 116 0.0
170 117 0.0
171 118 0.0
172 119 0.0
173 120 0.0
174 121 0.0
175 122 0.0
176 123 0.0
177 124 0.0
178 125 0.0
179 126 0.0
180 127 0.0
181 128 0.0
182 129 0.0
183 130 0.0
184 131 0.0
185 132 0.0
186 133 0.0
187 134 0.0
188 135 0.0
189 136 0.0
190 137 0.0
191 138 0.0
192 139 0.0
193 140 0.0
194 141 0.0
195 142 0.0
196 143 0.0
197 144 0.0
198 145 0.0
199 146 0.0
200 147 0.0
201 148 0.0
202 149 0.0
203 150 0.0
204 151 0.0
205 152 0.0
206 153 0.0
207 154 0.0
208 155 0.0
209 156 0.0
210 157 0.0
211 158 0.0
212 159 0.0
213 160 0.0
214 161 0.0
215 162 0.0
216 163 0.0
217 164 0.0
218 165 0.0
219 166 0.0
220 167 0.0
221 168 0.0
222 169 0.0
223 170 0.0
224 171 0.0
225 172 0.0
226 173 0.0
227 174 0.0
228 175 0.0
229 176 0.0
230 177 0.0
231 178 0.0
232 179 0.0
233 180 0.0
234 181 0.0
235 182 0.0
236 183 0.0
237 184 0.0
238 185 0.0
239 186 0.0
240 187 0.0
241 188 0.0
242 189 0.0
243 190 0.0
244 191 0.0
245 192 0.0
246 193 0.0
247 194 0.0
248 195 0.0
249 196 0.0
250 197 0.0
251 198 0.0
252 199 0.0
253 200 0.0
254 201 0.0
255 202 0.0
256 203 0.0
257 204 0.0
258 205 0.0
259 206 0.0
260 207 0.0
261 208 0.0
262 209 0.0
263 210 0.0
264 211 0.0
265 212 0.0
266 213 0.0
267 214 0.0
268 215 0.0
269 216 0.0
270 217 0.0
271 218 0.0
272 219 0.0
273 220 0.0
274 221 0.0
275 222 0.0
276 223 0.0
277 224 0.0
278 225 0.0
279 226 0.0
280 226 0.0
281 226 0.0
282 226 0.0
283 226 0.0
284 226 0.0
285 226 0.0
286 226 0.0
287 226 0.0
288 226 0.0
289 226 0.0
290 227 0.0
291 228 0.0
292 229 0.0
293 230 0.0
294 231 0.0
295 232 0.0
296 233 0.0
297 234 0.0
298 235 0.0
299 236 0.0
300 237 0.0
301 238 0.0
302 239 0.0
303 240 0.0
304 241 0.0
305 242 0.0
306 243 0.0
307 244 0.0
308 245 0.0
309 246 0.0
310 247 0.0
311 248 0.0
312 249 0.0
313 250 0.0
314 251 0.0
315 252 0.0
316 252 0.0
317 252 0.0
318 252 0.0
319 252 0.0
320 252 0.0
321 252 0.0
322 252 0.0
323 252 0.0
324 252 0.0
325 253 0.0
326 254 0.0
327 255 0.0
328 256 0.0
329 257 0.0
330 258 0.0
331 259 0.0
332 260 0.0
333 261 0.0
334 262 0.0
335 263 0.0
336 264 0.0
337 265 0.0
338 266 0.0
339 267 0.0
340 268 0.0
341 269 0.0
342 270 0.0
343 271 0.0
344 272 0.0
345 273 0.0
346 273 0.0
347 273 0.0
348 273 0.0
349 273 0.0
350 273 0.0
351 273 0.0
352 273 0.0
353 273 0.0
354 273 0.0
355 273 0.0
356 273 0.0
357 273 0.0
358 273 0.0
359 273 0.0
360 273 0.0
361 273 0.0
362 273 0.0
363 273 0.0
364 273 0.0
365 273 0.0
366 273 0.0
367 273 0.0
368 273 0.0
369 273 0.0
370 273 0.0
371 273 0.0
372 273 0.0
373 273 0.0
374 273 0.0
375 273 0.0
376 273 0.0
377 273 0.0
378 273 0.0
379 273 0.0
380 273 0.0
381 273 0.0
382 273 0.0
383 273 0.0
384 273 0.0
385 273 0.0
386 273 0.0
387 273 0.0
388 273 0.0
389 273 0.0
390 274 0.0
391 275 0.0
392 276 0.0
393 277 0.0
394 278 0.0
395 279 0.0
396 280 0.0
397 281 0.0
398 282 0.0
399 283 0.0
400 284 0.0
401 285 0.0
402 286 0.0
403 287 0.0
404 288 0.0
405 289 0.0
406 290 0.0
407 291 0.0
408 292 0.0
409 293 0.0
410 294 0.0
411 295 0.0
412 296 0.0
413 297 0.0
414 298 0.0
415 299 0.0
416 300 0.0
417 301 0.0
418 302 0.0
419 303 0.0
420 304 0.0
421 305 0.0
422 306 0.0
423 307 0.0
424 308 0.0
425 309 0.0
426 309 0.0
427 309 0.0
428 309 0.0
429 309 0.0
430 310 0.0
431 311 0.0
432 312 0.0
433 313 0.0
434 314 0.0
435 315 0.0
436 316 0.0
437 317 0.0
438 318 0.0
439 319 0.0
440 320 0.0
441 321 0.0
442 322 0.0
443 323 0.0
444 324 0.0
445 325 0.0
446 326 0.0
447 327 0.0
448 328 0.0
449 329 0.0
450 330 0.0
451 331 0.0
452 332 0.0
453 333 0.0
454 334 0.0
455 335 0.0
456 336 0.0
457 337 0.0
458 338 0.0
459 339 0.0
460 340 0.0
461 341 0.0
462 342 0.0
463 343 0.0
464 344 0.0
465 345 0.0
466 346 0.0
467 347 0.0
468 348 0.0
469 349 0.0
470 350 0.0
471 351 0.0
472 352 0.0
473 353 0.0
474 354 0.0
475 355 0.0
476 356 0.0
477 357 0.0
478 358 0.0
479 359 0.0
480 360 0.0
481 361 0.0
482 362 0.0
483 363 0.0
484 364 0.0
485 365 0.0
486 366 0.0
487 367 0.0
488 368 0.0
489 369 0.0
490 370 0.0
491 371 0.0
492 372 0.0
493 373 0.0
494 374 0.0
495 375 0.0
496 376 0.0
497 377 0.0
498 378 0.0
499 379 0.0
500 380 0.0
501 381 0.0
502 382 0.0
503 383 0.0
504 384 0.0
505 385 0.0
506 386 0.0
507 387 0.0
508 388 0.0
509 389 0.0
510 390 0.0
511 391 0.0
512 392 0.0
513 393 0.0
514 394 0.0
515 395 0.0
516 396 0.0
517 397 0.0
518 398 0.0
519 399 0.0
520 400 0.0
521 401 0.0
522 402 0.0
523 403 0.0
524 404 0.0
525 405 0.0
526 406 0.0
527 407 0.0
528 408 0.0
529 409 0.0
530 410 0.0
531 411 0.0
532 412 0.0
533 413 0.0
534 414 0.0
535 415 0.0
536 416 0.0
537 417 0.0
538 417 0.0
539 417 0.0
540 417 0.0
541 417 0.0
542 417 0.0
543 417 0.0
544 417 0.0
545 417 0.0
546 417 0.0
547 417 0.0
548 417 0.0
549 417 0.0
550 417 0.0
551 417 0.0
552 417 0.0
553 417 0.0
554 417 0.0
555 417 0.0
556 417 0.0
557 417 0.0
558 417 0.0
559 417 0.0
560 417 0.0
561 417 0.0
562 417 0.0
563 417 0.0
564 417 0.0
565 417 0.0
566 417 0.0
567 417 0.0
568 417 0.0
569 417 0.0
570 417 0.0
571 417 0.0
572 417 0.0
573 417 0.0
574 417 0.0
575 417 0.0
576 417 0.0
577 417 0.0
578 417 0.0
579 417 0.0
580 417 0.0
581 417 0.0
582 417 0.0
583 417 0.0
584 417 0.0
585 417 0.0
586 417 0.0
587 417 0.0
588 417 0.0
589 417 0.0
590 417 0.0
591 417 0.0
592 417 0.0
593 417 0.0
594 417 0.0
595 417 0.0
596 417 0.0
597 417 0.0
598 417 0.0
599 417 0.0
600 417 0.0
601 417 0.0
602 417 0.0
603 417 0.0
604 417 0.0
605 417 0.0
606 417 0.0
607 417 0.0
608 417 0.0
609 417 0.0
610 417 0.0
611 417 0.0
612 417 0.0
613 417 0.0
614 417 0.0
615 417 0.0
616 418 0.0
617 418 0.0
618 418 0.0
619 418 0.0
620 418 0.0
621 418 0.0
622 418 0.0
623 418 0.0
624 418 0.0
625 418 0.0
626 418 0.0
627 418 0.0
628 418 0.0
629 418 0.0
630 418 0.0
631 418 0.0
632 418 0.0
633 418 0.0
634 418 0.0
635 418 0.0
636 418 0.0
637 418 0.0
638 418 0.0
639 418 0.0
640 418 0.0
641 418 0.0
642 418 0.0
643 418 0.0
644 418 0.0
645 418 0.0
646 418 0.0
647 418 0.0
648 418 0.0
649 418 0.0
650 418 0.0
651 418 0.0
652 418 0.0
653 418 0.0
654 418 0.0
655 418 0.0
656 418 0.0
657 418 0.0
658 418 0.0
659 418 0.0
660 418 0.0
661 418 0.0
662 418 0.0
663 418 0.0
664 418 0.0
665 418 0.0
666 418 0.0
667 418 0.0
668 418 0.0
669 418 0.0
670 418 0.0
671 418 0.0
672 418 0.0
673 418 0.0
674 418 0.0
675 418 0.0
676 418 0.0
677 418 0.0
678 418 0.0
679 418 0.0
680 418 0.0
681 418 0.0
682 418 0.0
683 418 0.0
684 418 0.0
685 418 0.0
686 418 0.0
687 418 0.0
688 418 0.0
689 418 0.0
690 418 0.0
691 418 0.0
692 418 0.0
693 418 0.0
694 418 0.0
695 419 0.0
696 419 0.0
697 419 0.0
698 419 0.0
699 419 0.0
700 419 0.0
701 419 0.0
702 419 0.0
703 419 0.0
704 419 0.0
705 419 0.0
706 419 0.0
707 419 0.0
708 419 0.0
709 419 0.0
710 419 0.0
711 419 0.0
712 419 0.0
713 419 0.0
714 419 0.0
715 419 0.0
716 419 0.0
717 419 0.0
718 419 0.0
719 419 0.0
720 419 0.0
721 419 0.0
722 419 0.0
723 419 0.0
724 419 0.0
725 419 0.0
726 419 0.0
727 419 0.0
728 419 0.0
729 419 0.0
730 419 0.0
731 419 0.0
732 419 0.0
733 419 0.0
734 419 0.0
735 419 0.0
736 419 0.0
737 419 0.0
738 419 0.0
739 419 0.0
740 419 0.0
741 419 0.0
742 419 0.0
743 419 0.0
744 419 0.0
745 419 0.0
746 419 0.0
747 419 0.0
748 419 0.0
749 419 0.0
750 419 0.0
751 419 0.0
752 419 0.0
753 419 0.0
754 419 0.0
755 419 0.0
756 419 0.0
757 419 0.0
758 419 0.0
759 419 0.0
760 419 0.0
761 419 0.0
762 419 0.0
763 419 0.0
764 419 0.0
765 419 0.0
766 419 0.0
767 419 0.0
768 419 0.0
769 419 0.0
770 419 0.0
771 419 0.0
772 419 0.0
773 420 0.0
774 420 0.0
775 420 0.0
776 420 0.0
777 420 0.0
778 420 0.0
779 420 0.0
780 420 0.0
781 420 0.0
782 420 0.0
783 420 0.0
784 420 0.0
785 420 0.0
786 420 0.0
787 420 0.0
788 420 0.0
789 420 0.0
790 420 0.0
791 420 0.0
792 420 0.0
793 420 0.0
794 420 0.0
795 420 0.0
796 420 0.0
797 420 0.0
798 420 0.0
799 420 0.0
800 420 0.0
801 420 0.0
802 420 0.0
803 420 0.0
804 420 0.0
805 420 0.0
806 420 0.0
807 420 0.0
808 420 0.0
809 420 0.0
810 420 0.0
811 420 0.0
812 420 0.0
813 420 0.0
814 420 0.0
815 420 0.0
816 420 0.0
817 420 0.0
818 420 0.0
819 420 0.0
820 420 0.0
821 420 0.0
822 420 0.0
823 420 0.0
824 420 0.0
825 420 0.0
826 421 0.0
827 421 0.0
828 421 0.0
829 421 0.0
830 421 0.0
831 421 0.0
832 421 0.0
833 421 0.0
834 421 0.0
835 421 0.0
836 421 0.0
837 421 0.0
838 421 0.0
839 421 0.0
840 421 0.0
841 421 0.0
842 421 0.0
843 421 0.0
844 421 0.0
845 421 0.0
846 421 0.0
847 421 0.0
848 421 0.0
849 421 0.0
850 421 0.0
851 421 0.0
852 421 0.0
853 421 0.0
854 421 0.0
855 421 0.0
856 421 0.0
857 421 0.0
858 421 0.0
859 421 0.0
860 421 0.0
861 421 0.0
862 421 0.0
863 421 0.0
864 421 0.0
865 421 0.0
866 421 0.0
867 421 0.0
868 421 0.0
869 421 0.0
870 421 0.0
871 421 0.0
872 421 0.0
873 421 0.0
874 421 0.0
875 421 0.0
876 421 0.0
877 421 0.0
878 421 0.0
879 422 0.0
880 422 0.0
881 422 0.0
882 422 0.0
883 422 0.0
884 422 0.0
885 422 0.0
886 422 0.0
887 422 0.0
888 422 0.0
889 422 0.0
890 422 0.0
891 422 0.0
892 422 0.0
893 422 0.0
894 422 0.0
895 422 0.0
896 422 0.0
897 422 0.0
898 422 0.0
899 422 0.0
900 422 0.0
901 422 0.0
902 422 0.0
903 422 0.0
904 422 0.0
905 422 0.0
906 422 0.0
907 422 0.0
908 422 0.0
909 422 0.0
910 422 0.0
911 422 0.0
912 422 0.0
913 422 0.0
914 422 0.0
915 422 0.0
916 422 0.0
917 422 0.0
918 422 0.0
919 422 0.0
920 422 0.0
921 422 0.0
922 422 0.0
923 422 0.0
924 422 0.0
925 422 0.0
926 422 0.0
927 422 0.0
928 422 0.0
929 422 0.0
930 422 0.0
931 422 0.0
932 422 0.0
933 422 0.0
934 422 0.0
935 422 0.0
936 422 0.0
937 422 0.0
938 423 0.0
939 423 0.0
940 423 0.0
941 423 0.0
942 423 0.0
943 423 0.0
944 423 0.0
945 423 0.0
946 423 0.0
947 423 0.0
948 423 0.0
949 423 0.0
950 423 0.0
951 423 0.0
952 423 0.0
953 423 0.0
954 423 0.0
955 423 0.0
956 423 0.0
957 423 0.0
958 423 0.0
959 423 0.0
960 423 0.0
961 423 0.0
962 423 0.0
963 423 0.0
964 423 0.0
965 423 0.0
966 423 0.0
967 423 0.0
968 423 0.0
969 423 0.0
970 423 0.0
971 423 0.0
972 423 0.0
973 423 0.0
974 423 0.0
975 423 0.0
976 423 0.0
977 423 0.0
978 423 0.0
979 423 0.0
980 423 0.0
981 423 0.0
982 423 0.0
983 423 0.0
984 423 0.0
985 423 0.0
986 423 0.0
987 423 0.0
988 423 0.0
989 423 0.0
990 423 0.0
991 423 0.0
992 423 0.0
993 423 0.0
994 423 0.0
995 423 0.0
996 424 0.0
997 424 0.0
998 424 0.0
999 424 0.0
1000 424 0.0
1001 424 0.0
1002 424 0.0
1003 424 0.0
1004 424 0.0
1005 424 0.0
1006 424 0.0
1007 424 0.0
1008 424 0.0
1009 424 0.0
1010 424 0.0
1011 424 0.0
1012 424 0.0
1013 424 0.0
1014 424 0.0
1015 424 0.0
1016 424 0.0
1017 424 0.0
1018 424 0.0
1019 424 0.0
1020 424 0.0
1021 424 0.0
1022 424 0.0
1023 424 0.0
1024 424 0.0
1025 424 0.0
1026 424 0.0
1027 424 0.0
1028 424 0.0
1029 424 0.0
1030 424 0.0
1031 424 0.0
1032 424 0.0
1033 424 0.0
1034 424 0.0
1035 424 0.0
1036 424 0.0
1037 424 0.0
1038 424 0.0
1039 424 0.0
1040 424 0.0
1041 424 0.0
1042 424 0.0
1043 424 0.0
1044 424 0.0
1045 424 0.0
1046 424 0.0
1047 424 0.0
1048 424 0.0
1049 424 0.0
1050 424 0.0
1051 424 0.0
1052 424 0.0
1053 424 0.0
1054 424 0.0
1055 424 0.0
1056 424 0.0
1057 424 0.0
1058 424 0.0
1059 424 0.0
1060 424 0.0
1061 424 0.0
1062 424 0.0
1063 424 0.0
1064 424 0.0
1065 424 0.0
1066 424 0.0
1067 424 0.0
1068 424 0.0
1069 424 0.0
1070 424 0.0
1071 424 0.0
1072 424 0.0
1073 424 0.0
1074 424 0.0
1075 424 0.0
1076 424 0.0
1077 424 0.0
1078 424 0.0
1079 424 0.0
1080 424 0.0
1081 424 0.0
1082 424 0.0
1083 424 0.0
1084 424 0.0
1085 424 0.0
1086 424 0.0
1087 424 0.0
1088 424 0.0
1089 424 0.0
1090 424 0.0
1091 424 0.0
1092 425 0.0
1093 426 0.0
1094 427 0.0
1095 428 0.0
1096 429 0.0
1097 430 0.0
1098 431 0.0
1099 432 0.0
1100 433 0.0
1101 434 0.0
1102 435 0.0
1103 436 0.0
1104 437 0.0
1105 438 0.0
1106 439 0.0
1107 440 0.0
1108 441 0.0
1109 442 0.0
1110 443 0.0
1111 444 0.0
1112 445 0.0
1113 446 0.0
1114 447 0.0
1115 448 0.0
1116 449 0.0
1117 450 0.0
1118 451 0.0
1119 452 0.0
1120 453 0.0
1121 454 0.0
1122 455 0.0
1123 456 0.0
1124 457 0.0
1125 458 0.0
1126 459 0.0
1127 460 0.0
1128 461 0.0
1129 462 0.0
1130 463 0.0
1131 464 0.0
1132 465 0.0
1133 466 0.0
1134 467 0.0
1135 468 0.0
1136 469 0.0
1137 470 0.0
1138 471 0.0
1139 472 0.0
1140 473 0.0
1141 473 0.0
1142 473 0.0
1143 473 0.0
1144 473 0.0
1145 473 0.0
1146 473 0.0
1147 473 0.0
1148 473 0.0
