1 0 6.97167897114
2 0 6.97167897114
3 0 6.97167897114
4 0 6.97167897114
5 0 6.97167897114
6 0 6.97167897114
7 0 6.97167897114
8 0 6.97167897114
9 0 6.97167897114
10 0 6.97167897114
11 0 6.97167897114
12 0 6.97167897114
13 0 6.97167897114
14 0 6.97167897114
15 0 6.97167897114
16 0 6.97167897114
17 0 6.97167897114
18 0 6.97167897114
19 0 6.97167897114
20 0 6.97167897114
21 0 6.97167897114
22 0 6.97167897114
23 0 6.97167897114
24 0 6.97167897114
25 0 6.97167897114
26 0 6.97167897114
27 0 6.97167897114
28 0 6.97167897114
29 0 6.97167897114
30 0 6.97167897114
31 0 6.97167897114
32 0 6.97167897114
33 0 6.97167897114
34 0 6.97167897114
35 0 6.97167897114
36 0 6.97167897114
37 0 6.97167897114
38 0 6.97167897114
39 0 6.97167897114
40 0 6.97167897114
41 0 6.97167897114
42 0 6.97167897114
43 0 6.97167897114
44 0 6.97167897114
45 1 6.48759519489
46 2 6.52319072392
47 3 6.59752390029
48 4 6.58081918429
49 5 6.38203105312
50 6 6.38707431029
51 7 6.18781926189
52 8 6.13157260325
53 9 5.93686658151
54 10 5.78005249094
55 11 5.87195285765
56 12 5.72163857343
57 13 5.85911763121
58 14 6.05137443247
59 15 6.16613271741
60 16 6.36076884642
61 17 6.52822401889
62 18 6.57578288772
63 19 6.78836663404
64 20 6.86082820806
65 21 6.81819720861
66 22 6.69784455782
67 23 6.70373071617
68 24 6.46914146373
69 25 6.38047617293
70 26 6.20892681145
71 27 6.06087764658
72 28 5.96352496782
73 29 5.75614852463
74 30 5.9187696069
75 31 6.03098827657
76 32 6.26577986046
77 33 6.34610824034
78 34 6.53248571741
79 35 6.64552266587
80 36 6.76285356975
81 37 6.87158956319
82 38 6.7452355543
83 39 6.95007787687
84 40 7.13275431184
85 41 6.95942213097
86 42 7.0838526993
87 43 7.06781190762
88 44 7.242658621
89 44 7.242658621
90 44 7.242658621
91 44 7.242658621
92 44 7.242658621
93 44 7.242658621
94 44 7.242658621
95 44 7.242658621
96 44 7.242658621
97 44 7.242658621
98 44 7.242658621
99 44 7.242658621
100 44 7.242658621
101 44 7.242658621
102 44 7.242658621
103 44 7.242658621
104 44 7.242658621
105 44 7.242658621
106 44 7.242658621
107 44 7.242658621
108 44 7.242658621
109 44 7.242658621
110 44 7.242658621
111 44 7.242658621
112 44 7.242658621
113 44 7.242658621
114 44 7.242658621
115 44 7.242658621
116 44 7.242658621
117 44 7.242658621
118 44 7.242658621
119 44 7.242658621
120 44 7.242658621
121 44 7.242658621
122 44 7.242658621
123 44 7.242658621
124 45 6.9823094215
125 46 6.963107072
126 47 6.78744954627
127 48 6.65476315189
128 49 6.4990719236
129 50 6.31432156136
130 51 6.21481696835
131 52 5.63550447057
132 52 5.63550447057
133 52 5.63550447057
134 52 5.63550447057
135 52 5.63550447057
136 52 5.63550447057
137 52 5.63550447057
138 52 5.63550447057
139 52 5.63550447057
140 52 5.63550447057
141 52 5.63550447057
142 52 5.63550447057
143 52 5.63550447057
144 52 5.63550447057
145 52 5.63550447057
146 52 5.63550447057
147 52 5.63550447057
148 52 5.63550447057
149 53 5.90571128264
150 54 5.76471577014
151 55 5.72572335484
152 56 5.835780739
153 57 5.6796708843
154 58 5.79436898134
155 59 6.02436655289
156 60 6.11262822357
157 61 6.3230400302
158 62 6.35948134474
159 63 6.54937912939
160 64 6.61367646332
161 65 6.54496564067
162 66 6.57304458771
163 67 6.42534903552
164 68 6.20228235805
165 69 6.07532045248
166 70 5.84321679524
167 71 5.76533163284
168 72 5.53629557486
169 73 5.42155379811
170 74 5.2789360148
171 75 5.4041656319
172 76 5.56758977144
173 77 5.79516748367
174 78 5.65682001339
175 79 5.87566480553
176 80 5.95461874843
177 81 6.21063711552
178 82 6.36691635176
179 83 6.61489791364
180 84 6.76425873967
181 85 6.89353912819
182 86 7.10556809025
183 87 7.09738883588
184 88 7.00471485189
185 89 6.87542442335
186 90 7.0677011869
187 91 6.97519664348
188 92 7.02642937399
189 93 6.86739136207
190 94 6.80342011663
191 95 6.6312479723
192 96 6.65558660142
193 97 6.59970477261
194 98 6.36643799852
195 99 6.26003552705
196 100 6.03200688451
197 101 5.80743793637
198 102 5.65573057937
199 103 5.43931924701
200 104 5.34271481256
201 105 5.27908279289
202 106 5.36906344513
203 107 5.48747787716
204 108 5.42770346847
205 109 5.56347518485
206 110 5.72768359471
207 111 5.77414529103
208 112 5.9388970896
209 113 5.94358901021
210 114 6.10432494995
211 115 6.17986953204
212 116 6.04966792719
213 117 6.02092133077
214 118 5.82624770788
215 119 5.73655200305
216 120 5.5815454386
217 121 5.37080871818
218 122 5.26367199524
219 123 5.09274447786
220 124 4.97984061694
221 125 5.10815305463
222 126 5.26911560948
223 127 5.40450262924
224 128 5.5575291727
225 129 5.73421618547
226 130 5.87471361997
227 131 6.08324841303
228 132 6.06652488834
229 133 5.89279859819
230 134 5.71498107234
231 135 5.56703707029
232 136 5.36963904347
233 137 5.24846465019
234 138 5.14528664129
235 139 4.97279985281
236 140 4.88573176109
237 141 4.89429206105
238 142 4.77205837368
239 143 4.85436953825
240 144 5.01270122955
241 145 5.14660813388
242 146 5.24168104924
243 147 5.38741098409
244 148 5.46637349898
245 149 5.6074731512
246 150 5.70323005747
247 151 5.74037878542
248 152 5.92735538525
249 153 5.95394583421
250 154 5.86259139661
251 155 5.83502356524
252 156 5.72108052489
253 157 5.58208492679
254 158 5.52638649433
255 159 5.40152726234
256 160 5.28004413726
257 161 5.2086288693
258 162 5.06263539569
259 163 4.94577477484
260 164 4.86131582224
261 165 4.94845153883
262 166 5.02249537734
263 167 5.16250234977
264 168 5.16644669433
265 169 5.30973886151
266 170 5.3250475457
267 171 5.44465305248
268 172 5.49946259747
269 173 5.42714155645
270 174 5.27054506287
271 175 5.13124179561
272 176 5.06011990616
273 177 8.02880766899
274 177 8.02880766899
275 177 8.02880766899
276 177 8.02880766899
277 177 8.02880766899
278 177 8.02880766899
279 177 8.02880766899
280 177 8.02880766899
281 177 8.02880766899
282 177 8.02880766899
283 177 8.02880766899
284 177 8.02880766899
285 178 5.30810331533
286 179 5.15666745932
287 180 5.20703899136
288 181 5.1036107209
289 182 5.15236967796
290 183 5.0664397081
291 184 5.12815947696
292 185 5.06400560409
293 186 5.04702743504
294 187 4.9174684122
295 188 4.88570957692
296 189 4.92665271832
297 190 4.84502491413
298 191 4.73580700356
299 192 4.77412795749
300 193 4.76115059691
301 194 4.79522723716
302 195 4.91863225701
303 196 4.97076924877
304 197 5.10287601599
305 198 5.20325929725
306 199 5.35440894891
307 200 5.42613220612
308 201 5.60009146197
309 202 5.70252364608
310 203 5.84294314573
311 204 6.00384650909
312 205 6.06595240628
313 206 5.9592527405
314 207 5.86574780035
315 208 5.72626782127
316 209 5.69252347277
317 210 5.5395253865
318 211 5.5064184711
319 212 5.35032926568
320 213 5.30019706254
321 214 5.15784204453
322 215 5.07643135536
323 216 5.06070753124
324 217 5.18846343087
325 218 5.2590168612
326 219 5.36716418125
327 220 5.39491105921
328 221 5.52368339869
329 222 5.50650583669
330 223 5.60520992417
331 224 5.54623403291
332 225 5.59769443648
333 226 5.76611468121
334 227 8.32517983731
335 227 8.32517983731
336 227 8.32517983731
337 227 8.32517983731
338 227 8.32517983731
339 227 8.32517983731
340 227 8.32517983731
341 227 8.32517983731
342 227 8.32517983731
343 227 8.32517983731
344 227 8.32517983731
345 227 8.32517983731
346 227 8.32517983731
347 227 8.32517983731
348 227 8.32517983731
349 227 8.32517983731
350 227 8.32517983731
351 227 8.32517983731
352 227 8.32517983731
353 227 8.32517983731
354 227 8.32517983731
355 227 8.32517983731
356 228 5.41191529266
357 229 5.48873762777
358 230 5.48103372986
359 231 5.628468821
360 232 5.57335020085
361 233 5.45699158924
362 234 5.49306411328
363 235 5.40220288038
364 236 5.43034244571
365 237 5.35553016153
366 238 5.27493039757
367 239 5.1914928787
368 240 5.18168425953
369 241 5.30212827817
370 242 5.37879275946
371 243 5.48225526951
372 244 5.56259200243
373 245 5.71903438131
374 246 5.84536719037
375 247 6.01142152834
376 248 6.13944707628
377 249 6.26342961992
378 250 6.19531227612
379 251 6.06971062503
380 252 5.97225343709
381 253 5.90594393161
382 254 5.77334018957
383 255 5.70891928328
384 256 5.83199095321
385 257 5.76560195494
386 258 5.61034410652
387 259 5.56401984396
388 260 5.42234936113
389 261 5.34288783165
390 262 5.35500799553
391 263 5.51441918999
392 264 5.57285909312
393 265 5.69235453457
394 266 5.6762868792
395 267 5.83345495488
396 268 5.81785185721
397 269 5.7357711601
398 270 5.79428159568
399 271 5.81356834281
400 272 5.73592696309
401 273 5.57871484898
402 274 5.61549350842
403 275 5.56686287006
404 276 5.69891934919
405 277 5.84007772778
406 278 6.00440164818
407 279 6.12157896396
408 280 6.30001033368
409 281 6.38374156097
410 282 6.55214933514
411 283 6.6276765991
412 284 6.42843825172
413 285 6.3903918988
414 286 6.20306940412
415 287 6.1368607116
416 288 5.95072151759
417 289 5.89116166413
418 290 5.78739411619
419 291 5.69066497942
420 292 5.84501270307
421 293 6.02727949599
422 294 6.1268243562
423 295 6.23091261094
424 296 6.24188835694
425 297 6.30530054251
426 298 6.17945137925
427 299 5.65394689331
428 299 5.65394689331
429 299 5.65394689331
430 299 5.65394689331
431 299 5.65394689331
432 299 5.65394689331
433 299 5.65394689331
434 299 5.65394689331
435 299 5.65394689331
436 299 5.65394689331
437 299 5.65394689331
438 299 5.65394689331
439 299 5.65394689331
440 299 5.65394689331
441 299 5.65394689331
442 299 5.65394689331
443 299 5.65394689331
444 299 5.65394689331
445 299 5.65394689331
446 299 5.65394689331
447 299 5.65394689331
448 299 5.65394689331
449 299 5.65394689331
450 299 5.65394689331
451 299 5.65394689331
452 299 5.65394689331
453 299 5.65394689331
454 299 5.65394689331
455 299 5.65394689331
456 299 5.65394689331
457 299 5.65394689331
458 299 5.65394689331
459 299 5.65394689331
460 299 5.65394689331
461 299 5.65394689331
462 299 5.65394689331
463 299 5.65394689331
464 299 5.65394689331
465 299 5.65394689331
466 299 5.65394689331
467 299 5.65394689331
468 299 5.65394689331
469 299 5.65394689331
470 299 5.65394689331
471 299 5.65394689331
472 299 5.65394689331
473 299 5.65394689331
474 299 5.65394689331
475 299 5.65394689331
476 299 5.65394689331
477 299 5.65394689331
478 299 5.65394689331
479 299 5.65394689331
480 299 5.65394689331
481 299 5.65394689331
482 299 5.65394689331
483 299 5.65394689331
484 299 5.65394689331
485 299 5.65394689331
486 299 5.65394689331
487 299 5.65394689331
488 299 5.65394689331
489 299 5.65394689331
490 299 5.65394689331
491 300 5.99318841749
492 300 5.99318841749
493 300 5.99318841749
494 300 5.99318841749
495 300 5.99318841749
496 300 5.99318841749
497 300 5.99318841749
498 300 5.99318841749
499 300 5.99318841749
500 300 5.99318841749
501 300 5.99318841749
502 300 5.99318841749
503 300 5.99318841749
504 300 5.99318841749
505 300 5.99318841749
506 300 5.99318841749
507 300 5.99318841749
508 300 5.99318841749
509 300 5.99318841749
510 300 5.99318841749
511 300 5.99318841749
512 300 5.99318841749
513 300 5.99318841749
514 300 5.99318841749
515 300 5.99318841749
516 300 5.99318841749
517 300 5.99318841749
518 300 5.99318841749
519 300 5.99318841749
520 300 5.99318841749
521 300 5.99318841749
522 300 5.99318841749
523 300 5.99318841749
524 300 5.99318841749
525 300 5.99318841749
526 300 5.99318841749
527 300 5.99318841749
528 300 5.99318841749
529 300 5.99318841749
530 300 5.99318841749
531 300 5.99318841749
532 300 5.99318841749
533 300 5.99318841749
534 300 5.99318841749
535 300 5.99318841749
536 300 5.99318841749
537 300 5.99318841749
538 300 5.99318841749
539 300 5.99318841749
540 300 5.99318841749
541 300 5.99318841749
542 300 5.99318841749
543 300 5.99318841749
544 300 5.99318841749
545 300 5.99318841749
546 300 5.99318841749
547 300 5.99318841749
548 300 5.99318841749
549 300 5.99318841749
550 300 5.99318841749
551 300 5.99318841749
552 300 5.99318841749
553 300 5.99318841749
554 300 5.99318841749
555 300 5.99318841749
556 300 5.99318841749
557 300 5.99318841749
558 300 5.99318841749
559 300 5.99318841749
560 300 5.99318841749
561 300 5.99318841749
562 300 5.99318841749
563 300 5.99318841749
564 300 5.99318841749
565 300 5.99318841749
566 300 5.99318841749
567 300 5.99318841749
568 300 5.99318841749
569 300 5.99318841749
570 300 5.99318841749
571 300 5.99318841749
572 300 5.99318841749
573 300 5.99318841749
574 300 5.99318841749
575 301 5.63714003983
576 301 5.63714003983
577 301 5.63714003983
578 301 5.63714003983
579 301 5.63714003983
580 301 5.63714003983
581 301 5.63714003983
582 301 5.63714003983
583 301 5.63714003983
584 301 5.63714003983
585 301 5.63714003983
586 301 5.63714003983
587 301 5.63714003983
588 301 5.63714003983
589 301 5.63714003983
590 301 5.63714003983
591 301 5.63714003983
592 301 5.63714003983
593 301 5.63714003983
594 301 5.63714003983
595 301 5.63714003983
596 301 5.63714003983
597 301 5.63714003983
598 301 5.63714003983
599 301 5.63714003983
600 301 5.63714003983
601 301 5.63714003983
602 301 5.63714003983
603 301 5.63714003983
604 301 5.63714003983
605 301 5.63714003983
606 301 5.63714003983
607 301 5.63714003983
608 301 5.63714003983
609 301 5.63714003983
610 301 5.63714003983
611 301 5.63714003983
612 301 5.63714003983
613 301 5.63714003983
614 301 5.63714003983
615 301 5.63714003983
616 301 5.63714003983
617 301 5.63714003983
618 301 5.63714003983
619 301 5.63714003983
620 301 5.63714003983
621 301 5.63714003983
622 301 5.63714003983
623 301 5.63714003983
624 301 5.63714003983
625 301 5.63714003983
626 301 5.63714003983
627 301 5.63714003983
628 301 5.63714003983
629 301 5.63714003983
630 301 5.63714003983
631 301 5.63714003983
632 301 5.63714003983
633 301 5.63714003983
634 301 5.63714003983
635 301 5.63714003983
636 301 5.63714003983
637 301 5.63714003983
638 301 5.63714003983
639 301 5.63714003983
640 301 5.63714003983
641 301 5.63714003983
642 301 5.63714003983
643 301 5.63714003983
644 301 5.63714003983
645 301 5.63714003983
646 301 5.63714003983
647 301 5.63714003983
648 301 5.63714003983
649 301 5.63714003983
650 301 5.63714003983
651 301 5.63714003983
652 301 5.63714003983
653 301 5.63714003983
654 301 5.63714003983
655 301 5.63714003983
656 301 5.63714003983
657 301 5.63714003983
658 301 5.63714003983
659 302 3.72836953118
660 303 3.71600500578
661 304 3.51792541349
662 305 3.54585768656
663 306 3.48370571099
664 307 3.28630882465
665 308 3.19542021936
666 309 3.20599406946
667 310 3.1111425447
668 311 2.93727938158
669 312 2.88932503652
670 313 2.88138311146
671 314 2.77885490392
672 315 2.66029090708
673 316 2.63217452961
674 317 2.70494396613
675 318 2.84724185923
676 319 2.94560346093
677 320 3.01350743484
678 321 3.11500928103
679 322 3.3007276057
680 323 3.41750456899
681 324 3.44239994068
682 325 3.56736904776
683 326 3.7595337906
684 327 3.87231681617
685 328 3.97798755143
686 329 4.16026587213
687 330 3.88769517709
688 331 3.93331726902
689 332 4.12380079385
690 333 4.19382898016
691 334 4.0110086841
692 335 3.8080773284
693 336 3.83151264747
694 337 3.78584753074
695 338 3.55064916709
696 339 3.49474188807
697 340 3.52842201438
698 341 3.39132856314
699 342 3.18015614633
700 343 3.2045111184
701 344 3.2294988772
702 345 3.03557241789
703 346 2.9103770457
704 347 2.77987222946
705 348 2.63986817039
706 349 2.72096440869
707 350 2.7364629919
708 351 2.88919619985
709 352 2.95826267433
710 353 3.15756310117
711 354 3.19875456663
712 355 3.30116317441
713 356 3.55447314623
714 357 3.74080444088
715 358 3.67291774213
716 359 3.81703518041
717 360 4.00462360288
718 361 4.07846901306
719 362 4.0881491347
720 363 4.23942320345
721 364 4.42213009816
722 365 4.533918697
723 366 4.43237684737
724 367 4.48542441231
725 368 4.62758332995
726 369 4.67608938692
727 370 4.43487423449
728 371 4.28997139504
729 372 4.4079737536
730 373 4.28693342179
731 374 4.04184980101
732 375 4.05952143268
733 376 4.10026831334
734 377 3.88626537582
735 378 3.73250991107
736 379 3.85606087855
737 380 3.79838927721
738 381 3.9988136003
739 382 4.09549669596
740 383 4.24095215463
741 384 4.43727447682
742 385 4.52464815993
743 386 4.52713739725
744 387 4.63013742211
745 388 4.8538577332
746 389 4.88800843498
747 390 4.8729582552
748 391 5.1409525776
749 392 5.06004824755
750 393 4.7891371747
751 394 4.73104696729
752 395 4.53901951781
753 396 4.37880721929
754 397 4.44343062103
755 398 4.33502148999
756 399 4.09379231763
757 400 4.06378435319
758 401 4.08850680775
759 402 3.90425477991
760 403 3.74687795391
761 404 3.77677188527
762 405 3.82090422007
763 406 3.64783290621
764 407 3.68317184705
765 408 3.87472657822
766 409 4.11025705545
767 410 4.10005887213
768 411 4.29493055751
769 412 4.44187015499
770 413 4.43998775103
771 414 4.48864745711
772 415 4.71375277342
773 416 4.79388520545
774 417 4.79515147021
775 418 4.94526107846
776 419 5.17455679242
777 420 5.19737225352
778 421 5.23241591488
779 422 5.50942328038
780 423 5.60010518773
781 424 5.5238587437
782 425 5.53511622861
783 426 5.89029930467
784 426 5.89029930467
785 426 5.89029930467
786 426 5.89029930467
787 426 5.89029930467
788 426 5.89029930467
789 426 5.89029930467
790 426 5.89029930467
791 426 5.89029930467
792 426 5.89029930467
793 426 5.89029930467
794 426 5.89029930467
795 426 5.89029930467
796 426 5.89029930467
797 426 5.89029930467
798 426 5.89029930467
799 426 5.89029930467
800 426 5.89029930467
801 426 5.89029930467
802 426 5.89029930467
803 426 5.89029930467
804 426 5.89029930467
805 426 5.89029930467
806 426 5.89029930467
807 426 5.89029930467
808 426 5.89029930467
809 427 5.42465866141
810 428 5.47092201317
811 429 5.3426062023
812 430 5.08973170475
813 431 5.10058649597
814 432 5.05854947475
815 433 4.79644221127
816 434 4.68889074779
817 435 4.77078654619
818 436 4.6501179942
819 437 4.39080696299
820 438 4.44182817641
821 439 4.56937496857
822 440 4.66054391666
823 441 4.82340805255
824 442 4.73679187907
825 443 4.94065270125
826 444 5.19533806975
827 445 5.09906062694
828 446 5.2567934564
829 447 5.20208683891
830 448 5.37016180017
831 449 5.5977562292
832 450 5.66630102398
833 451 5.68516619802
834 452 5.74605392916
835 453 6.02336922523
836 454 5.82468866678
837 454 5.82468866678
838 454 5.82468866678
839 454 5.82468866678
840 454 5.82468866678
841 454 5.82468866678
842 454 5.82468866678
843 454 5.82468866678
844 454 5.82468866678
845 454 5.82468866678
846 454 5.82468866678
847 454 5.82468866678
848 454 5.82468866678
849 454 5.82468866678
850 454 5.82468866678
851 454 5.82468866678
852 454 5.82468866678
853 454 5.82468866678
854 454 5.82468866678
855 454 5.82468866678
856 454 5.82468866678
857 454 5.82468866678
858 454 5.82468866678
859 454 5.82468866678
860 454 5.82468866678
861 454 5.82468866678
862 454 5.82468866678
863 454 5.82468866678
864 454 5.82468866678
865 454 5.82468866678
866 454 5.82468866678
867 454 5.82468866678
868 454 5.82468866678
869 454 5.82468866678
870 454 5.82468866678
871 454 5.82468866678
872 454 5.82468866678
873 454 5.82468866678
874 454 5.82468866678
875 454 5.82468866678
876 454 5.82468866678
877 454 5.82468866678
878 454 5.82468866678
879 454 5.82468866678
880 454 5.82468866678
881 454 5.82468866678
882 454 5.82468866678
883 454 5.82468866678
884 454 5.82468866678
885 454 5.82468866678
886 454 5.82468866678
887 454 5.82468866678
888 454 5.82468866678
889 455 10.0708925786
890 455 10.0708925786
891 455 10.0708925786
892 455 10.0708925786
893 455 10.0708925786
894 455 10.0708925786
895 455 10.0708925786
896 455 10.0708925786
897 455 10.0708925786
898 455 10.0708925786
899 455 10.0708925786
900 455 10.0708925786
901 455 10.0708925786
902 455 10.0708925786
903 455 10.0708925786
904 455 10.0708925786
905 455 10.0708925786
906 455 10.0708925786
907 455 10.0708925786
908 455 10.0708925786
909 455 10.0708925786
910 455 10.0708925786
911 455 10.0708925786
912 455 10.0708925786
913 455 10.0708925786
914 455 10.0708925786
915 455 10.0708925786
916 455 10.0708925786
917 455 10.0708925786
918 455 10.0708925786
919 455 10.0708925786
920 455 10.0708925786
921 455 10.0708925786
922 455 10.0708925786
923 455 10.0708925786
924 455 10.0708925786
925 455 10.0708925786
926 455 10.0708925786
927 455 10.0708925786
928 455 10.0708925786
929 455 10.0708925786
930 455 10.0708925786
931 455 10.0708925786
932 455 10.0708925786
933 455 10.0708925786
934 455 10.0708925786
935 455 10.0708925786
936 455 10.0708925786
937 455 10.0708925786
938 455 10.0708925786
939 455 10.0708925786
940 455 10.0708925786
941 455 10.0708925786
942 456 3.04443880747
943 457 2.91619735486
944 458 2.9589605892
945 459 3.05152462402
946 460 3.2614104467
947 461 3.40778694564
948 462 3.38681681828
949 463 3.22534718467
950 464 3.02607207149
951 465 3.21414711007
952 466 3.33871964403
953 467 3.38711597917
954 468 3.71234526199
955 469 3.70870216445
956 470 3.58856204849
957 471 3.76429401301
958 472 4.10721145085
959 473 4.06680522394
960 474 3.85657400489
961 475 3.61655845701
962 476 3.42286237968
963 477 3.41095597573
964 478 11.6528547869
965 478 11.6528547869
966 478 11.6528547869
967 478 11.6528547869
968 478 11.6528547869
969 478 11.6528547869
970 478 11.6528547869
971 478 11.6528547869
972 478 11.6528547869
973 478 11.6528547869
974 478 11.6528547869
975 478 11.6528547869
976 478 11.6528547869
977 478 11.6528547869
978 478 11.6528547869
979 478 11.6528547869
980 478 11.6528547869
981 478 11.6528547869
982 478 11.6528547869
983 478 11.6528547869
984 478 11.6528547869
985 478 11.6528547869
986 478 11.6528547869
987 478 11.6528547869
988 478 11.6528547869
989 478 11.6528547869
990 478 11.6528547869
991 478 11.6528547869
992 478 11.6528547869
993 478 11.6528547869
994 478 11.6528547869
995 478 11.6528547869
996 478 11.6528547869
997 478 11.6528547869
998 478 11.6528547869
999 478 11.6528547869
1000 479 3.36394991872
1001 480 3.20712309285
1002 481 3.0301620505
1003 482 2.85872304362
1004 483 2.76297406712
1005 484 2.61908565078
1006 485 2.47596949525
1007 486 2.40922211428
1008 487 2.44785868321
1009 488 2.6505071305
1010 489 2.62271885933
1011 490 2.69574841513
1012 491 2.76448193896
1013 492 2.93852882215
1014 493 3.00662815437
1015 494 3.15927711362
1016 495 3.09242780574
1017 496 2.96485721844
1018 497 3.12544158826
1019 498 3.20618745431
1020 499 3.08349776279
1021 500 3.10731200133
1022 501 3.21637755208
1023 502 3.25143714159
1024 503 3.13677140519
1025 504 3.07617487007
1026 505 2.78595865611
1027 506 2.6001913262
1028 507 2.70814841569
1029 508 2.62883295912
1030 509 2.6067939526
1031 510 2.52825409959
1032 511 2.38519812436
1033 512 7.52010246608
1034 512 7.52010246608
1035 512 7.52010246608
1036 512 7.52010246608
1037 512 7.52010246608
1038 512 7.52010246608
