1 0 1.58372827184
2 0 1.58372827184
3 0 1.58372827184
4 0 1.58372827184
5 0 1.58372827184
6 0 1.58372827184
7 0 1.58372827184
8 0 1.58372827184
9 0 1.58372827184
10 0 1.58372827184
11 0 1.58372827184
12 0 1.58372827184
13 0 1.58372827184
14 0 1.58372827184
15 0 1.58372827184
16 0 1.58372827184
17 0 1.58372827184
18 0 1.58372827184
19 0 1.58372827184
20 0 1.58372827184
21 0 1.58372827184
22 0 1.58372827184
23 0 1.58372827184
24 0 1.58372827184
25 0 1.58372827184
26 0 1.58372827184
27 0 1.58372827184
28 0 1.58372827184
29 0 1.58372827184
30 0 1.58372827184
31 0 1.58372827184
32 0 1.58372827184
33 0 1.58372827184
34 0 1.58372827184
35 0 1.58372827184
36 0 1.58372827184
37 0 1.58372827184
38 0 1.58372827184
39 0 1.58372827184
40 0 1.58372827184
41 0 1.58372827184
42 0 1.58372827184
43 0 1.58372827184
44 0 1.58372827184
45 0 1.58372827184
46 0 1.58372827184
47 0 1.58372827184
48 0 1.58372827184
49 0 1.58372827184
50 0 1.58372827184
51 1 1.53080316827
52 1 1.53080316827
53 1 1.53080316827
54 1 1.53080316827
55 1 1.53080316827
56 1 1.53080316827
57 1 1.53080316827
58 1 1.53080316827
59 1 1.53080316827
60 1 1.53080316827
61 1 1.53080316827
62 1 1.53080316827
63 1 1.53080316827
64 1 1.53080316827
65 1 1.53080316827
66 1 1.53080316827
67 1 1.53080316827
68 1 1.53080316827
69 1 1.53080316827
70 1 1.53080316827
71 1 1.53080316827
72 1 1.53080316827
73 1 1.53080316827
74 1 1.53080316827
75 1 1.53080316827
76 1 1.53080316827
77 1 1.53080316827
78 1 1.53080316827
79 1 1.53080316827
80 1 1.53080316827
81 1 1.53080316827
82 1 1.53080316827
83 1 1.53080316827
84 1 1.53080316827
85 1 1.53080316827
86 1 1.53080316827
87 1 1.53080316827
88 1 1.53080316827
89 1 1.53080316827
90 1 1.53080316827
91 1 1.53080316827
92 1 1.53080316827
93 1 1.53080316827
94 1 1.53080316827
95 1 1.53080316827
96 1 1.53080316827
97 1 1.53080316827
98 1 1.53080316827
99 1 1.53080316827
100 1 1.53080316827
101 2 3.62386723189
102 3 3.57011395936
103 4 3.42449100888
104 5 3.32354874306
105 6 3.35506218836
106 7 3.36095207837
107 8 3.4841004035
108 9 3.57982681835
109 10 3.72732179002
110 11 3.8292100789
111 12 3.99401105127
112 13 3.99855247696
113 14 4.14252127135
114 15 4.19805516722
115 16 4.0705322385
116 17 3.99816393011
117 18 3.91947860749
118 19 3.77144693868
119 20 3.75542545704
120 21 3.67617058381
121 22 3.62235512603
122 23 3.69654353962
123 24 3.6034138867
124 25 3.62433835953
125 26 3.79482161695
126 27 3.87063304243
127 28 3.97572840165
128 29 3.987702174
129 30 4.16570407709
130 31 4.22270646269
131 32 4.2019603018
132 33 4.08846617773
133 34 3.9778017246
134 35 3.80778216392
135 36 3.70297746245
136 37 3.58189719449
137 38 3.46911602894
138 39 3.32742676631
139 40 3.30742701036
140 41 3.16546870456
141 42 3.08266717493
142 43 2.97632888634
143 44 3.04664654365
144 45 3.09979537005
145 46 3.20092154311
146 47 3.31952661308
147 48 3.39010666342
148 49 3.35303437397
149 50 3.45897904527
150 51 3.60405185077
151 52 3.62996649187
152 53 3.74372331338
153 54 3.84015324344
154 55 3.87461471482
155 56 3.96029405091
156 57 3.89110145829
157 58 3.93605475768
158 59 3.88179755365
159 60 3.78448704162
160 61 3.84705840785
161 62 3.72817753615
162 63 3.76926435448
163 64 3.65538475538
164 65 3.61841170678
165 66 3.51860980271
166 67 3.46412046914
167 68 3.38452468625
168 69 3.3228724507
169 70 3.390454764
170 71 3.37131342199
171 72 3.44136935911
172 73 3.55353823283
173 74 3.65556741149
174 75 3.75276223099
175 76 3.89210596447
176 77 3.88825064193
177 78 4.03601225116
178 79 4.07572414717
179 80 3.96039657326
180 81 3.80294611876
181 82 3.86012237316
182 83 3.92716047469
183 84 3.77035309259
184 85 3.7001116873
185 86 3.59755575529
186 87 3.56632322136
187 88 3.58435887841
188 89 3.43784129022
189 90 3.36628931349
190 91 3.27928763214
191 92 3.35714012285
192 93 3.3934982814
193 94 3.54288219995
194 95 3.64029665636
195 96 3.81347883822
196 97 3.91950098522
197 98 4.07013754331
198 99 4.21060979869
199 100 4.2117807286
200 101 4.36600633354
201 102 4.44110655669
202 103 4.59228265104
203 104 4.59755863703
204 105 4.52495424964
205 106 4.69875915033
206 107 4.66995918637
207 108 4.53860956411
208 109 4.59772278776
209 110 4.58194409602
210 111 4.5274796114
211 112 4.71268949682
212 113 4.74571007434
213 114 4.95029611631
214 115 4.89614772607
215 116 4.73472856174
216 117 4.5856559405
217 118 4.77058363606
218 119 4.99226298942
219 120 5.13505653463
220 121 5.00548304477
221 122 4.81413088836
222 123 4.94590762381
223 124 5.06965109439
224 125 4.89060744739
225 126 4.79321454218
226 127 4.69401476793
227 128 4.53294252093
228 129 4.449839262
229 130 4.40715931999
230 131 4.24618540576
231 132 4.14609023223
232 133 4.13130991234
233 134 4.13070558026
234 135 4.07928029319
235 136 4.11986273011
236 137 4.11451665765
237 138 4.08052722896
238 139 4.16557551254
239 140 4.17048456858
240 141 4.27662178448
241 142 4.37575149634
242 143 4.4045352258
243 144 4.33911894171
244 145 4.53672371333
245 146 4.54396241748
246 147 4.42232741654
247 148 4.45187410964
248 149 4.35180798758
249 150 4.33204640151
250 151 4.3942600062
251 152 4.33408180697
252 153 4.41910380174
253 154 4.44656310753
254 155 4.42538283498
255 156 4.60057598683
256 157 4.60611987764
257 158 4.53614206561
258 159 4.35224522276
259 160 4.19120590516
260 161 4.04276202683
261 162 4.07785839672
262 163 4.21728010951
263 164 4.29646097887
264 165 4.39901471603
265 166 4.55634408147
266 167 4.68841421358
267 168 4.8167555346
268 169 4.7028754855
269 170 4.81290965589
270 171 4.75374628016
271 172 4.84321085774
272 173 4.85477864543
273 174 4.97431393116
274 175 5.10053658054
275 176 5.23674021858
276 177 6.61960360096
277 177 6.61960360096
278 177 6.61960360096
279 178 1.97510092004
280 179 1.90546844022
281 180 1.79544882252
282 181 1.7419388507
283 182 1.66590724686
284 183 1.59945641987
285 184 1.58306829268
286 185 1.54053336843
287 186 1.49729338424
288 187 1.4643440832
289 188 1.48367570903
290 189 1.48752751968
291 190 1.46195526988
292 191 1.49375987475
293 192 1.52234979931
294 193 1.59701464567
295 194 1.59364008142
296 195 1.53217422411
297 196 1.51821517994
298 197 1.4937934776
299 198 1.4920431155
300 199 1.52993049658
301 200 1.56049717127
302 201 1.55008821194
303 202 1.57629874029
304 203 1.63631286038
305 204 1.67086303716
306 205 1.64494790222
307 206 1.66487196337
308 207 1.72927919207
309 208 1.79753270882
310 209 1.77745787292
311 210 1.82624076259
312 211 1.90664877608
313 212 1.94490358909
314 213 1.96840039664
315 214 2.02722804059
316 215 2.10467733165
317 216 2.13916942032
318 217 2.15725445487
319 218 2.23903473799
320 219 2.2260931126
321 220 2.2866122475
322 221 2.16670266897
323 222 2.14670017464
324 223 2.02728631049
325 224 1.986803293
326 225 1.88203769627
327 226 1.83158907343
328 227 1.74095618273
329 228 1.68030732085
330 229 1.65354682673
331 230 1.65399604584
332 231 10.1692040963
333 231 10.1692040963
334 231 10.1692040963
335 231 10.1692040963
336 231 10.1692040963
337 231 10.1692040963
338 231 10.1692040963
339 231 10.1692040963
340 231 10.1692040963
341 231 10.1692040963
342 231 10.1692040963
343 231 10.1692040963
344 232 1.76857551075
345 233 1.8484073479
346 234 1.88983013347
347 235 1.98989831827
348 236 2.01013706324
349 237 2.12807179406
350 238 2.10663972279
351 239 2.05851652271
352 240 2.08476657659
353 241 1.98825986282
354 242 1.90282637811
355 243 1.83129550552
356 244 1.77080572817
357 245 1.79462420099
358 246 1.86404978112
359 247 1.94178037536
360 248 1.93912171955
361 249 2.02815076111
362 250 2.11521255969
363 251 2.14246425966
364 252 2.21536447112
365 253 2.21906289199
366 254 2.11533245796
367 255 2.16880533498
368 256 2.15290103501
369 257 2.13937737312
370 258 2.02109058753
371 259 1.95979290281
372 260 2.00454762462
373 261 1.93825377295
374 262 1.82101355756
375 263 1.85264839004
376 264 1.87856674698
377 265 2.18497678374
378 265 2.18497678374
379 265 2.18497678374
380 265 2.18497678374
381 265 2.18497678374
382 265 2.18497678374
383 265 2.18497678374
384 265 2.18497678374
385 265 2.18497678374
386 265 2.18497678374
387 265 2.18497678374
388 265 2.18497678374
389 265 2.18497678374
390 265 2.18497678374
391 265 2.18497678374
392 265 2.18497678374
393 265 2.18497678374
394 265 2.18497678374
395 265 2.18497678374
396 265 2.18497678374
397 265 2.18497678374
398 265 2.18497678374
399 265 2.18497678374
400 266 1.8720099887
401 267 1.78859785548
402 268 1.69251992333
403 269 1.60220856884
404 270 1.58675980822
405 271 1.55790415842
406 272 1.5600420013
407 273 1.63611578329
408 274 1.67998848553
409 275 1.66868348678
410 276 1.75965401417
411 277 1.81285227316
412 278 1.77450436874
413 279 1.8161325773
414 280 1.92201873152
415 281 1.93851908225
416 282 1.91532587007
417 283 2.00017116998
418 284 2.09133408716
419 285 2.0919749729
420 286 2.10892951379
421 287 2.21449576218
422 288 2.28713974284
423 289 2.28213721004
424 290 2.29601173785
425 291 2.43890908865
426 292 2.54459716964
427 293 2.44498452911
428 294 2.43704876055
429 295 2.31099324076
430 296 2.37220279531
431 297 2.30069238402
432 298 2.17890412552
433 299 2.14535389914
434 300 2.06619133529
435 301 1.94163378216
436 302 1.85620689529
437 303 1.75491377176
438 304 1.6845974095
439 305 1.6030054464
440 306 1.55479259412
441 307 1.50619475972
442 308 1.53729486869
443 309 1.5084652215
444 310 1.53028895066
445 311 1.58228981279
446 312 1.66009676359
447 313 1.74532701924
448 314 1.81766051996
449 315 1.86289604406
450 316 1.86035321896
451 317 1.99016077242
452 318 1.98756241548
453 319 1.93169248106
454 320 2.05263129425
455 321 2.10728533616
456 322 2.00383297003
457 323 2.02078750985
458 324 2.15652982382
459 325 2.14086146311
460 326 2.05131926337
461 327 2.14074181266
462 328 2.25236448933
463 329 2.18600571317
464 330 2.13433293401
465 331 2.0198525076
466 332 1.91652559783
467 333 1.8066695356
468 334 1.70915899579
469 335 1.62634342333
470 336 1.5556509107
471 337 1.51134587809
472 338 1.52879963511
473 339 1.56821195799
474 340 2.62574926944
475 340 2.62574926944
476 340 2.62574926944
477 340 2.62574926944
478 340 2.62574926944
479 340 2.62574926944
480 340 2.62574926944
481 340 2.62574926944
482 340 2.62574926944
483 340 2.62574926944
484 340 2.62574926944
485 340 2.62574926944
486 340 2.62574926944
487 340 2.62574926944
488 340 2.62574926944
489 340 2.62574926944
490 340 2.62574926944
491 340 2.62574926944
492 340 2.62574926944
493 340 2.62574926944
494 340 2.62574926944
495 340 2.62574926944
496 340 2.62574926944
497 340 2.62574926944
498 340 2.62574926944
499 340 2.62574926944
500 340 2.62574926944
501 340 2.62574926944
502 340 2.62574926944
503 340 2.62574926944
504 340 2.62574926944
505 340 2.62574926944
506 340 2.62574926944
507 340 2.62574926944
508 340 2.62574926944
509 340 2.62574926944
510 340 2.62574926944
511 340 2.62574926944
512 340 2.62574926944
513 340 2.62574926944
514 340 2.62574926944
515 340 2.62574926944
516 340 2.62574926944
517 340 2.62574926944
518 340 2.62574926944
519 340 2.62574926944
520 340 2.62574926944
521 340 2.62574926944
522 340 2.62574926944
523 340 2.62574926944
524 340 2.62574926944
525 340 2.62574926944
526 340 2.62574926944
527 341 1.71416505135
528 341 1.71416505135
529 341 1.71416505135
530 341 1.71416505135
531 341 1.71416505135
532 341 1.71416505135
533 341 1.71416505135
534 341 1.71416505135
535 341 1.71416505135
536 341 1.71416505135
537 341 1.71416505135
538 341 1.71416505135
539 341 1.71416505135
540 341 1.71416505135
541 341 1.71416505135
542 341 1.71416505135
543 341 1.71416505135
544 341 1.71416505135
545 341 1.71416505135
546 341 1.71416505135
547 341 1.71416505135
548 341 1.71416505135
549 341 1.71416505135
550 341 1.71416505135
551 341 1.71416505135
552 341 1.71416505135
553 341 1.71416505135
554 341 1.71416505135
555 341 1.71416505135
556 341 1.71416505135
557 341 1.71416505135
558 341 1.71416505135
559 341 1.71416505135
560 341 1.71416505135
561 341 1.71416505135
562 341 1.71416505135
563 341 1.71416505135
564 341 1.71416505135
565 341 1.71416505135
566 341 1.71416505135
567 341 1.71416505135
568 341 1.71416505135
569 341 1.71416505135
570 341 1.71416505135
571 341 1.71416505135
572 341 1.71416505135
573 341 1.71416505135
574 341 1.71416505135
575 341 1.71416505135
576 341 1.71416505135
577 341 1.71416505135
578 341 1.71416505135
579 341 1.71416505135
580 341 1.71416505135
581 341 1.71416505135
582 341 1.71416505135
583 341 1.71416505135
584 341 1.71416505135
585 341 1.71416505135
586 341 1.71416505135
587 341 1.71416505135
588 341 1.71416505135
589 341 1.71416505135
590 341 1.71416505135
591 341 1.71416505135
592 341 1.71416505135
593 341 1.71416505135
594 341 1.71416505135
595 341 1.71416505135
596 341 1.71416505135
597 341 1.71416505135
598 341 1.71416505135
599 341 1.71416505135
600 341 1.71416505135
601 341 1.71416505135
602 341 1.71416505135
603 341 1.71416505135
604 341 1.71416505135
605 341 1.71416505135
606 341 1.71416505135
607 341 1.71416505135
608 341 1.71416505135
609 341 1.71416505135
610 342 1.48420008285
611 342 1.48420008285
612 342 1.48420008285
613 342 1.48420008285
614 342 1.48420008285
615 342 1.48420008285
616 342 1.48420008285
617 342 1.48420008285
618 342 1.48420008285
619 342 1.48420008285
620 342 1.48420008285
621 342 1.48420008285
622 342 1.48420008285
623 342 1.48420008285
624 342 1.48420008285
625 342 1.48420008285
626 342 1.48420008285
627 342 1.48420008285
628 342 1.48420008285
629 342 1.48420008285
630 342 1.48420008285
631 342 1.48420008285
632 342 1.48420008285
633 342 1.48420008285
634 342 1.48420008285
635 342 1.48420008285
636 342 1.48420008285
637 342 1.48420008285
638 342 1.48420008285
639 342 1.48420008285
640 342 1.48420008285
641 342 1.48420008285
642 342 1.48420008285
643 342 1.48420008285
644 342 1.48420008285
645 342 1.48420008285
646 342 1.48420008285
647 342 1.48420008285
648 342 1.48420008285
649 342 1.48420008285
650 342 1.48420008285
651 342 1.48420008285
652 342 1.48420008285
653 342 1.48420008285
654 342 1.48420008285
655 342 1.48420008285
656 342 1.48420008285
657 342 1.48420008285
658 342 1.48420008285
659 342 1.48420008285
660 342 1.48420008285
661 342 1.48420008285
662 342 1.48420008285
663 342 1.48420008285
664 342 1.48420008285
665 342 1.48420008285
666 342 1.48420008285
667 342 1.48420008285
668 342 1.48420008285
669 342 1.48420008285
670 342 1.48420008285
671 342 1.48420008285
672 342 1.48420008285
673 342 1.48420008285
674 342 1.48420008285
675 342 1.48420008285
676 342 1.48420008285
677 342 1.48420008285
678 342 1.48420008285
679 342 1.48420008285
680 342 1.48420008285
681 342 1.48420008285
682 342 1.48420008285
683 342 1.48420008285
684 342 1.48420008285
685 342 1.48420008285
686 342 1.48420008285
687 342 1.48420008285
688 342 1.48420008285
689 342 1.48420008285
690 342 1.48420008285
691 342 1.48420008285
692 342 1.48420008285
693 343 1.62007511026
694 343 1.62007511026
695 343 1.62007511026
696 343 1.62007511026
697 343 1.62007511026
698 343 1.62007511026
699 343 1.62007511026
700 343 1.62007511026
701 343 1.62007511026
702 343 1.62007511026
703 343 1.62007511026
704 343 1.62007511026
705 343 1.62007511026
706 343 1.62007511026
707 343 1.62007511026
708 343 1.62007511026
709 343 1.62007511026
710 343 1.62007511026
711 343 1.62007511026
712 343 1.62007511026
713 343 1.62007511026
714 343 1.62007511026
715 343 1.62007511026
716 343 1.62007511026
717 343 1.62007511026
718 343 1.62007511026
719 343 1.62007511026
720 343 1.62007511026
721 343 1.62007511026
722 343 1.62007511026
723 343 1.62007511026
724 343 1.62007511026
725 343 1.62007511026
726 343 1.62007511026
727 343 1.62007511026
728 343 1.62007511026
729 343 1.62007511026
730 343 1.62007511026
731 343 1.62007511026
732 343 1.62007511026
733 343 1.62007511026
734 343 1.62007511026
735 343 1.62007511026
736 343 1.62007511026
737 343 1.62007511026
738 343 1.62007511026
739 343 1.62007511026
740 343 1.62007511026
741 343 1.62007511026
742 343 1.62007511026
743 343 1.62007511026
744 343 1.62007511026
745 343 1.62007511026
746 343 1.62007511026
747 343 1.62007511026
748 343 1.62007511026
749 343 1.62007511026
750 343 1.62007511026
751 343 1.62007511026
752 343 1.62007511026
753 343 1.62007511026
754 343 1.62007511026
755 343 1.62007511026
756 343 1.62007511026
757 343 1.62007511026
758 343 1.62007511026
759 343 1.62007511026
760 343 1.62007511026
761 343 1.62007511026
762 343 1.62007511026
763 343 1.62007511026
764 343 1.62007511026
765 343 1.62007511026
766 343 1.62007511026
767 343 1.62007511026
768 343 1.62007511026
769 343 1.62007511026
770 343 1.62007511026
771 343 1.62007511026
772 343 1.62007511026
773 343 1.62007511026
774 343 1.62007511026
775 343 1.62007511026
776 344 2.11114492329
777 344 2.11114492329
778 344 2.11114492329
779 344 2.11114492329
780 344 2.11114492329
781 344 2.11114492329
782 344 2.11114492329
783 344 2.11114492329
784 344 2.11114492329
785 344 2.11114492329
786 344 2.11114492329
787 344 2.11114492329
788 344 2.11114492329
789 344 2.11114492329
790 344 2.11114492329
791 344 2.11114492329
792 344 2.11114492329
793 344 2.11114492329
794 344 2.11114492329
795 344 2.11114492329
796 344 2.11114492329
797 344 2.11114492329
798 344 2.11114492329
799 344 2.11114492329
800 344 2.11114492329
801 344 2.11114492329
802 344 2.11114492329
803 344 2.11114492329
804 344 2.11114492329
805 344 2.11114492329
806 344 2.11114492329
807 344 2.11114492329
808 344 2.11114492329
809 344 2.11114492329
810 344 2.11114492329
811 344 2.11114492329
812 344 2.11114492329
813 344 2.11114492329
814 344 2.11114492329
815 344 2.11114492329
816 344 2.11114492329
817 344 2.11114492329
818 344 2.11114492329
819 344 2.11114492329
820 344 2.11114492329
821 344 2.11114492329
822 344 2.11114492329
823 344 2.11114492329
824 344 2.11114492329
825 344 2.11114492329
826 344 2.11114492329
827 344 2.11114492329
828 344 2.11114492329
829 344 2.11114492329
830 344 2.11114492329
831 344 2.11114492329
832 344 2.11114492329
833 344 2.11114492329
834 344 2.11114492329
835 344 2.11114492329
836 344 2.11114492329
837 344 2.11114492329
838 344 2.11114492329
839 344 2.11114492329
840 344 2.11114492329
841 344 2.11114492329
842 344 2.11114492329
843 344 2.11114492329
844 344 2.11114492329
845 344 2.11114492329
846 344 2.11114492329
847 344 2.11114492329
848 344 2.11114492329
849 344 2.11114492329
850 344 2.11114492329
851 344 2.11114492329
852 344 2.11114492329
853 344 2.11114492329
854 344 2.11114492329
855 344 2.11114492329
856 344 2.11114492329
857 344 2.11114492329
858 344 2.11114492329
859 345 7.5637275429
860 346 2.51230397866
861 346 2.51230397866
862 346 2.51230397866
863 346 2.51230397866
864 346 2.51230397866
865 346 2.51230397866
866 346 2.51230397866
867 346 2.51230397866
868 346 2.51230397866
869 346 2.51230397866
870 346 2.51230397866
871 346 2.51230397866
872 346 2.51230397866
873 346 2.51230397866
874 346 2.51230397866
875 346 2.51230397866
876 346 2.51230397866
877 346 2.51230397866
878 346 2.51230397866
879 346 2.51230397866
880 346 2.51230397866
881 346 2.51230397866
882 346 2.51230397866
883 346 2.51230397866
884 346 2.51230397866
885 346 2.51230397866
886 346 2.51230397866
887 346 2.51230397866
888 346 2.51230397866
889 346 2.51230397866
890 346 2.51230397866
891 346 2.51230397866
892 346 2.51230397866
893 346 2.51230397866
894 346 2.51230397866
895 346 2.51230397866
896 346 2.51230397866
897 346 2.51230397866
898 346 2.51230397866
899 346 2.51230397866
900 346 2.51230397866
901 346 2.51230397866
902 346 2.51230397866
903 346 2.51230397866
904 346 2.51230397866
905 346 2.51230397866
906 346 2.51230397866
907 346 2.51230397866
908 346 2.51230397866
909 346 2.51230397866
910 346 2.51230397866
911 346 2.51230397866
912 346 2.51230397866
913 346 2.51230397866
914 346 2.51230397866
915 346 2.51230397866
916 346 2.51230397866
917 346 2.51230397866
918 346 2.51230397866
919 346 2.51230397866
920 346 2.51230397866
921 346 2.51230397866
922 346 2.51230397866
923 346 2.51230397866
924 346 2.51230397866
925 346 2.51230397866
926 346 2.51230397866
927 346 2.51230397866
928 346 2.51230397866
929 346 2.51230397866
930 346 2.51230397866
931 346 2.51230397866
932 346 2.51230397866
933 346 2.51230397866
934 346 2.51230397866
935 346 2.51230397866
936 346 2.51230397866
937 346 2.51230397866
938 346 2.51230397866
939 346 2.51230397866
940 346 2.51230397866
941 346 2.51230397866
942 346 2.51230397866
943 346 2.51230397866
944 346 2.51230397866
945 346 2.51230397866
946 346 2.51230397866
947 346 2.51230397866
948 346 2.51230397866
949 347 0.840134274637
950 347 0.840134274637
951 347 0.840134274637
952 347 0.840134274637
953 347 0.840134274637
954 347 0.840134274637
955 347 0.840134274637
956 347 0.840134274637
957 347 0.840134274637
958 347 0.840134274637
959 347 0.840134274637
960 347 0.840134274637
961 347 0.840134274637
962 347 0.840134274637
963 347 0.840134274637
964 347 0.840134274637
965 347 0.840134274637
966 347 0.840134274637
967 347 0.840134274637
968 347 0.840134274637
969 347 0.840134274637
970 347 0.840134274637
971 347 0.840134274637
972 347 0.840134274637
973 347 0.840134274637
974 347 0.840134274637
975 347 0.840134274637
976 347 0.840134274637
977 347 0.840134274637
978 347 0.840134274637
979 347 0.840134274637
980 347 0.840134274637
981 347 0.840134274637
982 347 0.840134274637
983 347 0.840134274637
984 347 0.840134274637
985 347 0.840134274637
986 347 0.840134274637
987 347 0.840134274637
988 347 0.840134274637
989 347 0.840134274637
990 347 0.840134274637
991 347 0.840134274637
992 347 0.840134274637
993 347 0.840134274637
994 347 0.840134274637
995 347 0.840134274637
996 347 0.840134274637
997 347 0.840134274637
998 347 0.840134274637
999 347 0.840134274637
1000 347 0.840134274637
1001 347 0.840134274637
1002 347 0.840134274637
1003 347 0.840134274637
1004 347 0.840134274637
1005 347 0.840134274637
1006 347 0.840134274637
1007 347 0.840134274637
1008 347 0.840134274637
1009 347 0.840134274637
1010 347 0.840134274637
1011 347 0.840134274637
1012 347 0.840134274637
1013 347 0.840134274637
1014 347 0.840134274637
1015 347 0.840134274637
1016 347 0.840134274637
1017 347 0.840134274637
1018 347 0.840134274637
1019 347 0.840134274637
1020 347 0.840134274637
1021 347 0.840134274637
1022 347 0.840134274637
1023 347 0.840134274637
1024 347 0.840134274637
1025 347 0.840134274637
1026 347 0.840134274637
1027 347 0.840134274637
1028 347 0.840134274637
1029 347 0.840134274637
1030 347 0.840134274637
1031 347 0.840134274637
1032 347 0.840134274637
1033 347 0.840134274637
1034 347 0.840134274637
1035 347 0.840134274637
1036 347 0.840134274637
1037 347 0.840134274637
1038 348 5.16836965816
1039 348 5.16836965816
1040 348 5.16836965816
1041 348 5.16836965816
1042 348 5.16836965816
1043 348 5.16836965816
1044 348 5.16836965816
1045 348 5.16836965816
1046 348 5.16836965816
1047 348 5.16836965816
1048 348 5.16836965816
1049 348 5.16836965816
1050 348 5.16836965816
1051 348 5.16836965816
1052 348 5.16836965816
1053 348 5.16836965816
1054 348 5.16836965816
1055 348 5.16836965816
1056 348 5.16836965816
1057 348 5.16836965816
1058 348 5.16836965816
1059 348 5.16836965816
1060 348 5.16836965816
1061 348 5.16836965816
1062 348 5.16836965816
1063 348 5.16836965816
1064 348 5.16836965816
1065 348 5.16836965816
1066 348 5.16836965816
1067 348 5.16836965816
1068 348 5.16836965816
1069 348 5.16836965816
1070 348 5.16836965816
1071 348 5.16836965816
1072 348 5.16836965816
1073 348 5.16836965816
1074 348 5.16836965816
1075 348 5.16836965816
1076 348 5.16836965816
1077 348 5.16836965816
1078 348 5.16836965816
1079 348 5.16836965816
1080 348 5.16836965816
1081 348 5.16836965816
1082 348 5.16836965816
1083 348 5.16836965816
1084 348 5.16836965816
1085 348 5.16836965816
1086 348 5.16836965816
1087 348 5.16836965816
1088 348 5.16836965816
1089 348 5.16836965816
1090 348 5.16836965816
1091 348 5.16836965816
1092 348 5.16836965816
1093 348 5.16836965816
1094 348 5.16836965816
1095 348 5.16836965816
1096 348 5.16836965816
1097 348 5.16836965816
1098 348 5.16836965816
1099 348 5.16836965816
1100 348 5.16836965816
1101 348 5.16836965816
1102 348 5.16836965816
1103 348 5.16836965816
1104 348 5.16836965816
1105 348 5.16836965816
1106 348 5.16836965816
1107 348 5.16836965816
1108 348 5.16836965816
1109 348 5.16836965816
1110 348 5.16836965816
1111 348 5.16836965816
1112 348 5.16836965816
1113 348 5.16836965816
1114 348 5.16836965816
1115 348 5.16836965816
1116 348 5.16836965816
1117 348 5.16836965816
1118 348 5.16836965816
1119 348 5.16836965816
1120 348 5.16836965816
1121 348 5.16836965816
1122 348 5.16836965816
1123 348 5.16836965816
1124 348 5.16836965816
1125 348 5.16836965816
1126 348 5.16836965816
1127 349 6.45657937234
1128 349 6.45657937234
1129 349 6.45657937234
1130 349 6.45657937234
1131 349 6.45657937234
1132 349 6.45657937234
1133 349 6.45657937234
1134 349 6.45657937234
1135 349 6.45657937234
1136 349 6.45657937234
1137 349 6.45657937234
1138 349 6.45657937234
1139 349 6.45657937234
1140 349 6.45657937234
1141 349 6.45657937234
1142 349 6.45657937234
1143 349 6.45657937234
1144 349 6.45657937234
1145 349 6.45657937234
1146 349 6.45657937234
1147 349 6.45657937234
1148 349 6.45657937234
1149 349 6.45657937234
1150 349 6.45657937234
1151 349 6.45657937234
1152 349 6.45657937234
1153 349 6.45657937234
1154 349 6.45657937234
1155 349 6.45657937234
1156 349 6.45657937234
1157 349 6.45657937234
1158 349 6.45657937234
1159 349 6.45657937234
1160 349 6.45657937234
1161 349 6.45657937234
1162 349 6.45657937234
1163 349 6.45657937234
1164 349 6.45657937234
1165 349 6.45657937234
1166 349 6.45657937234
1167 349 6.45657937234
1168 349 6.45657937234
1169 349 6.45657937234
1170 349 6.45657937234
1171 349 6.45657937234
1172 349 6.45657937234
1173 349 6.45657937234
1174 349 6.45657937234
1175 349 6.45657937234
1176 349 6.45657937234
1177 349 6.45657937234
1178 350 8.66480062913
1179 351 8.73693194898
1180 352 8.86504407512
1181 353 8.97963429966
1182 354 9.00823005083
1183 355 8.9404798381
1184 356 9.00689096146
1185 357 9.143668265
1186 358 9.17912483157
1187 359 9.33407452227
1188 360 9.34012800006
1189 361 9.43545263693
1190 362 9.33464419697
1191 363 9.20753273474
1192 364 9.27481614795
1193 365 9.32592302609
1194 366 9.18328545808
1195 367 9.12005888254
1196 368 9.23764188447
1197 369 9.21553609076
1198 370 9.14713522075
1199 371 9.06059277627
1200 372 9.00975415653
1201 373 8.91706223245
1202 374 8.96596231657
1203 375 9.08318771893
1204 376 9.17579693397
1205 377 9.20247620423
1206 378 9.11341127934
1207 379 9.0122894002
1208 380 8.93201812266
1209 381 8.91183906093
1210 382 8.86633941598
1211 383 8.84151045286
1212 384 8.95322392252
1213 385 9.0224299197
1214 386 9.13306500855
1215 387 9.23785694548
1216 388 9.23669446955
1217 389 9.13725402768
1218 390 9.09044476019
1219 391 9.12203936455
1220 392 9.08688694101
1221 393 8.96049064277
1222 394 8.94712457233
1223 395 9.02135382966
1224 396 8.93272394466
1225 397 8.82408334643
1226 398 8.88325074843
1227 399 8.90642664171
1228 400 8.78095309628
1229 401 8.73544032324
1230 402 8.81208715122
1231 403 8.79965706596
1232 404 8.78155740386
1233 405 8.82073455175
1234 406 8.83740706088
1235 407 8.76652797295
1236 408 8.7442109237
1237 409 8.79129075917
1238 410 8.89510372935
1239 411 8.92974356915
1240 412 8.91327825268
1241 413 8.98968177388
1242 414 9.08860139932
1243 415 9.10857356873
1244 416 9.11859392529
1245 417 9.21099713014
1246 418 9.29885096673
1247 419 9.30147439963
1248 420 9.35207778018
1249 421 9.46249934424
1250 422 9.52953233798
1251 423 9.56475591568
1252 424 9.45160026291
1253 425 9.40279233734
1254 426 9.4589380894
1255 427 9.39592755669
1256 428 9.41942416867
1257 429 9.48238759566
1258 430 9.63538461013
1259 431 9.60480832176
1260 432 9.48437696512
1261 433 9.40786795806
1262 434 9.27455718358
1263 435 9.18550107441
1264 436 9.07177695435
1265 437 9.03312201332
1266 438 9.13836271371
1267 439 9.10189775164
1268 440 9.19397540428
1269 441 9.25251694228
1270 442 9.32079187328
1271 443 9.38693992804
1272 444 9.53425501312
1273 445 9.67753177491
1274 446 9.54658456856
1275 446 9.54658456856
1276 446 9.54658456856
1277 446 9.54658456856
1278 446 9.54658456856
1279 446 9.54658456856
1280 446 9.54658456856
1281 446 9.54658456856
1282 446 9.54658456856
1283 446 9.54658456856
1284 446 9.54658456856
1285 446 9.54658456856
1286 446 9.54658456856
1287 446 9.54658456856
1288 446 9.54658456856
1289 446 9.54658456856
1290 446 9.54658456856
1291 446 9.54658456856
1292 446 9.54658456856
1293 446 9.54658456856
1294 446 9.54658456856
1295 446 9.54658456856
1296 446 9.54658456856
1297 446 9.54658456856
1298 446 9.54658456856
1299 446 9.54658456856
1300 446 9.54658456856
1301 446 9.54658456856
1302 446 9.54658456856
1303 446 9.54658456856
1304 446 9.54658456856
1305 446 9.54658456856
1306 446 9.54658456856
1307 446 9.54658456856
1308 446 9.54658456856
1309 446 9.54658456856
1310 446 9.54658456856
1311 446 9.54658456856
1312 446 9.54658456856
1313 446 9.54658456856
1314 446 9.54658456856
1315 446 9.54658456856
1316 446 9.54658456856
1317 446 9.54658456856
1318 446 9.54658456856
1319 446 9.54658456856
1320 446 9.54658456856
1321 446 9.54658456856
1322 446 9.54658456856
1323 446 9.54658456856
1324 446 9.54658456856
1325 446 9.54658456856
1326 446 9.54658456856
1327 446 9.54658456856
1328 446 9.54658456856
1329 446 9.54658456856
1330 446 9.54658456856
1331 446 9.54658456856
1332 446 9.54658456856
1333 446 9.54658456856
1334 446 9.54658456856
1335 446 9.54658456856
1336 446 9.54658456856
1337 446 9.54658456856
1338 446 9.54658456856
1339 446 9.54658456856
1340 446 9.54658456856
1341 447 6.32935617752
1342 447 6.32935617752
1343 447 6.32935617752
1344 447 6.32935617752
1345 447 6.32935617752
1346 447 6.32935617752
1347 447 6.32935617752
1348 447 6.32935617752
1349 447 6.32935617752
1350 447 6.32935617752
1351 447 6.32935617752
1352 447 6.32935617752
1353 447 6.32935617752
1354 447 6.32935617752
1355 447 6.32935617752
1356 447 6.32935617752
1357 447 6.32935617752
1358 447 6.32935617752
1359 447 6.32935617752
1360 447 6.32935617752
1361 447 6.32935617752
1362 447 6.32935617752
1363 447 6.32935617752
1364 447 6.32935617752
1365 447 6.32935617752
1366 447 6.32935617752
1367 447 6.32935617752
1368 447 6.32935617752
1369 447 6.32935617752
1370 447 6.32935617752
1371 447 6.32935617752
1372 447 6.32935617752
1373 447 6.32935617752
1374 447 6.32935617752
1375 447 6.32935617752
1376 447 6.32935617752
1377 447 6.32935617752
1378 447 6.32935617752
1379 447 6.32935617752
1380 447 6.32935617752
1381 447 6.32935617752
1382 447 6.32935617752
1383 447 6.32935617752
1384 447 6.32935617752
1385 447 6.32935617752
1386 447 6.32935617752
1387 447 6.32935617752
1388 447 6.32935617752
1389 447 6.32935617752
1390 447 6.32935617752
1391 447 6.32935617752
1392 447 6.32935617752
1393 447 6.32935617752
1394 447 6.32935617752
1395 447 6.32935617752
1396 447 6.32935617752
1397 447 6.32935617752
1398 447 6.32935617752
1399 447 6.32935617752
1400 447 6.32935617752
1401 447 6.32935617752
1402 447 6.32935617752
1403 447 6.32935617752
1404 447 6.32935617752
1405 447 6.32935617752
1406 447 6.32935617752
1407 447 6.32935617752
1408 447 6.32935617752
1409 447 6.32935617752
1410 447 6.32935617752
1411 447 6.32935617752
1412 447 6.32935617752
1413 447 6.32935617752
1414 447 6.32935617752
1415 447 6.32935617752
1416 447 6.32935617752
1417 447 6.32935617752
1418 447 6.32935617752
1419 447 6.32935617752
1420 447 6.32935617752
1421 447 6.32935617752
1422 448 8.72463101811
1423 448 8.72463101811
1424 448 8.72463101811
1425 448 8.72463101811
1426 448 8.72463101811
1427 448 8.72463101811
1428 448 8.72463101811
1429 448 8.72463101811
1430 448 8.72463101811
1431 448 8.72463101811
1432 448 8.72463101811
1433 448 8.72463101811
1434 448 8.72463101811
1435 448 8.72463101811
1436 448 8.72463101811
1437 448 8.72463101811
1438 448 8.72463101811
1439 448 8.72463101811
1440 448 8.72463101811
1441 448 8.72463101811
1442 448 8.72463101811
1443 448 8.72463101811
1444 448 8.72463101811
1445 448 8.72463101811
1446 448 8.72463101811
1447 448 8.72463101811
1448 448 8.72463101811
1449 448 8.72463101811
1450 448 8.72463101811
1451 448 8.72463101811
1452 448 8.72463101811
1453 448 8.72463101811
1454 448 8.72463101811
1455 448 8.72463101811
1456 448 8.72463101811
1457 448 8.72463101811
1458 448 8.72463101811
1459 448 8.72463101811
1460 448 8.72463101811
1461 448 8.72463101811
1462 448 8.72463101811
1463 448 8.72463101811
1464 448 8.72463101811
1465 448 8.72463101811
1466 448 8.72463101811
1467 448 8.72463101811
1468 448 8.72463101811
1469 448 8.72463101811
1470 448 8.72463101811
1471 448 8.72463101811
1472 448 8.72463101811
1473 448 8.72463101811
1474 448 8.72463101811
1475 448 8.72463101811
1476 448 8.72463101811
1477 448 8.72463101811
1478 448 8.72463101811
1479 448 8.72463101811
1480 448 8.72463101811
1481 448 8.72463101811
1482 448 8.72463101811
1483 448 8.72463101811
1484 448 8.72463101811
1485 448 8.72463101811
1486 448 8.72463101811
1487 448 8.72463101811
1488 448 8.72463101811
1489 448 8.72463101811
1490 448 8.72463101811
1491 448 8.72463101811
1492 448 8.72463101811
1493 448 8.72463101811
1494 448 8.72463101811
1495 448 8.72463101811
1496 448 8.72463101811
1497 448 8.72463101811
1498 448 8.72463101811
1499 448 8.72463101811
1500 448 8.72463101811
1501 448 8.72463101811
1502 448 8.72463101811
1503 449 8.91408680529
1504 449 8.91408680529
1505 449 8.91408680529
1506 449 8.91408680529
1507 449 8.91408680529
1508 449 8.91408680529
1509 449 8.91408680529
1510 449 8.91408680529
1511 449 8.91408680529
1512 449 8.91408680529
1513 449 8.91408680529
1514 449 8.91408680529
1515 449 8.91408680529
1516 449 8.91408680529
1517 449 8.91408680529
1518 449 8.91408680529
1519 449 8.91408680529
1520 449 8.91408680529
1521 449 8.91408680529
1522 449 8.91408680529
1523 449 8.91408680529
1524 449 8.91408680529
1525 449 8.91408680529
1526 449 8.91408680529
1527 449 8.91408680529
1528 449 8.91408680529
1529 449 8.91408680529
1530 449 8.91408680529
1531 449 8.91408680529
1532 449 8.91408680529
1533 449 8.91408680529
1534 449 8.91408680529
1535 449 8.91408680529
1536 449 8.91408680529
1537 449 8.91408680529
1538 449 8.91408680529
1539 449 8.91408680529
1540 449 8.91408680529
1541 449 8.91408680529
1542 449 8.91408680529
1543 449 8.91408680529
1544 449 8.91408680529
1545 449 8.91408680529
1546 449 8.91408680529
1547 449 8.91408680529
1548 449 8.91408680529
1549 449 8.91408680529
1550 449 8.91408680529
1551 449 8.91408680529
1552 449 8.91408680529
1553 449 8.91408680529
1554 449 8.91408680529
1555 449 8.91408680529
1556 449 8.91408680529
1557 449 8.91408680529
1558 449 8.91408680529
1559 449 8.91408680529
1560 449 8.91408680529
1561 449 8.91408680529
1562 449 8.91408680529
1563 449 8.91408680529
1564 449 8.91408680529
1565 449 8.91408680529
1566 449 8.91408680529
1567 449 8.91408680529
1568 449 8.91408680529
1569 449 8.91408680529
1570 449 8.91408680529
1571 449 8.91408680529
1572 449 8.91408680529
1573 449 8.91408680529
1574 449 8.91408680529
1575 449 8.91408680529
1576 449 8.91408680529
1577 449 8.91408680529
1578 449 8.91408680529
1579 449 8.91408680529
1580 449 8.91408680529
1581 449 8.91408680529
1582 449 8.91408680529
1583 449 8.91408680529
1584 450 11.0275160716
