1 0 6.72978166867
2 0 6.72978166867
3 0 6.72978166867
4 0 6.72978166867
5 0 6.72978166867
6 0 6.72978166867
7 0 6.72978166867
8 0 6.72978166867
9 0 6.72978166867
10 0 6.72978166867
11 0 6.72978166867
12 0 6.72978166867
13 0 6.72978166867
14 0 6.72978166867
15 0 6.72978166867
16 0 6.72978166867
17 0 6.72978166867
18 0 6.72978166867
19 0 6.72978166867
20 0 6.72978166867
21 0 6.72978166867
22 0 6.72978166867
23 0 6.72978166867
24 0 6.72978166867
25 0 6.72978166867
26 0 6.72978166867
27 0 6.72978166867
28 0 6.72978166867
29 0 6.72978166867
30 0 6.72978166867
31 0 6.72978166867
32 0 6.72978166867
33 0 6.72978166867
34 0 6.72978166867
35 0 6.72978166867
36 0 6.72978166867
37 0 6.72978166867
38 0 6.72978166867
39 0 6.72978166867
40 0 6.72978166867
41 0 6.72978166867
42 0 6.72978166867
43 0 6.72978166867
44 0 6.72978166867
45 1 6.35603458826
46 2 6.37591773596
47 3 6.44764463632
48 4 6.43635635597
49 5 6.28079686435
50 6 6.27799243759
51 7 6.11314483287
52 8 6.08008562626
53 9 5.93926867024
54 10 5.85115665452
55 11 5.95042208894
56 12 5.86077739977
57 13 5.9848557028
58 14 6.12844553439
59 15 6.22218468895
60 16 6.35856873811
61 17 6.48811811584
62 18 6.51177317908
63 19 6.65976931007
64 20 6.71494114734
65 21 6.67125087468
66 22 6.58073566606
67 23 6.60606214803
68 24 6.43552391463
69 25 6.38430179227
70 26 6.23942985029
71 27 6.13032373617
72 28 6.02151004649
73 29 5.84927902587
74 30 5.93931070684
75 31 6.06231693472
76 32 6.23895721432
77 33 6.34378311345
78 34 6.47770053856
79 35 6.57834930693
80 36 6.64269832559
81 37 6.71712184937
82 38 6.59935658852
83 39 6.74104244496
84 40 6.88544915145
85 41 6.73720172171
86 42 6.85092094076
87 43 6.88109879432
88 44 6.4605557095
89 44 6.4605557095
90 44 6.4605557095
91 44 6.4605557095
92 44 6.4605557095
93 44 6.4605557095
94 44 6.4605557095
95 44 6.4605557095
96 44 6.4605557095
97 44 6.4605557095
98 44 6.4605557095
99 44 6.4605557095
100 44 6.4605557095
101 44 6.4605557095
102 44 6.4605557095
103 44 6.4605557095
104 44 6.4605557095
105 44 6.4605557095
106 44 6.4605557095
107 44 6.4605557095
108 44 6.4605557095
109 44 6.4605557095
110 44 6.4605557095
111 44 6.4605557095
112 44 6.4605557095
113 44 6.4605557095
114 44 6.4605557095
115 44 6.4605557095
116 44 6.4605557095
117 44 6.4605557095
118 44 6.4605557095
119 44 6.4605557095
120 44 6.4605557095
121 44 6.4605557095
122 44 6.4605557095
123 44 6.4605557095
124 45 6.79270344514
125 46 6.8218719387
126 47 6.64702182054
127 48 6.57940004677
128 49 6.41451758432
129 50 6.32995807123
130 51 6.19348198563
131 52 5.12064912913
132 52 5.12064912913
133 52 5.12064912913
134 52 5.12064912913
135 52 5.12064912913
136 52 5.12064912913
137 52 5.12064912913
138 52 5.12064912913
139 52 5.12064912913
140 52 5.12064912913
141 52 5.12064912913
142 52 5.12064912913
143 52 5.12064912913
144 52 5.12064912913
145 52 5.12064912913
146 52 5.12064912913
147 52 5.12064912913
148 52 5.12064912913
149 53 5.91174343772
150 54 5.85903986323
151 55 5.84960295818
152 56 5.97065120555
153 57 5.85922212561
154 58 5.96593909979
155 59 6.14319452191
156 60 6.2109233409
157 61 6.36443671806
158 62 6.38872442061
159 63 6.51131166687
160 64 6.54825787039
161 65 6.51207759535
162 66 6.54886140088
163 67 6.45543514357
164 68 6.29991727126
165 69 6.20331556405
166 70 6.02588063342
167 71 5.94176672348
168 72 5.75049670557
169 73 5.63039165188
170 74 5.50303440855
171 75 5.62254416364
172 76 5.7828379369
173 77 5.96711616992
174 78 5.89389484962
175 79 6.08064863994
176 80 6.13826041394
177 81 6.33145305701
178 82 6.43428398424
179 83 6.6109575695
180 84 6.69057012208
181 85 6.78833704294
182 86 6.89897099965
183 87 6.87166472555
184 88 6.8760058893
185 89 6.77522282212
186 90 6.81554506101
187 91 6.72149613792
188 92 6.66419632714
189 93 6.60542255008
190 94 6.622637856
191 95 6.59244323866
192 96 6.62819176532
193 97 6.56381062069
194 98 6.42361899037
195 99 6.37468093699
196 100 6.21496309313
197 101 6.04732610842
198 102 5.92281311789
199 103 5.75165404386
200 104 5.6656372391
201 105 5.59325853393
202 106 5.64831889506
203 107 5.75185640835
204 108 5.69116516545
205 109 5.80068769003
206 110 5.93456159722
207 111 5.96587179256
208 112 6.08855783058
209 113 6.08981024294
210 114 6.19709139171
211 115 6.2518649464
212 116 6.16601951452
213 117 6.15104177532
214 118 6.01765819388
215 119 5.95691764915
216 120 5.83834968523
217 121 5.6746829432
218 122 5.59023237569
219 123 5.45899223093
220 124 5.36827578422
221 125 5.4807375418
222 126 5.60480260232
223 127 5.71760815283
224 128 5.82976909284
225 129 5.96244380386
226 130 6.05433877629
227 131 6.19629049156
228 132 6.17388369146
229 133 6.05875618772
230 134 5.94570759588
231 135 5.83915692395
232 136 5.69497659504
233 137 5.60293955523
234 138 5.51459551364
235 139 5.37783428083
236 140 5.29545477455
237 141 5.29186475811
238 142 5.18511554462
239 143 5.24601429984
240 144 5.37268850479
241 145 5.48300299253
242 146 5.54266586928
243 147 5.65911064629
244 148 5.72932303701
245 149 5.83074970859
246 150 5.90621148282
247 151 5.92893160164
248 152 6.06087486873
249 153 6.08461731327
250 154 6.02720823127
251 155 6.00861577765
252 156 5.93311774191
253 157 5.82648376398
254 158 5.78004590643
255 159 5.67916783743
256 160 5.58691422115
257 161 5.51955621795
258 162 5.40485429958
259 163 5.3014509636
260 164 5.23845834988
261 165 5.2989094777
262 166 5.36692465049
263 167 5.48359906925
264 168 5.49837015931
265 169 5.61335933581
266 170 5.63580022316
267 171 5.73185623559
268 172 5.77844803922
269 173 5.73018549777
270 174 5.61040434283
271 175 5.5061129158
272 176 5.44151894484
273 177 8.39342610254
274 177 8.39342610254
275 177 8.39342610254
276 177 8.39342610254
277 177 8.39342610254
278 177 8.39342610254
279 177 8.39342610254
280 177 8.39342610254
281 177 8.39342610254
282 177 8.39342610254
283 177 8.39342610254
284 177 8.39342610254
285 178 5.62002477592
286 179 5.49916357417
287 180 5.52857060676
288 181 5.44148781914
289 182 5.4686209281
290 183 5.39035786152
291 184 5.43439334051
292 185 5.37332073226
293 186 5.35949906541
294 187 5.25192838326
295 188 5.22896221714
296 189 5.25706097778
297 190 5.17720446285
298 191 5.08405154512
299 192 5.12170188356
300 193 5.1149987599
301 194 5.15548172728
302 195 5.25392099399
303 196 5.30685591499
304 197 5.41881249156
305 198 5.49257787965
306 199 5.61437311318
307 200 5.67444512367
308 201 5.80387444601
309 202 5.88274390547
310 203 5.97858267353
311 204 6.09799110736
312 205 6.14362218231
313 206 6.06919202782
314 207 6.01027364104
315 208 5.9084588735
316 209 5.87303149842
317 210 5.75834545348
318 211 5.72460585053
319 212 5.60489504427
320 213 5.55739568632
321 214 5.4439862021
322 215 5.37041544197
323 216 5.35739937142
324 217 5.45291165626
325 218 5.51408004144
326 219 5.60212507698
327 220 5.63081361052
328 221 5.73348769216
329 222 5.72936883031
330 223 5.81167929352
331 224 5.77578084376
332 225 5.81636694093
333 226 5.9500302255
334 227 8.37379391647
335 227 8.37379391647
336 227 8.37379391647
337 227 8.37379391647
338 227 8.37379391647
339 227 8.37379391647
340 227 8.37379391647
341 227 8.37379391647
342 227 8.37379391647
343 227 8.37379391647
344 227 8.37379391647
345 227 8.37379391647
346 227 8.37379391647
347 227 8.37379391647
348 227 8.37379391647
349 227 8.37379391647
350 227 8.37379391647
351 227 8.37379391647
352 227 8.37379391647
353 227 8.37379391647
354 227 8.37379391647
355 227 8.37379391647
356 228 5.66432298232
357 229 5.7175652862
358 230 5.70553571111
359 231 5.81580777247
360 232 5.76621111084
361 233 5.67213165804
362 234 5.69133184431
363 235 5.61767448745
364 236 5.63016050584
365 237 5.56949775597
366 238 5.50118781996
367 239 5.43913027102
368 240 5.44067442812
369 241 5.54030511905
370 242 5.60397070123
371 243 5.6905409299
372 244 5.75114729576
373 245 5.87197100408
374 246 5.96398654852
375 247 6.07688916235
376 248 6.17566424969
377 249 6.2533065771
378 250 6.19417398633
379 251 6.1131323109
380 252 6.03472216659
381 253 5.99017485641
382 254 5.90225048808
383 255 5.85017170372
384 256 5.94061879093
385 257 5.8885576939
386 258 5.77116484627
387 259 5.7285836437
388 260 5.61578011043
389 261 5.54669634916
390 262 5.5470291656
391 263 5.65986233981
392 264 5.71052719962
393 265 5.80613441175
394 266 5.80095999109
395 267 5.91345475548
396 268 5.91492134453
397 269 5.85593786845
398 270 5.89456355626
399 271 5.89306601624
400 272 5.82267398085
401 273 5.70918448299
402 274 5.75566650478
403 275 5.7349670336
404 276 5.84877543959
405 277 5.95478005746
406 278 6.08533262075
407 279 6.16698337641
408 280 6.30036957965
409 281 6.35936559539
410 282 6.46767109852
411 283 6.51035475236
412 284 6.37212901922
413 285 6.33847647238
414 286 6.19999632849
415 287 6.15834151604
416 288 6.01708266248
417 289 5.96895406719
418 290 5.86960961538
419 291 5.78057368757
420 292 5.87423024785
421 293 6.02424919259
422 294 6.12234312813
423 295 6.2059255359
424 296 6.1972575993
425 297 6.24632811798
426 298 6.15317901704
427 299 5.68358475239
428 299 5.68358475239
429 299 5.68358475239
430 299 5.68358475239
431 299 5.68358475239
432 299 5.68358475239
433 299 5.68358475239
434 299 5.68358475239
435 299 5.68358475239
436 299 5.68358475239
437 299 5.68358475239
438 299 5.68358475239
439 299 5.68358475239
440 299 5.68358475239
441 299 5.68358475239
442 299 5.68358475239
443 299 5.68358475239
444 299 5.68358475239
445 299 5.68358475239
446 299 5.68358475239
447 299 5.68358475239
448 299 5.68358475239
449 299 5.68358475239
450 299 5.68358475239
451 299 5.68358475239
452 299 5.68358475239
453 299 5.68358475239
454 299 5.68358475239
455 299 5.68358475239
456 299 5.68358475239
457 299 5.68358475239
458 299 5.68358475239
459 299 5.68358475239
460 299 5.68358475239
461 299 5.68358475239
462 299 5.68358475239
463 299 5.68358475239
464 299 5.68358475239
465 299 5.68358475239
466 299 5.68358475239
467 299 5.68358475239
468 299 5.68358475239
469 299 5.68358475239
470 299 5.68358475239
471 299 5.68358475239
472 299 5.68358475239
473 299 5.68358475239
474 299 5.68358475239
475 299 5.68358475239
476 299 5.68358475239
477 299 5.68358475239
478 299 5.68358475239
479 299 5.68358475239
480 299 5.68358475239
481 299 5.68358475239
482 299 5.68358475239
483 299 5.68358475239
484 299 5.68358475239
485 299 5.68358475239
486 299 5.68358475239
487 299 5.68358475239
488 299 5.68358475239
489 299 5.68358475239
490 299 5.68358475239
491 300 5.00876545774
492 300 5.00876545774
493 300 5.00876545774
494 300 5.00876545774
495 300 5.00876545774
496 300 5.00876545774
497 300 5.00876545774
498 300 5.00876545774
499 300 5.00876545774
500 300 5.00876545774
501 300 5.00876545774
502 300 5.00876545774
503 300 5.00876545774
504 300 5.00876545774
505 300 5.00876545774
506 300 5.00876545774
507 300 5.00876545774
508 300 5.00876545774
509 300 5.00876545774
510 300 5.00876545774
511 300 5.00876545774
512 300 5.00876545774
513 300 5.00876545774
514 300 5.00876545774
515 300 5.00876545774
516 300 5.00876545774
517 300 5.00876545774
518 300 5.00876545774
519 300 5.00876545774
520 300 5.00876545774
521 300 5.00876545774
522 300 5.00876545774
523 300 5.00876545774
524 300 5.00876545774
525 300 5.00876545774
526 300 5.00876545774
527 300 5.00876545774
528 300 5.00876545774
529 300 5.00876545774
530 300 5.00876545774
531 300 5.00876545774
532 300 5.00876545774
533 300 5.00876545774
534 300 5.00876545774
535 300 5.00876545774
536 300 5.00876545774
537 300 5.00876545774
538 300 5.00876545774
539 300 5.00876545774
540 300 5.00876545774
541 300 5.00876545774
542 300 5.00876545774
543 300 5.00876545774
544 300 5.00876545774
545 300 5.00876545774
546 300 5.00876545774
547 300 5.00876545774
548 300 5.00876545774
549 300 5.00876545774
550 300 5.00876545774
551 300 5.00876545774
552 300 5.00876545774
553 300 5.00876545774
554 300 5.00876545774
555 300 5.00876545774
556 300 5.00876545774
557 300 5.00876545774
558 300 5.00876545774
559 300 5.00876545774
560 300 5.00876545774
561 300 5.00876545774
562 300 5.00876545774
563 300 5.00876545774
564 300 5.00876545774
565 300 5.00876545774
566 300 5.00876545774
567 300 5.00876545774
568 300 5.00876545774
569 300 5.00876545774
570 300 5.00876545774
571 300 5.00876545774
572 300 5.00876545774
573 300 5.00876545774
574 300 5.00876545774
575 301 6.06757689544
576 301 6.06757689544
577 301 6.06757689544
578 301 6.06757689544
579 301 6.06757689544
580 301 6.06757689544
581 301 6.06757689544
582 301 6.06757689544
583 301 6.06757689544
584 301 6.06757689544
585 301 6.06757689544
586 301 6.06757689544
587 301 6.06757689544
588 301 6.06757689544
589 301 6.06757689544
590 301 6.06757689544
591 301 6.06757689544
592 301 6.06757689544
593 301 6.06757689544
594 301 6.06757689544
595 301 6.06757689544
596 301 6.06757689544
597 301 6.06757689544
598 301 6.06757689544
599 301 6.06757689544
600 301 6.06757689544
601 301 6.06757689544
602 301 6.06757689544
603 301 6.06757689544
604 301 6.06757689544
605 301 6.06757689544
606 301 6.06757689544
607 301 6.06757689544
608 301 6.06757689544
609 301 6.06757689544
610 301 6.06757689544
611 301 6.06757689544
612 301 6.06757689544
613 301 6.06757689544
614 301 6.06757689544
615 301 6.06757689544
616 301 6.06757689544
617 301 6.06757689544
618 301 6.06757689544
619 301 6.06757689544
620 301 6.06757689544
621 301 6.06757689544
622 301 6.06757689544
623 301 6.06757689544
624 301 6.06757689544
625 301 6.06757689544
626 301 6.06757689544
627 301 6.06757689544
628 301 6.06757689544
629 301 6.06757689544
630 301 6.06757689544
631 301 6.06757689544
632 301 6.06757689544
633 301 6.06757689544
634 301 6.06757689544
635 301 6.06757689544
636 301 6.06757689544
637 301 6.06757689544
638 301 6.06757689544
639 301 6.06757689544
640 301 6.06757689544
641 301 6.06757689544
642 301 6.06757689544
643 301 6.06757689544
644 301 6.06757689544
645 301 6.06757689544
646 301 6.06757689544
647 301 6.06757689544
648 301 6.06757689544
649 301 6.06757689544
650 301 6.06757689544
651 301 6.06757689544
652 301 6.06757689544
653 301 6.06757689544
654 301 6.06757689544
655 301 6.06757689544
656 301 6.06757689544
657 301 6.06757689544
658 301 6.06757689544
659 302 2.90845424399
660 303 3.0212276793
661 304 3.0437239074
662 305 2.96467451464
663 306 2.77622699352
664 307 2.78995622877
665 308 2.84701924481
666 309 2.6969528883
667 310 2.58776131887
668 311 2.66165214185
669 312 2.66115945563
670 313 2.48986229379
671 314 2.48200315667
672 315 2.59300166661
673 316 2.52321548382
674 317 2.68178565857
675 318 2.59360434822
676 319 2.81065325168
677 320 2.89638491741
678 321 2.70865197723
679 322 2.74278158043
680 323 2.99977634589
681 324 2.98440159826
682 325 2.82313241933
683 326 2.94053708608
684 327 3.19633273702
685 328 3.18878909315
686 329 3.17006515019
687 330 2.96550072642
688 331 2.89640266833
689 332 2.83732820172
690 333 2.70700397239
691 334 2.57057229005
692 335 2.61775905314
693 336 2.65489558336
694 337 2.46114386567
695 338 2.42338589081
696 339 2.55016781712
697 340 2.47027486734
698 341 2.30939567876
699 342 2.37907694641
700 343 2.46426087663
701 344 2.29984058238
702 345 2.2616053653
703 346 2.36237173963
704 347 2.32376969953
705 348 2.343713884
706 349 2.37083748412
707 350 2.54962983664
708 351 2.62873155514
709 352 2.82977958836
710 353 2.99302519128
711 354 3.22749174126
712 355 3.04742222855
713 356 3.11209166115
714 357 3.15476044635
715 358 2.85841683056
716 359 2.81102134539
717 360 3.10428786007
718 361 3.06207699717
719 362 2.8271337288
720 363 2.95209268944
721 364 3.16983366368
722 365 3.04635557367
723 366 2.80068904032
724 367 2.89510614798
725 368 2.75873165156
726 369 2.74908514821
727 370 2.54254046562
728 371 2.63609309864
729 372 2.88825767598
730 373 2.82509498963
731 374 2.68158384704
732 375 2.90765562561
733 376 3.12064862838
734 377 2.95115086794
735 378 2.90043242496
736 379 3.21682120834
737 380 3.30454843674
738 381 3.57777882812
739 382 3.35790743033
740 383 3.57333204711
741 384 3.77042476277
742 385 3.52478904778
743 386 3.35675487996
744 387 3.62424952093
745 388 3.74755775213
746 389 3.49883670544
747 390 3.25170702095
748 391 3.32727778453
749 392 3.21649037019
750 393 3.03199911969
751 394 3.20777021088
752 395 2.99971821548
753 396 2.93400940251
754 397 3.24186069365
755 398 3.3549231611
756 399 3.15846614769
757 400 3.22470148782
758 401 3.55955362261
759 402 3.53142237082
760 403 3.30936982577
761 404 3.48165647429
762 405 3.81045896552
763 406 3.77794359459
764 407 4.11936119271
765 408 4.27509842532
766 409 4.36922463408
767 410 4.06830807817
768 411 4.23428439357
769 412 4.36571894102
770 413 4.079046546
771 414 3.95892327078
772 415 4.20469125834
773 416 4.15862336096
774 417 3.84985887459
775 418 3.93756232609
776 419 4.13584102937
777 420 3.90893170982
778 421 3.74059873236
779 422 3.94621092578
780 423 3.90593421574
781 424 3.60159378329
782 425 3.48091702999
783 426 6.04856063727
784 426 6.04856063727
785 426 6.04856063727
786 426 6.04856063727
787 426 6.04856063727
788 426 6.04856063727
789 426 6.04856063727
790 426 6.04856063727
791 426 6.04856063727
792 426 6.04856063727
793 426 6.04856063727
794 426 6.04856063727
795 426 6.04856063727
796 426 6.04856063727
797 426 6.04856063727
798 426 6.04856063727
799 426 6.04856063727
800 426 6.04856063727
801 426 6.04856063727
802 426 6.04856063727
803 426 6.04856063727
804 426 6.04856063727
805 426 6.04856063727
806 426 6.04856063727
807 426 6.04856063727
808 426 6.04856063727
809 427 4.06887948652
810 428 3.79678086848
811 429 3.60494398281
812 430 3.51505503182
813 431 3.79055615788
814 432 3.92827241414
815 433 3.75061708956
816 434 3.79312589172
817 435 4.10028047198
818 436 4.07195699138
819 437 3.98057973952
820 438 4.20160381022
821 439 4.43694745368
822 440 4.40074070844
823 441 4.65116757694
824 442 4.89691381624
825 443 5.01155342734
826 444 4.92758715335
827 445 4.69042307855
828 446 4.47902361972
829 447 4.38971982053
830 448 4.66767430326
831 449 4.68257935824
832 450 4.42777793375
833 451 4.58505783718
834 452 4.48502274132
835 453 4.39569252132
836 454 6.7679249782
837 454 6.7679249782
838 454 6.7679249782
839 454 6.7679249782
840 454 6.7679249782
841 454 6.7679249782
842 454 6.7679249782
843 454 6.7679249782
844 454 6.7679249782
845 454 6.7679249782
846 454 6.7679249782
847 454 6.7679249782
848 454 6.7679249782
849 454 6.7679249782
850 454 6.7679249782
851 454 6.7679249782
852 454 6.7679249782
853 454 6.7679249782
854 454 6.7679249782
855 454 6.7679249782
856 454 6.7679249782
857 454 6.7679249782
858 454 6.7679249782
859 454 6.7679249782
860 454 6.7679249782
861 454 6.7679249782
862 454 6.7679249782
863 454 6.7679249782
864 454 6.7679249782
865 454 6.7679249782
866 454 6.7679249782
867 454 6.7679249782
868 454 6.7679249782
869 454 6.7679249782
870 454 6.7679249782
871 454 6.7679249782
872 454 6.7679249782
873 454 6.7679249782
874 454 6.7679249782
875 454 6.7679249782
876 454 6.7679249782
877 454 6.7679249782
878 454 6.7679249782
879 454 6.7679249782
880 454 6.7679249782
881 454 6.7679249782
882 454 6.7679249782
883 454 6.7679249782
884 454 6.7679249782
885 454 6.7679249782
886 454 6.7679249782
887 454 6.7679249782
888 454 6.7679249782
889 455 11.1016459595
890 455 11.1016459595
891 455 11.1016459595
892 455 11.1016459595
893 455 11.1016459595
894 455 11.1016459595
895 455 11.1016459595
896 455 11.1016459595
897 455 11.1016459595
898 455 11.1016459595
899 455 11.1016459595
900 455 11.1016459595
901 455 11.1016459595
902 455 11.1016459595
903 455 11.1016459595
904 455 11.1016459595
905 455 11.1016459595
906 455 11.1016459595
907 455 11.1016459595
908 455 11.1016459595
909 455 11.1016459595
910 455 11.1016459595
911 455 11.1016459595
912 455 11.1016459595
913 455 11.1016459595
914 455 11.1016459595
915 455 11.1016459595
916 455 11.1016459595
917 455 11.1016459595
918 455 11.1016459595
919 455 11.1016459595
920 455 11.1016459595
921 455 11.1016459595
922 455 11.1016459595
923 455 11.1016459595
924 455 11.1016459595
925 455 11.1016459595
926 455 11.1016459595
927 455 11.1016459595
928 455 11.1016459595
929 455 11.1016459595
930 455 11.1016459595
931 455 11.1016459595
932 455 11.1016459595
933 455 11.1016459595
934 455 11.1016459595
935 455 11.1016459595
936 455 11.1016459595
937 455 11.1016459595
938 455 11.1016459595
939 455 11.1016459595
940 455 11.1016459595
941 455 11.1016459595
942 456 2.69004381316
943 457 2.81434271866
944 458 2.97182669996
945 459 3.17570609018
946 460 3.26214562003
947 461 3.25098634863
948 462 3.13498743616
949 463 2.84322444819
950 464 2.69327137205
951 465 2.844803289
952 466 3.09236684845
953 467 3.24586623417
954 468 3.60662933452
955 469 3.72617222407
956 470 3.52705173113
957 471 3.59611959883
958 472 4.01806930703
959 473 4.04859150072
960 474 3.7129243071
961 475 3.46142862579
962 476 3.19625554796
963 477 3.1227777618
964 478 10.8558055152
965 478 10.8558055152
966 478 10.8558055152
967 478 10.8558055152
968 478 10.8558055152
969 478 10.8558055152
970 478 10.8558055152
971 478 10.8558055152
972 478 10.8558055152
973 478 10.8558055152
974 478 10.8558055152
975 478 10.8558055152
976 478 10.8558055152
977 478 10.8558055152
978 478 10.8558055152
979 478 10.8558055152
980 478 10.8558055152
981 478 10.8558055152
982 478 10.8558055152
983 478 10.8558055152
984 478 10.8558055152
985 478 10.8558055152
986 478 10.8558055152
987 478 10.8558055152
988 478 10.8558055152
989 478 10.8558055152
990 478 10.8558055152
991 478 10.8558055152
992 478 10.8558055152
993 478 10.8558055152
994 478 10.8558055152
995 478 10.8558055152
996 478 10.8558055152
997 478 10.8558055152
998 478 10.8558055152
999 478 10.8558055152
1000 479 3.16051128022
1001 480 3.02609270776
1002 481 2.80910010042
1003 482 2.65824049569
1004 483 2.61179391638
1005 484 2.40052842107
1006 485 2.36627178843
1007 486 2.23054160268
1008 487 2.25643388967
1009 488 2.17935936515
1010 489 2.3498930607
1011 490 2.46906587092
1012 491 2.71731418151
1013 492 2.88414638266
1014 493 2.90433640916
1015 494 3.15295857782
1016 495 3.18129549722
1017 496 3.04014810336
1018 497 3.17903642999
1019 498 3.43364051972
1020 499 3.31398934272
1021 500 3.2549306268
1022 501 3.57099768037
1023 502 3.64556505332
1024 503 3.39719947411
1025 504 3.15197483227
1026 505 3.03399948484
1027 506 2.88188155802
1028 507 3.0047147331
1029 508 2.7456806183
1030 509 2.63116891915
1031 510 2.42808291163
1032 511 2.58918170904
1033 512 7.27285953598
1034 512 7.27285953598
1035 512 7.27285953598
1036 512 7.27285953598
1037 512 7.27285953598
1038 512 7.27285953598
