1 0 0.0
2 0 0.0
3 0 0.0
4 0 0.0
5 0 0.0
6 0 0.0
7 0 0.0
8 0 0.0
9 1 0.0
10 2 0.0
11 3 0.0
12 4 0.0
13 5 0.0
14 6 0.0
15 7 0.0
16 8 0.0
17 9 0.0
18 10 0.0
19 11 0.0
20 12 0.0
21 13 0.0
22 14 0.0
23 15 0.0
24 16 0.0
25 17 0.0
26 18 0.0
27 19 0.0
28 20 0.0
29 21 0.0
30 22 0.0
31 23 0.0
32 24 0.0
33 25 0.0
34 26 0.0
35 27 0.0
36 28 0.0
37 29 0.0
38 30 0.0
39 31 0.0
40 32 0.0
41 33 0.0
42 34 0.0
43 35 0.0
44 36 0.0
45 37 0.0
46 38 0.0
47 39 0.0
48 40 0.0
49 41 0.0
50 42 0.0
51 43 0.0
52 44 0.0
53 45 0.0
54 46 0.0
55 47 0.0
56 48 0.0
57 49 0.0
58 50 0.0
59 51 0.0
60 52 0.0
61 53 0.0
62 54 0.0
63 55 0.0
64 56 0.0
65 57 0.0
66 58 0.0
67 59 0.0
68 60 0.0
69 61 0.0
70 62 0.0
71 63 0.0
72 64 0.0
73 65 0.0
74 66 0.0
75 67 0.0
76 68 0.0
77 69 0.0
78 70 0.0
79 71 0.0
80 72 0.0
81 73 0.0
82 74 0.0
83 75 0.0
84 76 0.0
85 77 0.0
86 78 0.0
87 79 0.0
88 80 0.0
89 81 0.0
90 82 0.0
91 83 0.0
92 84 0.0
93 85 0.0
94 86 0.0
95 87 0.0
96 88 0.0
97 89 0.0
98 90 0.0
99 91 0.0
100 92 0.0
101 93 0.0
102 94 0.0
103 95 0.0
104 96 0.0
105 97 0.0
106 98 0.0
107 99 0.0
108 100 0.0
109 101 0.0
110 102 0.0
111 103 0.0
112 104 0.0
113 105 0.0
114 106 0.0
115 107 0.0
116 108 0.0
117 109 0.0
118 110 0.0
119 111 0.0
120 112 0.0
121 113 0.0
122 114 0.0
123 115 0.0
124 116 0.0
125 117 0.0
126 118 0.0
127 119 0.0
128 120 0.0
129 120 0.0
130 120 0.0
131 120 0.0
132 120 0.0
133 120 0.0
134 120 0.0
135 120 0.0
136 120 0.0
137 120 0.0
138 120 0.0
139 120 0.0
140 120 0.0
141 120 0.0
142 120 0.0
143 120 0.0
144 120 0.0
145 120 0.0
146 120 0.0
147 120 0.0
148 120 0.0
149 120 0.0
150 120 0.0
151 120 0.0
152 120 0.0
153 120 0.0
154 120 0.0
155 120 0.0
156 120 0.0
157 120 0.0
158 120 0.0
159 120 0.0
160 120 0.0
161 120 0.0
162 120 0.0
163 120 0.0
164 120 0.0
165 120 0.0
166 120 0.0
167 120 0.0
168 120 0.0
169 120 0.0
170 120 0.0
171 120 0.0
172 120 0.0
173 120 0.0
174 120 0.0
175 120 0.0
176 120 0.0
177 120 0.0
178 120 0.0
179 120 0.0
180 120 0.0
181 120 0.0
182 120 0.0
183 120 0.0
184 120 0.0
185 120 0.0
186 120 0.0
187 120 0.0
188 120 0.0
189 120 0.0
190 120 0.0
191 120 0.0
192 120 0.0
193 121 0.0
194 121 0.0
195 121 0.0
196 121 0.0
197 121 0.0
198 121 0.0
199 121 0.0
200 121 0.0
201 121 0.0
202 121 0.0
203 121 0.0
204 121 0.0
205 121 0.0
206 121 0.0
207 121 0.0
208 121 0.0
209 121 0.0
210 121 0.0
211 121 0.0
212 121 0.0
213 121 0.0
214 121 0.0
215 121 0.0
216 121 0.0
217 121 0.0
218 121 0.0
219 121 0.0
220 121 0.0
221 121 0.0
222 121 0.0
223 121 0.0
224 121 0.0
225 121 0.0
226 121 0.0
227 121 0.0
228 121 0.0
229 121 0.0
230 121 0.0
231 121 0.0
232 121 0.0
233 121 0.0
234 121 0.0
235 121 0.0
236 121 0.0
237 121 0.0
238 121 0.0
239 121 0.0
240 121 0.0
241 121 0.0
242 121 0.0
243 121 0.0
244 121 0.0
245 121 0.0
246 121 0.0
247 121 0.0
248 121 0.0
249 121 0.0
250 121 0.0
251 121 0.0
252 121 0.0
253 121 0.0
254 121 0.0
255 121 0.0
256 121 0.0
257 122 0.0
258 123 0.0
259 124 0.0
260 125 0.0
261 126 0.0
262 127 0.0
263 128 0.0
264 129 0.0
265 130 0.0
266 131 0.0
267 132 0.0
268 133 0.0
269 134 0.0
270 135 0.0
271 136 0.0
272 137 0.0
273 138 0.0
274 139 0.0
275 140 0.0
276 141 0.0
277 142 0.0
278 143 0.0
279 144 0.0
280 145 0.0
281 146 0.0
282 147 0.0
283 148 0.0
284 149 0.0
285 150 0.0
286 151 0.0
287 152 0.0
288 153 0.0
289 154 0.0
290 155 0.0
291 156 0.0
292 157 0.0
293 158 0.0
294 159 0.0
295 160 0.0
296 161 0.0
297 162 0.0
298 163 0.0
299 164 0.0
300 165 0.0
301 166 0.0
302 167 0.0
303 168 0.0
304 169 0.0
305 170 0.0
306 171 0.0
307 172 0.0
308 173 0.0
309 174 0.0
310 175 0.0
311 176 0.0
312 177 0.0
313 178 0.0
314 179 0.0
315 180 0.0
316 181 0.0
317 182 0.0
318 183 0.0
319 184 0.0
320 185 0.0
321 186 0.0
322 187 0.0
323 188 0.0
324 189 0.0
325 190 0.0
326 191 0.0
327 192 0.0
328 193 0.0
329 193 0.0
330 193 0.0
331 193 0.0
332 193 0.0
333 193 0.0
334 193 0.0
335 193 0.0
336 193 0.0
337 193 0.0
338 193 0.0
339 193 0.0
340 193 0.0
341 193 0.0
342 193 0.0
343 193 0.0
344 193 0.0
345 193 0.0
346 193 0.0
347 193 0.0
348 193 0.0
349 193 0.0
350 193 0.0
351 193 0.0
352 193 0.0
353 193 0.0
354 193 0.0
355 193 0.0
356 194 0.0
357 194 0.0
358 194 0.0
359 194 0.0
360 194 0.0
361 194 0.0
362 194 0.0
363 194 0.0
364 194 0.0
365 194 0.0
366 194 0.0
367 194 0.0
368 194 0.0
369 194 0.0
370 194 0.0
371 194 0.0
372 194 0.0
373 194 0.0
374 194 0.0
375 194 0.0
376 194 0.0
377 194 0.0
378 194 0.0
379 194 0.0
380 194 0.0
381 194 0.0
382 194 0.0
383 194 0.0
384 194 0.0
385 194 0.0
386 194 0.0
387 194 0.0
388 194 0.0
389 194 0.0
390 194 0.0
391 194 0.0
392 194 0.0
393 194 0.0
394 194 0.0
395 194 0.0
396 194 0.0
397 194 0.0
398 194 0.0
399 194 0.0
400 194 0.0
401 194 0.0
402 194 0.0
403 194 0.0
404 194 0.0
405 194 0.0
406 194 0.0
407 194 0.0
408 194 0.0
409 194 0.0
410 194 0.0
411 194 0.0
412 194 0.0
413 194 0.0
414 194 0.0
415 194 0.0
416 194 0.0
417 194 0.0
418 194 0.0
419 194 0.0
420 194 0.0
421 194 0.0
422 194 0.0
423 194 0.0
424 194 0.0
425 194 0.0
426 194 0.0
427 194 0.0
428 194 0.0
429 194 0.0
430 194 0.0
431 195 0.0
432 195 0.0
433 195 0.0
434 195 0.0
435 195 0.0
436 195 0.0
437 195 0.0
438 195 0.0
439 195 0.0
440 195 0.0
441 195 0.0
442 195 0.0
443 195 0.0
444 195 0.0
445 195 0.0
446 195 0.0
447 195 0.0
448 195 0.0
449 195 0.0
450 195 0.0
451 195 0.0
452 195 0.0
453 195 0.0
454 195 0.0
455 195 0.0
456 195 0.0
457 195 0.0
458 195 0.0
459 195 0.0
460 195 0.0
461 195 0.0
462 195 0.0
463 195 0.0
464 195 0.0
465 195 0.0
466 195 0.0
467 195 0.0
468 195 0.0
469 195 0.0
470 195 0.0
471 195 0.0
472 195 0.0
473 195 0.0
474 195 0.0
475 195 0.0
476 195 0.0
477 195 0.0
478 195 0.0
479 195 0.0
480 195 0.0
481 195 0.0
482 195 0.0
483 195 0.0
484 195 0.0
485 195 0.0
486 195 0.0
487 195 0.0
488 195 0.0
489 195 0.0
490 195 0.0
491 195 0.0
492 195 0.0
493 195 0.0
494 196 0.0
495 196 0.0
496 196 0.0
497 196 0.0
498 196 0.0
499 196 0.0
500 196 0.0
501 196 0.0
502 196 0.0
503 196 0.0
504 196 0.0
505 196 0.0
506 196 0.0
507 196 0.0
508 196 0.0
509 196 0.0
510 196 0.0
511 196 0.0
512 196 0.0
513 196 0.0
514 196 0.0
515 196 0.0
516 196 0.0
517 196 0.0
518 196 0.0
519 196 0.0
520 196 0.0
521 196 0.0
522 196 0.0
523 196 0.0
524 196 0.0
525 196 0.0
526 196 0.0
527 196 0.0
528 196 0.0
529 196 0.0
530 196 0.0
531 196 0.0
532 196 0.0
533 196 0.0
534 196 0.0
535 196 0.0
536 196 0.0
537 196 0.0
538 196 0.0
539 196 0.0
540 196 0.0
541 196 0.0
542 196 0.0
543 196 0.0
544 196 0.0
545 196 0.0
546 196 0.0
547 196 0.0
548 196 0.0
549 196 0.0
550 196 0.0
551 196 0.0
552 196 0.0
553 196 0.0
554 196 0.0
555 196 0.0
556 196 0.0
557 196 0.0
558 196 0.0
559 196 0.0
560 196 0.0
561 196 0.0
562 196 0.0
563 197 0.0
564 198 0.0
565 199 0.0
566 200 0.0
567 201 0.0
568 202 0.0
569 203 0.0
570 204 0.0
571 205 0.0
572 206 0.0
573 207 0.0
574 208 0.0
575 209 0.0
576 210 0.0
577 211 0.0
578 212 0.0
579 213 0.0
580 214 0.0
581 215 0.0
582 216 0.0
583 217 0.0
584 218 0.0
585 219 0.0
586 220 0.0
587 221 0.0
588 222 0.0
589 223 0.0
590 224 0.0
591 225 0.0
592 226 0.0
593 227 0.0
594 228 0.0
595 229 0.0
596 230 0.0
597 231 0.0
598 232 0.0
599 233 0.0
600 234 0.0
601 235 0.0
602 236 0.0
603 237 0.0
604 238 0.0
605 239 0.0
606 240 0.0
607 241 0.0
608 242 0.0
609 243 0.0
610 244 0.0
611 245 0.0
612 245 0.0
613 245 0.0
614 245 0.0
615 245 0.0
