1 0 3.9447441656
2 1 3.95909146291
3 2 3.78798665446
4 3 3.68996675877
5 4 3.58492897894
6 5 3.39737616958
7 6 3.39958809512
8 7 3.32040640623
9 8 3.40560166497
10 9 3.335884263
11 10 3.29175872107
12 11 3.20012275864
13 12 3.08815037587
14 13 3.05383857018
15 14 3.12493891179
16 15 3.09683958024
17 16 3.19065704164
18 17 3.18170803705
19 18 3.25584822599
20 19 3.41036609384
21 20 3.40503271678
22 21 3.45337936723
23 22 3.29815191276
24 23 3.21594609544
25 24 3.09400111392
26 25 3.10484717041
27 26 3.04251799859
28 27 3.11124413765
29 28 3.14016505165
30 29 3.18104924232
31 30 3.05707552161
32 31 3.05131826073
33 32 3.01845019129
34 33 3.11591921658
35 34 3.14689773129
36 35 3.29926565458
37 36 3.40124167222
38 37 3.57125304496
39 38 3.70098263625
40 39 3.84664495144
41 40 4.02304926447
42 41 4.013484501
43 42 3.93058400014
44 43 3.80375096039
45 44 3.59683116877
46 45 3.52430551752
47 46 3.35856716609
48 47 3.25639897108
49 48 3.13929756188
50 49 3.10824666091
51 50 3.02028451545
52 51 3.00438963863
53 52 2.93103106735
54 53 2.95495629857
55 54 3.03705799129
56 55 3.06118205682
57 56 3.05642035592
58 57 2.97552365721
59 58 2.96020438232
60 59 2.91009166441
61 60 2.91916382478
62 61 2.93924295551
63 62 2.99456485304
64 63 3.00866380496
65 64 3.12447767635
66 65 3.2049185053
67 66 3.25236004652
68 67 3.12708661133
69 68 3.10641920883
70 69 3.05719384413
71 70 2.96486728501
72 71 2.92731493065
73 72 2.87427352557
74 73 2.87242877598
75 74 2.87119777266
76 75 2.92532481694
77 76 2.9907648686
78 77 3.0015598535
79 78 2.96050529097
80 79 2.90197393671
81 80 2.85709079636
82 81 2.85106781465
83 82 2.85812845056
84 83 2.87989858431
85 84 2.92893661526
86 85 2.99073033732
87 86 2.99254591215
88 87 3.11052196154
89 88 3.06755601158
90 89 3.04488388005
91 90 3.14795596325
92 91 3.19783758537
93 92 3.19357437296
94 93 3.08900849794
95 94 3.02512350576
96 95 2.94582544678
97 96 2.98726378366
98 97 2.92767986058
99 98 2.8680714726
100 99 2.84843080055
101 100 2.86242344687
102 101 2.86673295621
103 102 2.87675602419
104 103 2.89997431414
105 104 2.95938548227
106 105 2.99529651444
107 106 2.96472230727
108 107 3.05472421922
109 108 3.01550266848
110 109 2.97241055407
111 110 2.89412349477
112 111 2.88508390462
113 112 2.85190776512
114 113 2.84665641841
115 114 2.8791167985
116 115 2.92477899646
117 116 2.98029107858
118 117 3.0894083377
119 118 3.16083100583
120 119 3.26154991054
121 120 3.17105061758
122 121 3.13749746857
123 122 3.02558785287
124 123 2.97465591297
125 124 2.89947321882
126 125 2.86205208735
127 126 2.84025259578
128 127 2.84628986695
129 128 2.89010323719
130 129 2.96214714636
131 130 2.98560067504
132 131 2.91671220817
133 132 2.91758711513
134 133 2.87258393148
135 134 2.90189358693
136 135 2.92242204366
137 136 2.94192780193
138 137 3.00792254921
139 138 3.02194522091
140 139 3.13950990331
141 140 3.17113107551
142 141 3.13508241053
143 142 3.13354053781
144 143 3.04153721073
145 144 2.96458336651
146 145 2.93382357386
147 146 3.01142004358
148 147 2.96844460319
149 148 3.03597243489
150 149 3.01723681903
151 150 3.05150033756
152 151 3.02425257882
153 152 2.99277074436
154 153 2.96055714648
155 154 2.95782425787
156 155 2.88015703735
157 156 2.91090300082
158 157 3.00638545925
159 158 3.07491543773
160 159 3.05418675955
161 160 3.17414537304
162 161 3.26645306737
163 162 3.30378861042
164 163 3.18759621147
165 164 3.18233088031
166 165 3.09645897125
167 166 2.98990378276
168 167 2.91738229493
169 168 2.85534899556
170 169 2.84539385577
171 170 2.84373693993
172 171 2.8938302234
173 172 2.94072255583
174 173 3.02480984063
175 174 3.1167126
176 175 3.22521762747
177 176 3.32551847726
178 177 3.41472919723
179 178 3.28127716202
180 179 3.21866387069
181 180 3.10826903651
182 181 2.99799015231
183 182 2.91104739704
184 183 2.85893138849
185 184 2.82192604144
186 185 2.81992043174
187 186 2.8379217131
188 187 2.87843834952
189 188 2.85780318465
190 189 2.81399566515
191 190 2.80846546274
192 191 2.82046449617
193 192 2.86807700155
194 193 2.91815719609
195 194 3.01759474733
196 195 3.10989515114
197 196 3.21621620942
198 197 3.38165748988
199 198 3.36874848088
200 199 3.25839634917
201 200 3.15222986512
202 201 3.03210720369
203 202 3.01985209729
204 203 2.93207143355
205 204 2.9566535372
206 205 2.88250360898
207 206 2.82400383261
208 207 2.8284722226
209 208 2.80772661485
210 209 2.83731968528
211 210 2.86227436803
212 211 2.91139521462
213 212 2.95131705578
214 213 2.9402327489
215 214 2.90075409648
216 215 2.95871533774
217 216 2.93924355259
218 217 2.91514450156
219 218 2.96363842593
220 219 3.0006851176
221 220 3.12795295711
222 221 3.23420936912
223 222 3.30506546473
224 223 3.47202216181
225 224 3.59836399219
226 225 3.46581113088
227 226 3.41643554045
228 227 3.25167880491
229 228 3.13455608655
230 229 3.08538191068
231 230 2.98832233249
232 231 2.99761662555
233 232 2.9466691288
234 233 3.00856842106
235 234 2.97874962687
236 235 3.05282225029
237 236 3.06401238624
238 237 3.14902651909
239 238 3.08291463771
240 239 3.07821571738
241 240 3.00229202393
242 241 3.03426592128
243 242 2.98164663109
244 243 3.06237540639
245 244 3.03771072
246 245 3.14377156834
247 246 3.19032533852
248 247 3.30097269767
249 248 6.84978285893
250 248 6.84978285893
251 248 6.84978285893
252 248 6.84978285893
253 248 6.84978285893
254 248 6.84978285893
255 248 6.84978285893
256 248 6.84978285893
257 248 6.84978285893
258 248 6.84978285893
259 248 6.84978285893
260 248 6.84978285893
261 248 6.84978285893
262 248 6.84978285893
263 248 6.84978285893
264 248 6.84978285893
265 248 6.84978285893
266 248 6.84978285893
267 248 6.84978285893
268 248 6.84978285893
269 248 6.84978285893
270 248 6.84978285893
271 248 6.84978285893
272 248 6.84978285893
273 248 6.84978285893
274 248 6.84978285893
275 248 6.84978285893
276 248 6.84978285893
277 248 6.84978285893
278 248 6.84978285893
279 248 6.84978285893
280 248 6.84978285893
281 248 6.84978285893
282 248 6.84978285893
283 248 6.84978285893
284 248 6.84978285893
285 248 6.84978285893
286 248 6.84978285893
287 248 6.84978285893
288 249 2.98434163461
289 250 3.08136655945
290 251 3.05546135949
291 252 3.14541327416
292 253 3.04812068601
293 254 3.01744353963
294 255 2.94494376099
295 256 2.98151268719
296 257 2.97128921359
297 258 3.0952177852
298 259 3.12132175381
299 260 3.0931644489
300 261 3.20930656771
301 262 3.25575256278
302 263 3.42060307184
303 264 3.39088036103
304 265 3.39811845442
305 266 3.32099371717
306 267 3.18951284349
307 268 3.15028315312
308 269 3.11768558619
309 270 3.11125567151
310 271 3.09291494263
311 272 3.14131177478
312 273 3.21214996478
313 274 3.35887517877
314 275 3.37493775689
315 276 3.45742574185
316 277 3.33684731857
317 278 3.48408404894
318 279 3.44453164218
319 280 3.29590974986
320 281 3.30064329795
321 282 3.24961565098
322 283 3.30507940513
323 284 3.31302423339
324 285 3.41993257711
325 286 3.56540082426
326 287 3.58977263947
327 288 3.5832981359
328 289 3.49352689679
329 290 3.49131797857
330 291 3.50390221404
331 292 3.45052480219
332 293 3.5270839978
333 294 3.48071486615
334 295 3.59709602839
335 296 3.68816141655
336 297 3.53476150247
337 298 3.40254150388
338 299 3.35083291894
339 300 3.37132349306
340 301 3.51913500043
341 302 3.57171346903
342 303 3.73377528401
343 304 3.77348032209
344 305 3.73543084193
345 306 3.76170094212
346 307 3.79403901152
347 308 4.59782813395
348 308 4.59782813395
349 308 4.59782813395
