1 0 7.96408538739
2 1 1.56905490642
3 2 1.6164915144
4 3 1.6871727205
5 4 1.70169762952
6 5 1.79108054583
7 6 1.84213548697
8 7 1.93785885627
9 8 1.97865729485
10 9 2.05991327838
11 10 2.02839336489
12 11 1.98957329486
13 12 2.04026186672
14 13 1.99012636661
15 14 1.90826077145
16 15 1.91559548405
17 16 1.86889174756
18 17 1.93570486103
19 18 1.94657833578
20 19 1.87307389278
21 20 1.79835727004
22 21 1.80628994774
23 22 1.87640421463
24 23 1.88425284073
25 24 1.96865644237
26 25 1.97357605424
27 26 2.07554219441
28 27 2.10170854207
29 28 2.19527712641
30 29 2.18527329481
31 30 2.25597973486
32 31 2.1793532927
33 32 2.11166305079
34 33 2.01226183232
35 34 1.97688681233
36 35 1.87050781156
37 36 1.83121159665
38 37 1.73781622861
39 38 1.69015203609
40 39 1.60472825748
41 40 1.56338710591
42 41 1.62118094489
43 42 1.70453250735
44 43 1.77936744372
45 44 1.86283192996
46 45 1.95384672956
47 46 2.04088015959
48 47 2.09443562644
49 48 2.20204220908
50 49 2.2982690896
51 50 2.41974290744
52 51 2.41675436723
53 52 2.48700747833
54 53 2.41910801308
55 54 2.30143212751
56 55 2.24385896891
57 56 2.20338731174
58 57 2.14590999356
59 58 2.1264617958
60 59 2.10514131419
61 60 2.09322986955
62 61 2.17572394024
63 62 2.14411191411
64 63 2.13803040115
65 64 2.24257713292
66 65 2.30912225995
67 66 2.25319468625
68 67 2.17101640295
69 68 2.22232230029
70 69 2.18870472741
71 70 2.25572758039
72 71 2.25693006461
73 72 2.32726777897
74 73 2.36246409567
75 74 2.43908158563
76 75 2.53530222616
77 76 2.56806012668
78 77 2.53336882794
79 78 2.44489373367
80 79 2.41612555225
81 80 2.37751872023
82 81 2.30476293711
83 82 2.28329499293
84 83 2.21232400402
85 84 2.28326350264
86 85 2.22549940169
87 86 2.11967473328
88 87 2.19241524081
89 88 2.22773434276
90 89 2.34441583063
91 90 2.41368718352
92 91 2.48712220872
93 92 2.54610878915
94 93 2.57083928933
95 94 2.59879654299
96 95 2.67185376133
97 96 2.73943957885
98 97 2.69222706641
99 98 2.76460998639
100 99 2.64882712764
101 100 2.51273937618
102 101 2.43536399212
103 102 2.31941991212
104 103 2.25756844494
105 104 2.2675660246
106 105 2.20505232052
107 106 2.22752918685
108 107 2.249602159
109 108 2.19088140818
110 109 2.23772879467
111 110 2.30320406351
112 111 2.37944885732
113 112 2.41303198447
114 113 2.38517436938
115 114 2.40159179531
116 115 2.37872298138
117 116 2.36304578574
118 117 2.40616988188
119 118 2.40759145706
120 119 2.49291973745
121 120 2.53370150971
122 121 2.66037262572
123 122 2.61447454032
124 123 2.61003121527
125 124 2.5235324186
126 125 2.56221865939
127 126 2.52210037121
128 127 2.54933930161
129 128 2.55715882514
130 129 2.60674820487
131 130 2.73009443204
132 131 2.75521172545
133 132 2.80978321263
134 133 2.70016615676
135 134 2.741487292
136 135 2.70478082283
137 136 2.76202597713
138 137 2.69946899646
139 138 2.6933858034
140 139 2.70609181755
141 140 2.6800799047
142 141 2.6931958584
143 142 2.56544252785
144 143 2.55506312404
145 144 2.64161583628
146 145 2.62241338567
147 146 2.52995699184
148 147 2.42786051472
149 148 2.31298883429
150 149 2.24184320334
151 150 2.25053870189
152 151 2.16181810643
153 152 2.18122557408
154 153 2.13293443334
155 154 2.09258529196
156 155 2.17996135712
157 156 2.18658955975
158 157 2.1411040152
159 158 6.79563473268
160 158 6.79563473268
161 158 6.79563473268
162 158 6.79563473268
163 158 6.79563473268
164 158 6.79563473268
165 158 6.79563473268
166 159 2.43306190611
167 160 2.48005706456
168 161 2.50302699837
169 162 2.49568692674
170 163 2.36459190991
171 164 2.35155087219
172 165 2.29998721255
173 166 2.26361242577
174 167 2.23611114216
175 168 2.29309976899
176 169 2.27863034711
177 170 2.37721632802
178 171 2.42738969369
179 172 2.4787331968
180 173 2.35429369922
181 174 2.34207031074
182 175 2.26139385897
183 176 2.32654166819
184 177 2.30798735986
185 178 2.40007854905
186 179 2.42576483692
187 180 2.52066579362
188 181 2.62201652736
189 182 2.71732248392
190 183 2.82259591955
191 184 2.80657832883
192 185 2.78387396845
193 186 2.6818471563
194 187 2.56684210619
195 188 2.57214968519
196 189 2.50319929573
197 190 2.40383945904
198 191 2.34642156309
199 192 2.35330349114
200 193 2.24541088709
201 194 2.26729979291
202 195 2.18059065613
203 196 2.21156001094
204 197 2.29724617005
205 198 2.31510939776
206 199 2.3131883245
207 200 2.22133490938
208 201 2.17699243436
209 202 2.11102035489
210 203 2.09050323875
211 204 2.01816176594
212 205 2.01451288427
213 206 1.91770735286
214 207 1.93015170339
215 208 1.85730556279
216 209 1.89570687268
217 210 1.85053616734
218 211 1.88822424064
219 212 1.89011160581
220 213 1.95210633942
221 214 1.92000884698
222 215 1.98298417275
223 216 1.96593226285
224 217 2.05146890618
225 218 2.03729362995
226 219 2.12377067777
227 220 2.1835592791
228 221 2.17507431866
229 222 2.05874188642
230 223 2.01053659466
231 224 1.95443709126
232 225 1.97178141013
233 226 1.91486146798
234 227 1.98275191636
235 228 1.94583290666
236 229 2.00098557103
237 230 1.96996401219
238 231 2.07452308936
239 232 2.16661665554
240 233 2.2442188313
241 234 2.15993060995
242 235 2.14629340832
243 236 2.08045933853
244 237 1.99934194891
245 238 2.00263403663
246 239 1.90504992924
247 240 1.90553901434
248 241 1.82760262993
249 242 1.81319677337
250 243 1.87443097468
251 244 1.91807468617
252 245 1.98078682231
253 246 1.92833335322
254 247 1.95220966361
255 248 2.01494578379
256 249 2.06363274833
257 250 1.9976046599
258 251 2.03037211078
259 252 1.97045560955
260 253 1.90495023749
261 254 1.86024684114
262 255 1.8163568772
263 256 1.75240150709
264 257 1.79518284242
265 258 1.73272447817
266 259 1.66926635705
267 260 1.72955258751
268 261 1.68924748117
269 262 1.74957544146
270 263 1.75032881735
271 264 1.81369674944
272 265 1.85802247063
273 266 1.91273262782
274 267 1.97612951575
275 268 1.89585039676
276 269 1.84821726514
277 270 1.77277121709
278 271 1.73408830569
279 272 1.69717493346
280 273 1.6554994332
281 274 1.66406115326
282 275 1.63835771041
283 276 1.65335581438
284 277 1.59466712176
285 278 1.58781298226
286 279 1.62834969172
287 280 1.69048125917
288 281 1.69692497744
289 282 1.68790514713
290 283 1.62648452391
291 284 1.59701813252
292 285 1.56398001399
293 286 1.5183135039
294 287 1.49638637205
295 288 1.56296122889
296 289 1.59696775312
297 290 9.3956630447
