1 0 9.09483747791
2 0 9.09483747791
3 0 9.09483747791
4 0 9.09483747791
5 0 9.09483747791
6 0 9.09483747791
7 0 9.09483747791
8 0 9.09483747791
9 1 3.55688679675
10 2 3.55412751582
11 3 3.55606590407
12 4 3.56109911016
13 5 3.56445810497
14 6 3.57147121626
15 7 3.58789298003
16 8 3.60658900819
17 9 3.64019637303
18 10 3.66364053343
19 11 3.72528628786
20 12 3.77266559991
21 13 3.84859356105
22 14 3.92456093785
23 15 4.02145963608
24 16 4.04980713133
25 17 3.99041767304
26 18 3.96142210754
27 19 3.86569503129
28 20 3.85097968617
29 21 3.77353928761
30 22 3.72355638955
31 23 3.66735924966
32 24 3.66168722185
33 25 3.72120436111
34 26 3.72437873857
35 27 3.72901654126
36 28 3.75463517435
37 29 3.83402225661
38 30 3.85665203386
39 31 3.89423797948
40 32 3.84177391872
41 33 3.80135727324
42 34 3.76508791028
43 35 3.7983352127
44 36 3.88423387606
45 37 3.8658673866
46 38 3.80423447337
47 39 3.86668490275
48 40 3.93759781582
49 41 3.88479362056
50 42 3.8636489801
51 43 3.96244533139
52 44 4.01343826544
53 45 4.10424884539
54 46 4.06506803026
55 47 4.03555172301
56 48 4.00437789745
57 49 3.92402561939
58 50 3.83960978076
59 51 3.8368628943
60 52 3.77662544475
61 53 3.78302726705
62 54 3.73492226717
63 55 3.73271951212
64 56 3.70611299105
65 57 3.68891774168
66 58 3.65070106177
67 59 3.62633537351
68 60 3.61162373496
69 61 3.64713390106
70 62 3.64512078482
71 63 3.66741081765
72 64 3.70185433503
73 65 3.7108501276
74 66 3.76597236852
75 67 3.80496745033
76 68 3.89113188345
77 69 3.93986446498
78 70 4.04770488109
79 71 4.11385431408
80 72 4.06896471669
81 73 4.05462259039
82 74 4.02678056211
83 75 3.94137925986
84 76 3.92828498064
85 77 3.96687356233
86 78 4.00341800478
87 79 4.01869734426
88 80 4.00903544015
89 81 3.90565020499
90 82 3.84935900408
91 83 3.76516833508
92 84 3.72278376374
93 85 3.66163916412
94 86 3.6484490182
95 87 3.6076684411
96 88 3.59535255797
97 89 3.59307080922
98 90 3.63440542474
99 91 3.64639308722
100 92 3.69900348092
101 93 3.72031896435
102 94 3.66694677019
103 95 3.65994317349
104 96 3.7211253614
105 97 3.71697966023
106 98 3.66919334996
107 99 3.70042138476
108 100 3.74686731003
109 101 3.70451361933
110 102 3.68618231671
111 103 3.74670522973
112 104 3.75207118197
113 105 3.70727562504
114 106 3.74530382573
115 107 3.79373720085
116 108 3.75343320626
117 109 3.74809379997
118 110 3.69705969236
119 111 3.69103170347
120 112 3.66199189128
121 113 3.64206349641
122 114 3.64597847122
123 115 3.63988224829
124 116 3.61944884313
125 117 3.61086377566
126 118 3.60965627795
127 119 3.6050239267
128 120 3.9412172431
129 120 3.9412172431
130 120 3.9412172431
131 120 3.9412172431
132 120 3.9412172431
133 120 3.9412172431
134 120 3.9412172431
135 120 3.9412172431
136 120 3.9412172431
137 120 3.9412172431
138 120 3.9412172431
139 120 3.9412172431
140 120 3.9412172431
141 120 3.9412172431
142 120 3.9412172431
143 120 3.9412172431
144 120 3.9412172431
145 120 3.9412172431
146 120 3.9412172431
147 120 3.9412172431
148 120 3.9412172431
149 120 3.9412172431
150 120 3.9412172431
151 120 3.9412172431
152 120 3.9412172431
153 120 3.9412172431
154 120 3.9412172431
155 120 3.9412172431
156 120 3.9412172431
157 120 3.9412172431
158 120 3.9412172431
159 120 3.9412172431
160 120 3.9412172431
161 120 3.9412172431
162 120 3.9412172431
163 120 3.9412172431
164 120 3.9412172431
165 120 3.9412172431
166 120 3.9412172431
167 120 3.9412172431
168 120 3.9412172431
169 120 3.9412172431
170 120 3.9412172431
171 120 3.9412172431
172 120 3.9412172431
173 120 3.9412172431
174 120 3.9412172431
175 120 3.9412172431
176 120 3.9412172431
177 120 3.9412172431
178 120 3.9412172431
179 120 3.9412172431
180 120 3.9412172431
181 120 3.9412172431
182 120 3.9412172431
183 120 3.9412172431
184 120 3.9412172431
185 120 3.9412172431
186 120 3.9412172431
187 120 3.9412172431
188 120 3.9412172431
189 120 3.9412172431
190 120 3.9412172431
191 120 3.9412172431
192 120 3.9412172431
193 121 7.17612499002
194 121 7.17612499002
195 121 7.17612499002
196 121 7.17612499002
197 121 7.17612499002
198 121 7.17612499002
199 121 7.17612499002
200 121 7.17612499002
201 121 7.17612499002
202 121 7.17612499002
203 121 7.17612499002
204 121 7.17612499002
205 121 7.17612499002
206 121 7.17612499002
207 121 7.17612499002
208 121 7.17612499002
209 121 7.17612499002
210 121 7.17612499002
211 121 7.17612499002
212 121 7.17612499002
213 121 7.17612499002
214 121 7.17612499002
215 121 7.17612499002
216 121 7.17612499002
217 121 7.17612499002
218 121 7.17612499002
219 121 7.17612499002
220 121 7.17612499002
221 121 7.17612499002
222 121 7.17612499002
223 121 7.17612499002
224 121 7.17612499002
225 121 7.17612499002
226 121 7.17612499002
227 121 7.17612499002
228 121 7.17612499002
229 121 7.17612499002
230 121 7.17612499002
231 121 7.17612499002
232 121 7.17612499002
233 121 7.17612499002
234 121 7.17612499002
235 121 7.17612499002
236 121 7.17612499002
237 121 7.17612499002
238 121 7.17612499002
239 121 7.17612499002
240 121 7.17612499002
241 121 7.17612499002
242 121 7.17612499002
243 121 7.17612499002
244 121 7.17612499002
245 121 7.17612499002
246 121 7.17612499002
247 121 7.17612499002
248 121 7.17612499002
249 121 7.17612499002
250 121 7.17612499002
251 121 7.17612499002
252 121 7.17612499002
253 121 7.17612499002
254 121 7.17612499002
255 121 7.17612499002
256 121 7.17612499002
257 122 5.63754384268
258 123 5.67061984209
259 124 5.64958613975
260 125 5.79653146215
261 126 6.15508347309
262 127 6.13639942645
263 128 5.93515284479
264 129 6.21665566825
265 130 6.44040602241
266 131 6.19191978045
267 132 6.16290185198
268 133 6.52335381426
269 134 6.51740882343
270 135 6.32045940159
271 136 6.59207895285
272 137 6.33725676848
273 138 6.1555021726
274 139 6.0617660133
275 140 5.97603133129
276 141 5.92843876425
277 142 6.20620701185
278 143 6.42669779651
279 144 6.34319709698
280 145 6.36229286276
281 146 6.72036174485
282 147 6.75236226438
283 148 6.8946234017
284 149 6.61346382508
285 150 6.25219262139
286 151 6.0949939606
287 152 5.96224669289
288 153 5.65072965985
289 154 5.64973862328
290 155 5.79012284115
291 156 5.55269304602
292 157 5.32587385217
293 158 5.49748712178
294 159 5.49751387664
295 160 5.17896172699
296 161 5.16940576558
297 162 5.38435743746
298 163 5.19419721427
299 164 4.95886124392
300 165 5.16624614123
301 166 5.22166240531
302 167 5.52870535024
303 168 5.5159775609
304 169 5.33911702021
305 170 5.28627005559
306 171 5.34898757561
307 172 5.0776615699
308 173 5.09016528297
309 174 4.99130003117
310 175 5.15206530125
311 176 5.26941640905
312 177 5.50928229068
313 178 5.49426770781
314 179 5.68392558189
315 180 5.64659951837
316 181 5.78263119901
317 182 5.83985197369
318 183 5.68011131179
319 184 5.85377753952
320 185 5.72657040669
321 186 5.84921014432
322 187 6.16626463075
323 188 6.17364840498
324 189 6.05341941371
325 190 6.32160829256
326 191 6.61343254953
327 192 6.86210400973
328 193 10.2305619764
329 193 10.2305619764
330 193 10.2305619764
331 193 10.2305619764
332 193 10.2305619764
333 193 10.2305619764
334 193 10.2305619764
335 193 10.2305619764
336 193 10.2305619764
337 193 10.2305619764
338 193 10.2305619764
339 193 10.2305619764
340 193 10.2305619764
341 193 10.2305619764
342 193 10.2305619764
343 193 10.2305619764
344 193 10.2305619764
345 193 10.2305619764
346 193 10.2305619764
347 193 10.2305619764
348 193 10.2305619764
349 193 10.2305619764
350 193 10.2305619764
351 193 10.2305619764
352 193 10.2305619764
353 193 10.2305619764
354 193 10.2305619764
355 193 10.2305619764
356 194 9.58912800644
357 194 9.58912800644
358 194 9.58912800644
359 194 9.58912800644
360 194 9.58912800644
361 194 9.58912800644
362 194 9.58912800644
363 194 9.58912800644
364 194 9.58912800644
365 194 9.58912800644
366 194 9.58912800644
367 194 9.58912800644
368 194 9.58912800644
369 194 9.58912800644
370 194 9.58912800644
371 194 9.58912800644
372 194 9.58912800644
373 194 9.58912800644
374 194 9.58912800644
375 194 9.58912800644
376 194 9.58912800644
377 194 9.58912800644
378 194 9.58912800644
379 194 9.58912800644
380 194 9.58912800644
381 194 9.58912800644
382 194 9.58912800644
383 194 9.58912800644
384 194 9.58912800644
385 194 9.58912800644
386 194 9.58912800644
387 194 9.58912800644
388 194 9.58912800644
389 194 9.58912800644
390 194 9.58912800644
391 194 9.58912800644
392 194 9.58912800644
393 194 9.58912800644
394 194 9.58912800644
395 194 9.58912800644
396 194 9.58912800644
397 194 9.58912800644
398 194 9.58912800644
399 194 9.58912800644
400 194 9.58912800644
401 194 9.58912800644
402 194 9.58912800644
403 194 9.58912800644
404 194 9.58912800644
405 194 9.58912800644
406 194 9.58912800644
407 194 9.58912800644
408 194 9.58912800644
409 194 9.58912800644
410 194 9.58912800644
411 194 9.58912800644
412 194 9.58912800644
413 194 9.58912800644
414 194 9.58912800644
415 194 9.58912800644
416 194 9.58912800644
417 194 9.58912800644
418 194 9.58912800644
419 194 9.58912800644
420 194 9.58912800644
421 194 9.58912800644
422 194 9.58912800644
423 194 9.58912800644
424 194 9.58912800644
425 194 9.58912800644
426 194 9.58912800644
427 194 9.58912800644
428 194 9.58912800644
429 194 9.58912800644
430 194 9.58912800644
431 195 5.82031892977
432 195 5.82031892977
433 195 5.82031892977
434 195 5.82031892977
435 195 5.82031892977
436 195 5.82031892977
437 195 5.82031892977
438 195 5.82031892977
439 195 5.82031892977
440 195 5.82031892977
441 195 5.82031892977
442 195 5.82031892977
443 195 5.82031892977
444 195 5.82031892977
445 195 5.82031892977
446 195 5.82031892977
447 195 5.82031892977
448 195 5.82031892977
449 195 5.82031892977
450 195 5.82031892977
451 195 5.82031892977
452 195 5.82031892977
453 195 5.82031892977
454 195 5.82031892977
455 195 5.82031892977
456 195 5.82031892977
457 195 5.82031892977
458 195 5.82031892977
459 195 5.82031892977
460 195 5.82031892977
461 195 5.82031892977
462 195 5.82031892977
463 195 5.82031892977
464 195 5.82031892977
465 195 5.82031892977
466 195 5.82031892977
467 195 5.82031892977
468 195 5.82031892977
469 195 5.82031892977
470 195 5.82031892977
471 195 5.82031892977
472 195 5.82031892977
473 195 5.82031892977
474 195 5.82031892977
475 195 5.82031892977
476 195 5.82031892977
477 195 5.82031892977
478 195 5.82031892977
479 195 5.82031892977
480 195 5.82031892977
481 195 5.82031892977
482 195 5.82031892977
483 195 5.82031892977
484 195 5.82031892977
485 195 5.82031892977
486 195 5.82031892977
487 195 5.82031892977
488 195 5.82031892977
489 195 5.82031892977
490 195 5.82031892977
491 195 5.82031892977
492 195 5.82031892977
493 195 5.82031892977
494 196 4.39370301066
495 196 4.39370301066
496 196 4.39370301066
497 196 4.39370301066
498 196 4.39370301066
499 196 4.39370301066
500 196 4.39370301066
501 196 4.39370301066
502 196 4.39370301066
503 196 4.39370301066
504 196 4.39370301066
505 196 4.39370301066
506 196 4.39370301066
507 196 4.39370301066
508 196 4.39370301066
509 196 4.39370301066
510 196 4.39370301066
511 196 4.39370301066
512 196 4.39370301066
513 196 4.39370301066
514 196 4.39370301066
515 196 4.39370301066
516 196 4.39370301066
517 196 4.39370301066
518 196 4.39370301066
519 196 4.39370301066
520 196 4.39370301066
521 196 4.39370301066
522 196 4.39370301066
523 196 4.39370301066
524 196 4.39370301066
525 196 4.39370301066
526 196 4.39370301066
527 196 4.39370301066
528 196 4.39370301066
529 196 4.39370301066
530 196 4.39370301066
531 196 4.39370301066
532 196 4.39370301066
533 196 4.39370301066
534 196 4.39370301066
535 196 4.39370301066
536 196 4.39370301066
537 196 4.39370301066
538 196 4.39370301066
539 196 4.39370301066
540 196 4.39370301066
541 196 4.39370301066
542 196 4.39370301066
543 196 4.39370301066
544 196 4.39370301066
545 196 4.39370301066
546 196 4.39370301066
547 196 4.39370301066
548 196 4.39370301066
549 196 4.39370301066
550 196 4.39370301066
551 196 4.39370301066
552 196 4.39370301066
553 196 4.39370301066
554 196 4.39370301066
555 196 4.39370301066
556 196 4.39370301066
557 196 4.39370301066
558 196 4.39370301066
559 196 4.39370301066
560 196 4.39370301066
561 196 4.39370301066
562 196 4.39370301066
563 197 1.98713735874
564 198 1.87274484257
565 199 1.87195728278
566 200 1.93724668874
567 201 1.97932448263
568 202 2.07726876989
569 203 2.18530725269
570 204 2.27777500763
571 205 2.35856568119
572 206 2.297736142
573 207 2.22283837554
574 208 2.36218787769
575 209 2.36507958498
576 210 2.26644197788
577 211 2.38475238245
578 212 2.50615398663
579 213 2.40245317984
580 214 2.39583918014
581 215 2.64944046681
582 216 2.6250153863
583 217 2.50726400963
584 218 2.3822468925
585 219 2.25145395447
586 220 2.14974624186
587 221 2.16138430787
588 222 2.26395202535
589 223 2.24991859371
590 224 2.22046944323
591 225 2.2545291718
592 226 2.34227219522
593 227 2.34960013094
594 228 2.2609918691
595 229 2.1964483703
596 230 2.07752518008
597 231 2.10353900693
598 232 1.94742055663
599 233 1.94392802716
600 234 2.06960851022
601 235 1.9994406143
602 236 1.93353082566
603 237 2.04009190471
604 238 2.1380941564
605 239 2.1525947467
606 240 2.26661504349
607 241 2.32393088997
608 242 2.57361673907
609 243 2.40261500138
610 244 2.24595247798
611 245 6.70710975823
612 245 6.70710975823
613 245 6.70710975823
614 245 6.70710975823
615 245 6.70710975823
