1 0 5.56239046554
2 1 0.945970051664
3 2 0.977232870667
4 3 0.979241942434
5 4 1.01736204751
6 5 1.06237534738
7 6 1.04772876787
8 7 1.11335423478
9 8 1.17004085232
10 9 1.23890388267
11 10 1.25634418179
12 11 1.21117102644
13 12 1.26650510232
14 13 1.21935564549
15 14 1.14210316545
16 15 1.12989806848
17 16 1.06772408911
18 17 1.05785261686
19 18 1.08237660618
20 19 1.01709218924
21 20 1.015926844
22 21 0.946736367771
23 22 0.96244084437
24 23 1.01602155793
25 24 1.06527940135
26 25 1.11229681848
27 26 1.17579305595
28 27 1.22296701874
29 28 1.29112877679
30 29 1.23678720329
31 30 1.23584543438
32 31 1.15432524124
33 32 1.11086128177
34 33 1.03971065355
35 34 0.988788736406
36 35 0.941861502248
37 36 0.894946533035
38 37 0.897652302318
39 38 0.852307794488
40 39 0.846623263499
41 40 0.853877139167
42 41 0.834655076829
43 42 0.866463902832
44 43 0.85858571778
45 44 0.906775611068
46 45 0.893239845987
47 46 0.945671159842
48 47 1.01854417503
49 48 1.06656361042
50 49 1.12125498673
51 50 1.18138451641
52 51 1.25208335887
53 52 1.31881712824
54 53 1.35138261182
55 54 1.33056185445
56 55 1.28206238415
57 56 1.32271140044
58 57 1.27700864945
59 58 1.21065296544
60 59 1.1959442467
61 60 1.13570110774
62 61 1.1499315227
63 62 1.14167083546
64 63 1.06473429769
65 64 1.09244387485
66 65 1.09444969772
67 66 1.02080214562
68 67 1.00362967269
69 68 1.06751094074
70 69 1.11296217392
71 70 1.18995675278
72 71 1.22536803686
73 72 1.30859417572
74 73 1.34490948903
75 74 1.41866517257
76 75 1.40618055008
77 76 1.43437580597
78 77 1.3567747129
79 78 1.30231975569
80 79 1.2185538465
81 80 1.16029769594
82 81 1.07996341004
83 82 1.01624985117
84 83 0.9441641993
85 84 0.898615757404
86 85 0.834803532056
87 86 0.84079375113
88 87 0.880946931158
89 88 0.952693562988
90 89 1.00196033259
91 90 1.07928360752
92 91 1.08855272487
93 92 1.17212467713
94 93 1.24600701754
95 94 1.32739625547
96 95 1.39413333795
97 96 1.47706973617
98 97 1.51836628203
99 98 1.57681752847
100 99 1.55666760081
101 100 1.49161446741
102 101 1.44164922668
103 102 1.43277864146
104 103 1.38835727876
105 104 1.3384695452
106 105 1.31884956158
107 106 1.27963867131
108 107 1.33552614962
109 108 1.32769000018
110 109 1.26904128261
111 110 1.32943616824
112 111 1.35926495286
113 112 1.28298423584
114 113 1.24395317922
115 114 1.31665422396
116 115 1.3337607203
117 116 1.40796285166
118 117 1.42774400389
119 118 1.49099940128
120 119 1.52724113564
121 120 1.59160161555
122 121 1.63582189563
123 122 1.66993139251
124 123 1.62011469346
125 124 1.55479577408
126 125 1.49777001624
127 126 1.45406234752
128 127 1.37842524107
129 128 1.32620450619
130 129 1.25792127929
131 130 1.26036013487
132 131 1.19942531943
133 132 1.1679813455
134 133 1.16584468154
135 134 1.23633027289
136 135 1.30761743938
137 136 1.3934343358
138 137 1.44623789852
139 138 1.52833418144
140 139 1.58042059081
141 140 1.65505372705
142 141 1.71434675191
143 142 1.70272858022
144 143 1.73774727447
145 144 1.79519975171
146 145 1.75674617255
147 146 1.66600049039
148 147 1.60135297961
149 148 1.5339473375
150 149 1.49159305228
151 150 1.48860046555
152 151 1.44587091286
153 152 1.44477203638
154 153 1.48470532677
155 154 1.43829628295
156 155 1.44857304722
157 156 1.52497336778
158 157 1.51618593337
159 158 9.71787610201
160 158 9.71787610201
161 158 9.71787610201
162 158 9.71787610201
163 158 9.71787610201
164 158 9.71787610201
165 158 9.71787610201
166 159 1.48576619372
167 160 1.56427603628
168 161 1.55438957496
169 162 1.63940362894
170 163 1.61127213183
171 164 1.55123700439
172 165 1.57528747462
173 166 1.54147236391
174 167 1.57561563439
175 168 1.58628192014
176 169 1.61371841568
177 170 1.65810487165
178 171 1.70093043918
179 172 1.7836795807
180 173 1.75892794667
181 174 1.75730613157
182 175 1.69415100643
183 176 1.70528794776
184 177 1.68145779349
185 178 1.66642929884
186 179 1.66275211159
187 180 1.63633089772
188 181 1.70778238475
189 182 1.69213703164
190 183 1.76678639707
191 184 1.75321389118
192 185 1.66065822668
193 186 1.64082102061
194 187 1.64939281583
195 188 1.73655767448
196 189 1.7744825587
197 190 1.78440769776
198 191 1.80557470666
199 192 1.8148916269
200 193 1.78996565234
201 194 1.83341098427
202 195 1.79980392474
203 196 1.76222555608
204 197 1.81264402449
205 198 1.75223799663
206 199 1.68467434635
207 200 1.62575644664
208 201 1.53994529722
209 202 1.49021457595
210 203 1.50809281156
211 204 1.45012660257
212 205 1.47356547877
213 206 1.43658836823
214 207 1.39160567617
215 208 1.42085463923
216 209 1.45590825811
217 210 1.52573614034
218 211 1.61775197337
219 212 1.62336470545
220 213 1.58775809831
221 214 1.55416471479
222 215 1.5472458968
223 216 1.53326441701
224 217 1.57252337589
225 218 1.5476910993
226 219 1.60619606692
227 220 1.62848715092
228 221 1.69268138602
229 222 1.61747287792
230 223 1.62468672948
231 224 1.57788466072
232 225 1.63162461609
233 226 1.60213785963
234 227 1.656976761
235 228 1.66932881892
236 229 1.71511407493
237 230 1.7409508489
238 231 1.79356635173
239 232 1.76078708565
240 233 1.83635791292
241 234 1.8588624836
242 235 1.85478156484
243 236 1.77717998369
244 237 1.78108645669
245 238 1.75887924348
246 239 1.70389628221
247 240 1.67149598234
248 241 1.58023164766
249 242 1.60563052004
250 243 1.68857006088
251 244 1.66888236314
252 245 1.64964303959
253 246 1.56163087414
254 247 1.54447283057
255 248 1.54053917479
256 249 1.54581799822
257 250 1.49226188775
258 251 1.44619182351
259 252 1.3974791376
260 253 1.39596529856
261 254 1.3335154685
262 255 1.33385066036
263 256 1.26886181617
264 257 1.25516081549
265 258 1.28674032569
266 259 1.32835773524
267 260 1.37860839756
268 261 1.3401542885
269 262 1.3675293235
270 263 1.32011569741
271 264 1.37421545449
272 265 1.35947692749
273 266 1.4183090349
274 267 1.44199090076
275 268 1.40641291462
276 269 1.33026028778
277 270 1.31701777596
278 271 1.29358845275
279 272 1.32965665211
280 273 1.31628077028
281 274 1.38693174066
282 275 1.41209746425
283 276 1.49437396201
284 277 1.52387017378
285 278 1.59309163434
286 279 1.65453046945
287 280 1.6372162621
288 281 1.60622968219
289 282 1.52663586255
290 283 1.46117708671
291 284 1.37543051307
292 285 1.31606479158
293 286 1.24517319435
294 287 1.23475914857
295 288 1.29983993753
296 289 1.29102475824
297 290 3.45741782409
