1 0 9.65664853595
2 0 9.65664853595
3 0 9.65664853595
4 0 9.65664853595
5 0 9.65664853595
6 0 9.65664853595
7 0 9.65664853595
8 0 9.65664853595
9 0 9.65664853595
10 0 9.65664853595
11 0 9.65664853595
12 0 9.65664853595
13 0 9.65664853595
14 0 9.65664853595
15 0 9.65664853595
16 0 9.65664853595
17 0 9.65664853595
18 0 9.65664853595
19 0 9.65664853595
20 0 9.65664853595
21 0 9.65664853595
22 0 9.65664853595
23 0 9.65664853595
24 0 9.65664853595
25 0 9.65664853595
26 0 9.65664853595
27 0 9.65664853595
28 0 9.65664853595
29 0 9.65664853595
30 0 9.65664853595
31 0 9.65664853595
32 0 9.65664853595
33 0 9.65664853595
34 0 9.65664853595
35 0 9.65664853595
36 0 9.65664853595
37 0 9.65664853595
38 0 9.65664853595
39 0 9.65664853595
40 0 9.65664853595
41 0 9.65664853595
42 0 9.65664853595
43 0 9.65664853595
44 0 9.65664853595
45 0 9.65664853595
46 0 9.65664853595
47 0 9.65664853595
48 0 9.65664853595
49 0 9.65664853595
50 0 9.65664853595
51 0 9.65664853595
52 0 9.65664853595
53 0 9.65664853595
54 0 9.65664853595
55 0 9.65664853595
56 0 9.65664853595
57 0 9.65664853595
58 0 9.65664853595
59 0 9.65664853595
60 0 9.65664853595
61 0 9.65664853595
62 0 9.65664853595
63 0 9.65664853595
64 1 3.57799800068
65 1 3.57799800068
66 1 3.57799800068
67 1 3.57799800068
68 1 3.57799800068
69 1 3.57799800068
70 1 3.57799800068
71 1 3.57799800068
72 1 3.57799800068
73 1 3.57799800068
74 1 3.57799800068
75 1 3.57799800068
76 1 3.57799800068
77 1 3.57799800068
78 1 3.57799800068
79 1 3.57799800068
80 1 3.57799800068
81 1 3.57799800068
82 1 3.57799800068
83 1 3.57799800068
84 1 3.57799800068
85 1 3.57799800068
86 1 3.57799800068
87 1 3.57799800068
88 1 3.57799800068
89 1 3.57799800068
90 1 3.57799800068
91 1 3.57799800068
92 1 3.57799800068
93 1 3.57799800068
94 1 3.57799800068
95 1 3.57799800068
96 1 3.57799800068
97 1 3.57799800068
98 1 3.57799800068
99 1 3.57799800068
100 1 3.57799800068
101 1 3.57799800068
102 1 3.57799800068
103 1 3.57799800068
104 1 3.57799800068
105 1 3.57799800068
106 1 3.57799800068
107 1 3.57799800068
108 1 3.57799800068
109 1 3.57799800068
110 1 3.57799800068
111 1 3.57799800068
112 1 3.57799800068
113 1 3.57799800068
114 1 3.57799800068
115 1 3.57799800068
116 1 3.57799800068
117 1 3.57799800068
118 1 3.57799800068
119 1 3.57799800068
120 1 3.57799800068
121 1 3.57799800068
122 1 3.57799800068
123 1 3.57799800068
124 1 3.57799800068
125 1 3.57799800068
126 1 3.57799800068
127 2 0.99950852423
128 3 1.05911889854
129 4 1.14538177075
130 5 1.22241301008
131 6 1.31566361328
132 7 1.41026309614
133 8 1.43664772639
134 9 1.53664317937
135 10 1.60225324324
136 11 1.70773477873
137 12 1.78970229284
138 13 1.83896476548
139 14 1.88373983256
140 15 1.80175913559
141 16 1.71389071184
142 17 1.69120437493
143 18 1.61351476197
144 19 1.53864905345
145 20 1.46487600001
146 21 1.39645091439
147 22 1.31637408676
148 23 1.31910797588
149 24 1.38116486734
150 25 1.30327313454
151 26 1.33691440361
152 27 1.4339581531
153 28 1.42950169336
154 29 1.50425754935
155 30 1.51240125865
156 31 1.5958245041
157 32 1.65447345376
158 33 1.73325943226
159 34 1.82114582415
160 35 1.92119621359
161 36 1.9834919925
162 37 1.94176882827
163 38 1.82213670232
164 39 1.77685212227
165 40 1.68409211335
166 41 1.65637536667
167 42 1.59270218762
168 43 1.52579892585
169 44 1.49374495001
170 45 1.60649277532
171 46 1.67121545833
172 47 1.75209170431
173 48 2.11626298156
174 48 2.11626298156
175 48 2.11626298156
176 48 2.11626298156
177 48 2.11626298156
178 48 2.11626298156
179 48 2.11626298156
180 48 2.11626298156
181 48 2.11626298156
182 48 2.11626298156
183 48 2.11626298156
184 48 2.11626298156
185 48 2.11626298156
186 48 2.11626298156
187 48 2.11626298156
188 48 2.11626298156
189 48 2.11626298156
190 48 2.11626298156
191 48 2.11626298156
192 48 2.11626298156
193 48 2.11626298156
194 48 2.11626298156
195 48 2.11626298156
196 48 2.11626298156
197 48 2.11626298156
198 48 2.11626298156
199 48 2.11626298156
200 48 2.11626298156
201 49 1.75337414539
202 50 1.7930069845
203 51 1.84897757842
204 52 1.89315648006
205 53 1.96352787429
206 54 2.03422845762
207 55 1.98730990986
208 56 2.0760064186
209 57 2.14338530907
210 58 2.05443863979
211 59 1.93748453357
212 60 1.83972131638
213 61 1.74905711752
214 62 1.66032405844
215 63 1.61876012893
216 64 1.53436990927
217 65 1.44068670669
218 66 1.39012426601
219 67 1.48556324355
220 68 1.45935964619
221 69 1.42480875111
222 70 1.39926993541
223 71 1.50656387359
224 72 1.54482968696
225 73 1.61140766859
226 74 1.62875036302
227 75 1.66072202206
228 76 1.72373273336
229 77 1.78469345578
230 78 1.88650591082
231 79 1.97008579689
232 80 2.05386284339
233 81 1.96939144729
234 82 1.94258381926
235 83 1.82960800983
236 84 1.8368859437
237 85 1.75797439563
238 86 1.78196640477
239 87 1.73114334584
240 88 1.73223420743
241 89 1.6981015963
242 90 1.77763081493
243 91 1.89859209434
244 92 1.97979124205
245 93 2.09984700368
246 94 2.08736501038
247 95 1.97011763546
248 96 1.88428663804
249 97 1.92554007876
250 98 1.91668394326
251 99 1.83249710673
252 100 1.86146642909
253 101 1.92152966044
254 102 1.94947786181
255 103 1.98979959128
256 104 1.882879502
257 105 1.9350904046
258 106 2.04603777449
259 107 2.00260264563
260 108 1.92015903877
261 109 1.80359558623
262 110 1.71432395565
263 111 1.61231876431
264 112 1.56615884275
265 113 1.45431770863
266 114 1.40977351012
267 115 1.32578582829
268 116 1.24207088159
269 117 1.19968087419
270 118 1.21671130424
271 119 1.29704296767
272 120 1.39539148779
273 121 1.45389367318
274 122 1.5112352462
275 123 1.54590496892
276 124 1.64178839414
277 125 1.67352844065
278 126 1.78827798012
279 127 1.87905785551
280 128 1.92947077058
281 129 1.84139616707
282 130 1.78202491158
283 131 1.67949600219
284 132 1.68776684205
285 133 1.60009100427
286 134 1.6261989243
287 135 1.5557163266
288 136 1.56731323434
289 137 1.54398527745
290 138 1.64089006559
291 139 1.75147558564
292 140 1.77046004636
293 141 1.71750230406
294 142 1.63183852792
295 143 1.52379873553
296 144 1.50300459148
297 145 1.48338374783
298 146 1.55503219149
299 147 1.6472372642
300 148 1.7064536536
301 149 1.73678875567
302 150 1.73279846762
303 151 1.70521690904
304 152 1.80432610927
305 153 1.7923599238
306 154 1.77701125993
307 155 1.87260814749
308 156 1.84796599802
309 157 1.80309236137
310 158 1.69411216614
311 159 1.63475585518
312 160 1.53291411153
313 161 1.48181134368
314 162 1.37194100964
315 163 1.31232862377
316 164 1.22123563576
317 165 1.16960772008
318 166 1.09443133912
319 167 1.15224930607
320 168 5.18910412027
321 168 5.18910412027
322 168 5.18910412027
323 168 5.18910412027
324 168 5.18910412027
325 168 5.18910412027
326 168 5.18910412027
327 168 5.18910412027
328 168 5.18910412027
329 168 5.18910412027
330 168 5.18910412027
331 168 5.18910412027
332 168 5.18910412027
333 168 5.18910412027
334 168 5.18910412027
335 168 5.18910412027
336 168 5.18910412027
337 168 5.18910412027
338 169 1.45131926888
339 170 1.36277327208
340 171 1.34043076266
341 172 1.36902411647
342 173 1.4124658406
343 174 1.50795237952
344 175 1.52388891153
345 176 1.63517110124
346 177 1.71150573484
347 178 1.74148839487
348 179 1.63469653798
349 180 1.58742268335
350 181 1.50174643213
351 182 1.52624179567
352 183 1.44356281346
353 184 1.48020407234
354 185 1.44117635859
355 186 1.4662004946
356 187 1.51385649621
357 188 1.58192975666
358 189 1.68850899762
359 190 1.67811859652
360 191 1.58615836657
361 192 1.50900734779
362 193 1.51545439498
363 194 1.55803603217
364 195 1.49272403432
365 196 1.54539270874
366 197 1.4774363036
367 198 1.52603645827
368 199 1.52644317324
369 200 1.63814566018
370 201 1.65116376684
371 202 1.64411784253
372 203 1.545836811
373 204 1.54630602846
374 205 1.45308950605
375 206 1.36989191863
376 207 1.27286325669
377 208 1.19351655387
378 209 1.09832477054
379 210 1.0502801929
380 211 0.980132535859
381 212 1.01962485757
382 213 1.10557238721
383 214 1.13264937984
384 215 1.21391668035
385 216 1.24491527391
386 217 1.34576408266
387 218 1.39398673191
388 219 1.49160645208
389 220 1.57199629098
390 221 1.52650520227
391 222 1.43720792539
392 223 1.3591766086
393 224 1.29558916465
394 225 1.2649973831
395 226 1.19201963497
396 227 1.23120283211
397 228 1.19459345042
398 229 1.24306062437
399 230 1.24085591548
400 231 1.27748986311
401 232 1.34141158059
402 233 1.32874442242
403 234 1.27444214894
404 235 7.7809116275
405 235 7.7809116275
406 235 7.7809116275
407 235 7.7809116275
408 235 7.7809116275
409 235 7.7809116275
410 235 7.7809116275
411 235 7.7809116275
412 235 7.7809116275
413 235 7.7809116275
414 235 7.7809116275
415 235 7.7809116275
416 235 7.7809116275
417 235 7.7809116275
418 235 7.7809116275
419 235 7.7809116275
420 235 7.7809116275
421 235 7.7809116275
422 235 7.7809116275
423 235 7.7809116275
424 235 7.7809116275
425 235 7.7809116275
426 235 7.7809116275
427 235 7.7809116275
428 235 7.7809116275
429 235 7.7809116275
430 235 7.7809116275
431 235 7.7809116275
432 235 7.7809116275
433 235 7.7809116275
434 236 1.14197282719
435 237 1.17238789984
436 238 1.21698268095
437 239 1.18748170833
438 240 1.23958988287
439 241 1.2557629077
440 242 1.34444478341
441 243 1.43017798576
442 244 1.50528715709
443 245 1.53665905205
444 246 1.45449202674
445 247 1.49872623886
446 248 1.40196708031
447 249 1.29103674389
448 250 1.22714871877
449 251 1.1284534792
450 252 1.0994549462
451 253 1.05011320751
452 254 1.02423606383
453 255 0.97947412744
454 256 0.949760873342
455 257 1.00522496748
456 258 1.04846563646
457 259 1.06807046908
458 260 1.11934265309
459 261 1.17329281465
460 262 1.14402282918
461 263 1.07257011405
462 264 1.10063088294
463 265 1.19190038292
464 266 1.20223261
465 267 1.25361793847
466 268 1.28396041704
467 269 1.38535642503
468 270 1.47079376954
469 271 1.57554214191
470 272 1.51417902523
471 273 1.51576687075
472 274 1.40019272145
473 275 1.32730261708
474 276 1.22752625084
475 277 1.14058314985
476 278 1.07598578909
477 279 0.993067883312
478 280 0.978523489824
479 281 0.933195566944
480 282 0.948652348183
481 283 1.02557343451
482 284 1.02381500767
483 285 1.07127254312
484 286 1.04382694475
485 287 1.13015942146
486 288 1.22302801714
487 289 1.30754204683
488 290 1.41530666945
489 291 1.48243603341
490 292 1.5779049166
491 293 1.626618905
492 294 1.65084943857
493 295 1.61637371307
494 296 1.54557393885
495 297 1.58482816253
496 298 1.50169422885
497 299 1.39870943557
498 300 1.35109323357
499 301 1.25273768712
500 302 1.22359237452
501 303 1.13181761915
502 304 1.11453858963
503 305 1.15964097169
504 306 1.14574013975
505 307 1.24822718534
506 308 1.28331451224
507 309 1.39059284276
508 310 1.45227255386
509 311 1.56762907665
510 312 1.62699990183
511 313 1.74292710732
512 314 1.75899054121
513 315 1.70049027678
514 316 1.59715332042
515 317 1.506933946
516 318 1.42261769561
517 319 1.33288240061
518 320 1.26204012732
519 321 1.16305351561
520 322 1.14523750823
521 323 2.08211890394
522 323 2.08211890394
523 323 2.08211890394
524 323 2.08211890394
525 323 2.08211890394
526 323 2.08211890394
527 323 2.08211890394
528 323 2.08211890394
529 323 2.08211890394
530 323 2.08211890394
531 323 2.08211890394
532 323 2.08211890394
533 323 2.08211890394
534 323 2.08211890394
535 323 2.08211890394
536 323 2.08211890394
537 323 2.08211890394
538 323 2.08211890394
539 323 2.08211890394
540 323 2.08211890394
541 323 2.08211890394
542 323 2.08211890394
543 323 2.08211890394
544 323 2.08211890394
545 323 2.08211890394
546 323 2.08211890394
547 323 2.08211890394
548 323 2.08211890394
549 323 2.08211890394
550 323 2.08211890394
551 323 2.08211890394
552 323 2.08211890394
553 323 2.08211890394
554 323 2.08211890394
555 323 2.08211890394
556 323 2.08211890394
557 323 2.08211890394
558 323 2.08211890394
559 323 2.08211890394
560 323 2.08211890394
561 323 2.08211890394
562 323 2.08211890394
563 323 2.08211890394
564 324 8.88470772037
565 324 8.88470772037
566 324 8.88470772037
567 324 8.88470772037
568 324 8.88470772037
569 324 8.88470772037
570 324 8.88470772037
571 324 8.88470772037
572 324 8.88470772037
573 324 8.88470772037
574 324 8.88470772037
575 324 8.88470772037
576 324 8.88470772037
577 324 8.88470772037
578 324 8.88470772037
579 324 8.88470772037
580 324 8.88470772037
581 324 8.88470772037
582 324 8.88470772037
583 324 8.88470772037
584 324 8.88470772037
585 324 8.88470772037
586 324 8.88470772037
587 324 8.88470772037
588 324 8.88470772037
589 324 8.88470772037
590 324 8.88470772037
591 324 8.88470772037
592 324 8.88470772037
593 324 8.88470772037
594 324 8.88470772037
595 324 8.88470772037
596 324 8.88470772037
597 324 8.88470772037
598 324 8.88470772037
599 324 8.88470772037
600 324 8.88470772037
601 324 8.88470772037
602 324 8.88470772037
603 324 8.88470772037
604 324 8.88470772037
605 324 8.88470772037
606 324 8.88470772037
607 324 8.88470772037
608 324 8.88470772037
609 324 8.88470772037
610 324 8.88470772037
611 324 8.88470772037
612 324 8.88470772037
613 324 8.88470772037
614 324 8.88470772037
615 324 8.88470772037
616 324 8.88470772037
617 324 8.88470772037
618 324 8.88470772037
619 324 8.88470772037
620 324 8.88470772037
621 324 8.88470772037
622 324 8.88470772037
623 324 8.88470772037
624 324 8.88470772037
625 324 8.88470772037
626 324 8.88470772037
627 324 8.88470772037
628 324 8.88470772037
629 324 8.88470772037
630 324 8.88470772037
631 324 8.88470772037
632 324 8.88470772037
633 324 8.88470772037
634 324 8.88470772037
635 324 8.88470772037
636 324 8.88470772037
637 324 8.88470772037
638 324 8.88470772037
639 324 8.88470772037
640 324 8.88470772037
641 324 8.88470772037
642 324 8.88470772037
643 324 8.88470772037
644 324 8.88470772037
645 324 8.88470772037
646 324 8.88470772037
647 324 8.88470772037
648 324 8.88470772037
649 324 8.88470772037
650 324 8.88470772037
651 324 8.88470772037
652 324 8.88470772037
653 324 8.88470772037
654 324 8.88470772037
655 324 8.88470772037
656 324 8.88470772037
657 324 8.88470772037
658 324 8.88470772037
659 324 8.88470772037
660 324 8.88470772037
661 324 8.88470772037
662 324 8.88470772037
663 325 2.19633140496
664 325 2.19633140496
665 325 2.19633140496
666 325 2.19633140496
667 325 2.19633140496
668 325 2.19633140496
669 325 2.19633140496
670 325 2.19633140496
671 325 2.19633140496
672 325 2.19633140496
673 325 2.19633140496
674 325 2.19633140496
675 325 2.19633140496
676 325 2.19633140496
677 325 2.19633140496
678 325 2.19633140496
679 325 2.19633140496
680 325 2.19633140496
681 325 2.19633140496
682 325 2.19633140496
683 325 2.19633140496
684 325 2.19633140496
685 325 2.19633140496
686 325 2.19633140496
687 325 2.19633140496
688 325 2.19633140496
689 325 2.19633140496
690 325 2.19633140496
691 325 2.19633140496
692 325 2.19633140496
693 325 2.19633140496
694 325 2.19633140496
695 325 2.19633140496
696 325 2.19633140496
697 325 2.19633140496
698 325 2.19633140496
699 325 2.19633140496
700 325 2.19633140496
701 325 2.19633140496
702 325 2.19633140496
703 325 2.19633140496
704 325 2.19633140496
705 325 2.19633140496
706 325 2.19633140496
707 325 2.19633140496
708 325 2.19633140496
709 325 2.19633140496
710 325 2.19633140496
711 325 2.19633140496
712 325 2.19633140496
713 325 2.19633140496
714 325 2.19633140496
715 325 2.19633140496
716 325 2.19633140496
717 325 2.19633140496
718 325 2.19633140496
719 325 2.19633140496
720 325 2.19633140496
721 325 2.19633140496
722 325 2.19633140496
723 325 2.19633140496
724 325 2.19633140496
725 325 2.19633140496
726 325 2.19633140496
727 325 2.19633140496
728 325 2.19633140496
729 325 2.19633140496
730 325 2.19633140496
731 325 2.19633140496
732 325 2.19633140496
733 325 2.19633140496
734 325 2.19633140496
735 325 2.19633140496
736 325 2.19633140496
737 325 2.19633140496
738 325 2.19633140496
739 325 2.19633140496
740 325 2.19633140496
741 325 2.19633140496
742 325 2.19633140496
743 325 2.19633140496
744 325 2.19633140496
745 325 2.19633140496
746 325 2.19633140496
747 325 2.19633140496
748 325 2.19633140496
749 325 2.19633140496
750 325 2.19633140496
751 325 2.19633140496
752 325 2.19633140496
753 325 2.19633140496
754 325 2.19633140496
755 325 2.19633140496
756 325 2.19633140496
757 325 2.19633140496
758 325 2.19633140496
759 325 2.19633140496
760 325 2.19633140496
761 325 2.19633140496
762 326 0.674181755041
763 326 0.674181755041
764 326 0.674181755041
765 326 0.674181755041
766 326 0.674181755041
767 326 0.674181755041
768 326 0.674181755041
769 326 0.674181755041
770 326 0.674181755041
771 326 0.674181755041
772 326 0.674181755041
773 326 0.674181755041
774 326 0.674181755041
775 326 0.674181755041
776 326 0.674181755041
777 326 0.674181755041
778 326 0.674181755041
779 326 0.674181755041
780 326 0.674181755041
781 326 0.674181755041
782 326 0.674181755041
783 326 0.674181755041
784 326 0.674181755041
785 326 0.674181755041
786 326 0.674181755041
787 326 0.674181755041
788 326 0.674181755041
789 326 0.674181755041
790 326 0.674181755041
791 326 0.674181755041
792 326 0.674181755041
793 326 0.674181755041
794 326 0.674181755041
795 326 0.674181755041
796 326 0.674181755041
797 326 0.674181755041
798 326 0.674181755041
799 326 0.674181755041
800 326 0.674181755041
801 326 0.674181755041
802 326 0.674181755041
803 326 0.674181755041
804 326 0.674181755041
805 326 0.674181755041
806 326 0.674181755041
807 326 0.674181755041
808 326 0.674181755041
809 326 0.674181755041
810 326 0.674181755041
811 326 0.674181755041
812 326 0.674181755041
813 326 0.674181755041
814 326 0.674181755041
815 326 0.674181755041
816 326 0.674181755041
817 326 0.674181755041
818 326 0.674181755041
819 326 0.674181755041
820 326 0.674181755041
821 326 0.674181755041
822 326 0.674181755041
823 326 0.674181755041
824 326 0.674181755041
825 326 0.674181755041
826 326 0.674181755041
827 326 0.674181755041
828 326 0.674181755041
829 326 0.674181755041
830 326 0.674181755041
831 326 0.674181755041
832 326 0.674181755041
833 326 0.674181755041
834 326 0.674181755041
835 326 0.674181755041
836 326 0.674181755041
837 326 0.674181755041
838 326 0.674181755041
839 326 0.674181755041
840 326 0.674181755041
841 326 0.674181755041
842 326 0.674181755041
843 326 0.674181755041
844 326 0.674181755041
845 326 0.674181755041
846 326 0.674181755041
847 326 0.674181755041
848 326 0.674181755041
849 326 0.674181755041
850 326 0.674181755041
851 326 0.674181755041
852 326 0.674181755041
853 326 0.674181755041
854 326 0.674181755041
855 326 0.674181755041
856 326 0.674181755041
857 326 0.674181755041
858 326 0.674181755041
859 326 0.674181755041
860 326 0.674181755041
861 327 6.2696455385
862 327 6.2696455385
863 327 6.2696455385
864 327 6.2696455385
865 327 6.2696455385
866 327 6.2696455385
867 327 6.2696455385
868 327 6.2696455385
869 327 6.2696455385
870 327 6.2696455385
871 327 6.2696455385
872 327 6.2696455385
873 327 6.2696455385
874 327 6.2696455385
875 327 6.2696455385
876 327 6.2696455385
877 327 6.2696455385
878 327 6.2696455385
879 327 6.2696455385
880 327 6.2696455385
881 327 6.2696455385
882 327 6.2696455385
883 327 6.2696455385
884 327 6.2696455385
885 327 6.2696455385
886 327 6.2696455385
887 327 6.2696455385
888 327 6.2696455385
889 327 6.2696455385
890 327 6.2696455385
891 327 6.2696455385
892 327 6.2696455385
893 327 6.2696455385
894 327 6.2696455385
895 327 6.2696455385
896 327 6.2696455385
897 327 6.2696455385
898 327 6.2696455385
899 327 6.2696455385
900 327 6.2696455385
901 327 6.2696455385
902 327 6.2696455385
903 327 6.2696455385
904 327 6.2696455385
905 327 6.2696455385
906 327 6.2696455385
907 327 6.2696455385
908 327 6.2696455385
909 327 6.2696455385
910 327 6.2696455385
911 327 6.2696455385
912 327 6.2696455385
913 327 6.2696455385
914 327 6.2696455385
915 327 6.2696455385
916 327 6.2696455385
917 327 6.2696455385
918 327 6.2696455385
919 327 6.2696455385
920 327 6.2696455385
921 327 6.2696455385
922 327 6.2696455385
923 327 6.2696455385
924 327 6.2696455385
925 327 6.2696455385
926 327 6.2696455385
927 327 6.2696455385
928 327 6.2696455385
929 327 6.2696455385
930 327 6.2696455385
931 327 6.2696455385
932 327 6.2696455385
933 327 6.2696455385
934 327 6.2696455385
935 327 6.2696455385
936 327 6.2696455385
937 327 6.2696455385
938 327 6.2696455385
939 327 6.2696455385
940 327 6.2696455385
941 327 6.2696455385
942 327 6.2696455385
943 327 6.2696455385
944 327 6.2696455385
945 327 6.2696455385
946 327 6.2696455385
947 327 6.2696455385
948 327 6.2696455385
949 327 6.2696455385
950 327 6.2696455385
951 327 6.2696455385
952 327 6.2696455385
953 327 6.2696455385
954 327 6.2696455385
955 327 6.2696455385
956 327 6.2696455385
957 327 6.2696455385
958 327 6.2696455385
959 327 6.2696455385
960 328 4.42807337771
961 328 4.42807337771
962 328 4.42807337771
963 328 4.42807337771
964 328 4.42807337771
965 328 4.42807337771
966 328 4.42807337771
967 328 4.42807337771
968 328 4.42807337771
969 328 4.42807337771
970 328 4.42807337771
971 328 4.42807337771
972 328 4.42807337771
973 328 4.42807337771
974 328 4.42807337771
975 328 4.42807337771
976 328 4.42807337771
977 328 4.42807337771
978 328 4.42807337771
979 328 4.42807337771
980 328 4.42807337771
981 328 4.42807337771
982 328 4.42807337771
983 328 4.42807337771
984 328 4.42807337771
985 328 4.42807337771
986 328 4.42807337771
987 328 4.42807337771
988 328 4.42807337771
989 328 4.42807337771
990 328 4.42807337771
991 328 4.42807337771
992 328 4.42807337771
993 328 4.42807337771
994 328 4.42807337771
995 328 4.42807337771
996 328 4.42807337771
997 328 4.42807337771
998 328 4.42807337771
999 328 4.42807337771
1000 328 4.42807337771
1001 328 4.42807337771
1002 328 4.42807337771
1003 328 4.42807337771
1004 328 4.42807337771
1005 328 4.42807337771
1006 328 4.42807337771
1007 328 4.42807337771
1008 328 4.42807337771
1009 328 4.42807337771
1010 328 4.42807337771
1011 328 4.42807337771
1012 328 4.42807337771
1013 328 4.42807337771
1014 328 4.42807337771
1015 328 4.42807337771
1016 328 4.42807337771
1017 328 4.42807337771
1018 328 4.42807337771
1019 328 4.42807337771
1020 328 4.42807337771
1021 328 4.42807337771
1022 328 4.42807337771
1023 328 4.42807337771
1024 328 4.42807337771
1025 328 4.42807337771
1026 328 4.42807337771
1027 328 4.42807337771
1028 328 4.42807337771
1029 328 4.42807337771
1030 328 4.42807337771
1031 328 4.42807337771
1032 328 4.42807337771
1033 328 4.42807337771
1034 328 4.42807337771
1035 328 4.42807337771
1036 328 4.42807337771
1037 328 4.42807337771
1038 328 4.42807337771
1039 328 4.42807337771
1040 328 4.42807337771
1041 328 4.42807337771
1042 328 4.42807337771
1043 328 4.42807337771
1044 328 4.42807337771
1045 328 4.42807337771
1046 328 4.42807337771
1047 328 4.42807337771
1048 328 4.42807337771
1049 328 4.42807337771
1050 328 4.42807337771
1051 328 4.42807337771
1052 328 4.42807337771
1053 328 4.42807337771
1054 328 4.42807337771
1055 328 4.42807337771
1056 328 4.42807337771
1057 328 4.42807337771
1058 328 4.42807337771
1059 329 3.95378779142
1060 329 3.95378779142
1061 329 3.95378779142
1062 329 3.95378779142
1063 329 3.95378779142
1064 329 3.95378779142
1065 329 3.95378779142
1066 329 3.95378779142
1067 329 3.95378779142
1068 329 3.95378779142
1069 329 3.95378779142
1070 329 3.95378779142
1071 329 3.95378779142
1072 329 3.95378779142
1073 329 3.95378779142
1074 329 3.95378779142
1075 329 3.95378779142
1076 329 3.95378779142
1077 329 3.95378779142
1078 329 3.95378779142
1079 329 3.95378779142
1080 329 3.95378779142
1081 329 3.95378779142
1082 329 3.95378779142
1083 329 3.95378779142
1084 329 3.95378779142
1085 329 3.95378779142
1086 329 3.95378779142
1087 329 3.95378779142
1088 329 3.95378779142
1089 329 3.95378779142
1090 329 3.95378779142
1091 329 3.95378779142
1092 329 3.95378779142
1093 329 3.95378779142
1094 329 3.95378779142
1095 329 3.95378779142
1096 329 3.95378779142
1097 329 3.95378779142
1098 329 3.95378779142
1099 329 3.95378779142
1100 329 3.95378779142
1101 329 3.95378779142
1102 329 3.95378779142
1103 329 3.95378779142
1104 329 3.95378779142
1105 329 3.95378779142
1106 329 3.95378779142
1107 329 3.95378779142
1108 329 3.95378779142
1109 329 3.95378779142
1110 329 3.95378779142
1111 329 3.95378779142
1112 329 3.95378779142
1113 329 3.95378779142
1114 329 3.95378779142
1115 329 3.95378779142
1116 329 3.95378779142
1117 329 3.95378779142
1118 329 3.95378779142
1119 329 3.95378779142
1120 329 3.95378779142
1121 329 3.95378779142
1122 329 3.95378779142
1123 329 3.95378779142
1124 329 3.95378779142
1125 329 3.95378779142
1126 329 3.95378779142
1127 329 3.95378779142
1128 329 3.95378779142
1129 329 3.95378779142
1130 329 3.95378779142
1131 329 3.95378779142
1132 329 3.95378779142
1133 329 3.95378779142
1134 329 3.95378779142
1135 329 3.95378779142
1136 329 3.95378779142
1137 329 3.95378779142
1138 329 3.95378779142
1139 329 3.95378779142
1140 329 3.95378779142
1141 329 3.95378779142
1142 329 3.95378779142
1143 329 3.95378779142
1144 329 3.95378779142
1145 329 3.95378779142
1146 329 3.95378779142
1147 329 3.95378779142
1148 329 3.95378779142
1149 329 3.95378779142
1150 329 3.95378779142
1151 329 3.95378779142
1152 329 3.95378779142
1153 329 3.95378779142
1154 329 3.95378779142
1155 329 3.95378779142
1156 330 1.70919747582
1157 330 1.70919747582
1158 330 1.70919747582
1159 330 1.70919747582
1160 330 1.70919747582
1161 330 1.70919747582
1162 330 1.70919747582
1163 330 1.70919747582
1164 330 1.70919747582
1165 330 1.70919747582
1166 330 1.70919747582
1167 330 1.70919747582
1168 330 1.70919747582
1169 330 1.70919747582
1170 330 1.70919747582
1171 330 1.70919747582
1172 330 1.70919747582
1173 330 1.70919747582
1174 330 1.70919747582
1175 330 1.70919747582
1176 330 1.70919747582
1177 330 1.70919747582
1178 330 1.70919747582
1179 330 1.70919747582
1180 330 1.70919747582
1181 330 1.70919747582
1182 330 1.70919747582
1183 330 1.70919747582
1184 330 1.70919747582
1185 330 1.70919747582
1186 330 1.70919747582
1187 330 1.70919747582
1188 330 1.70919747582
1189 330 1.70919747582
1190 330 1.70919747582
1191 330 1.70919747582
1192 330 1.70919747582
1193 330 1.70919747582
1194 330 1.70919747582
1195 330 1.70919747582
1196 330 1.70919747582
1197 330 1.70919747582
1198 330 1.70919747582
1199 330 1.70919747582
1200 330 1.70919747582
1201 330 1.70919747582
1202 330 1.70919747582
1203 330 1.70919747582
1204 330 1.70919747582
1205 330 1.70919747582
1206 330 1.70919747582
1207 330 1.70919747582
1208 330 1.70919747582
1209 330 1.70919747582
1210 330 1.70919747582
1211 330 1.70919747582
1212 330 1.70919747582
1213 330 1.70919747582
1214 330 1.70919747582
1215 330 1.70919747582
1216 330 1.70919747582
1217 330 1.70919747582
1218 331 1.58654002585
1219 331 1.58654002585
1220 331 1.58654002585
1221 331 1.58654002585
1222 331 1.58654002585
1223 331 1.58654002585
1224 331 1.58654002585
1225 331 1.58654002585
1226 331 1.58654002585
1227 331 1.58654002585
1228 331 1.58654002585
1229 331 1.58654002585
1230 331 1.58654002585
1231 331 1.58654002585
1232 331 1.58654002585
1233 331 1.58654002585
1234 331 1.58654002585
1235 331 1.58654002585
1236 331 1.58654002585
1237 331 1.58654002585
1238 331 1.58654002585
1239 331 1.58654002585
1240 331 1.58654002585
1241 331 1.58654002585
1242 331 1.58654002585
1243 331 1.58654002585
1244 331 1.58654002585
1245 331 1.58654002585
1246 331 1.58654002585
1247 331 1.58654002585
1248 331 1.58654002585
1249 331 1.58654002585
1250 331 1.58654002585
1251 331 1.58654002585
1252 331 1.58654002585
1253 331 1.58654002585
1254 331 1.58654002585
1255 331 1.58654002585
1256 331 1.58654002585
1257 331 1.58654002585
1258 331 1.58654002585
1259 331 1.58654002585
1260 331 1.58654002585
1261 331 1.58654002585
1262 331 1.58654002585
1263 331 1.58654002585
1264 331 1.58654002585
1265 331 1.58654002585
1266 331 1.58654002585
1267 331 1.58654002585
1268 331 1.58654002585
1269 331 1.58654002585
1270 331 1.58654002585
1271 331 1.58654002585
1272 331 1.58654002585
1273 331 1.58654002585
1274 331 1.58654002585
1275 331 1.58654002585
1276 331 1.58654002585
1277 331 1.58654002585
1278 331 1.58654002585
1279 331 1.58654002585
1280 332 5.33076072648
1281 333 5.30943202516
1282 334 5.12059088436
1283 335 5.0129542802
1284 336 4.92599402888
1285 337 4.79046646063
1286 338 4.7251258607
1287 339 4.80630840807
1288 340 4.84737965399
1289 341 5.0167818327
1290 342 5.10662362526
1291 343 5.02466620325
1292 344 4.85459078822
1293 345 4.7374903982
1294 346 4.56391889227
1295 347 4.50311487377
1296 348 4.62253370551
1297 349 4.59135974853
1298 350 4.40892631623
1299 351 4.4480941033
1300 352 4.60428306388
1301 353 4.69243341374
1302 354 4.87036031968
1303 355 4.93293966551
1304 356 5.11893238882
1305 357 5.20565789227
1306 358 5.27546687966
1307 359 5.42688194734
1308 360 5.45189704232
1309 361 5.61659069405
1310 362 5.55978166524
1311 363 5.59167261657
1312 364 5.4086375293
1313 365 5.31622163037
1314 366 5.13105791929
1315 367 4.99765869009
1316 368 5.01976549371
1317 369 4.83197331877
1318 370 4.79871324996
1319 371 4.93100217604
1320 372 4.87828368796
1321 373 4.70135450743
1322 374 4.77127796841
1323 375 4.87808383152
1324 376 4.74886546734
1325 377 4.60930441431
1326 378 4.58355359748
1327 379 4.64876064473
1328 380 4.83445540565
1329 381 4.95571435583
1330 382 5.08842812047
1331 383 5.15528519637
1332 384 5.02613964441
1333 385 5.1534567178
1334 386 5.32679908854
1335 387 5.36933143636
1336 388 5.26666080584
1337 389 5.39189469834
1338 390 5.32632995156
1339 391 5.28949747693
1340 392 5.39999081299
1341 393 5.38810381363
