1 0 1.91490300233
2 0 1.91490300233
3 0 1.91490300233
4 0 1.91490300233
5 0 1.91490300233
6 0 1.91490300233
7 0 1.91490300233
8 0 1.91490300233
9 0 1.91490300233
10 0 1.91490300233
11 0 1.91490300233
12 0 1.91490300233
13 0 1.91490300233
14 0 1.91490300233
15 0 1.91490300233
16 0 1.91490300233
17 0 1.91490300233
18 0 1.91490300233
19 0 1.91490300233
20 0 1.91490300233
21 0 1.91490300233
22 0 1.91490300233
23 0 1.91490300233
24 0 1.91490300233
25 0 1.91490300233
26 0 1.91490300233
27 0 1.91490300233
28 0 1.91490300233
29 0 1.91490300233
30 0 1.91490300233
31 0 1.91490300233
32 0 1.91490300233
33 0 1.91490300233
34 0 1.91490300233
35 0 1.91490300233
36 0 1.91490300233
37 0 1.91490300233
38 0 1.91490300233
39 0 1.91490300233
40 0 1.91490300233
41 0 1.91490300233
42 0 1.91490300233
43 0 1.91490300233
44 0 1.91490300233
45 1 2.40343333413
46 2 2.47836544359
47 3 2.35068995153
48 4 2.4046904678
49 5 2.53484629472
50 6 2.56317444818
51 7 2.71220863258
52 8 2.64302164539
53 9 2.66369423749
54 10 2.60619292956
55 11 2.40697028581
56 12 2.32202262462
57 13 2.12923325179
58 14 2.03876415866
59 15 1.85959909933
60 16 1.77192706342
61 17 1.60706165191
62 18 1.46270266526
63 19 1.40480595708
64 20 1.59872814296
65 21 1.73186323178
66 22 1.91853865133
67 23 1.85967940354
68 24 1.92139075954
69 25 1.92635218796
70 26 2.09984631477
71 27 2.13985116581
72 28 2.3358627608
73 29 2.4557127306
74 30 2.48928922357
75 31 2.28911240083
76 32 2.25853058048
77 33 2.10517259421
78 34 2.11053572999
79 35 1.98570494799
80 36 2.07207782468
81 37 2.00810285867
82 38 2.11882846321
83 39 2.088824167
84 40 2.12898446512
85 41 2.28127360341
86 42 2.22632992625
87 43 2.05964207583
88 44 2.75690663307
89 44 2.75690663307
90 44 2.75690663307
91 44 2.75690663307
92 44 2.75690663307
93 44 2.75690663307
94 44 2.75690663307
95 44 2.75690663307
96 44 2.75690663307
97 44 2.75690663307
98 44 2.75690663307
99 44 2.75690663307
100 44 2.75690663307
101 44 2.75690663307
102 44 2.75690663307
103 44 2.75690663307
104 44 2.75690663307
105 44 2.75690663307
106 44 2.75690663307
107 44 2.75690663307
108 44 2.75690663307
109 44 2.75690663307
110 44 2.75690663307
111 44 2.75690663307
112 44 2.75690663307
113 44 2.75690663307
114 44 2.75690663307
115 44 2.75690663307
116 44 2.75690663307
117 44 2.75690663307
118 44 2.75690663307
119 44 2.75690663307
120 44 2.75690663307
121 44 2.75690663307
122 44 2.75690663307
123 44 2.75690663307
124 45 2.18128863607
125 46 2.04629092221
126 47 2.15380401695
127 48 2.05616929318
128 49 2.15363785195
129 50 2.03599616051
130 51 2.17621764943
131 52 4.06752939869
132 52 4.06752939869
133 52 4.06752939869
134 52 4.06752939869
135 52 4.06752939869
136 52 4.06752939869
137 52 4.06752939869
138 52 4.06752939869
139 52 4.06752939869
140 52 4.06752939869
141 52 4.06752939869
142 52 4.06752939869
143 52 4.06752939869
144 52 4.06752939869
145 52 4.06752939869
146 52 4.06752939869
147 52 4.06752939869
148 52 4.06752939869
149 53 2.4236405219
150 54 2.32789123153
151 55 2.32563575147
152 56 2.13725020133
153 57 2.14471610829
154 58 1.95744223622
155 59 1.84097256218
156 60 1.67593426151
157 61 1.53975125663
158 62 1.33561161796
159 63 1.29289465806
160 64 1.12110348303
161 65 1.180866105
162 66 1.38839291173
163 67 1.55898871791
164 68 1.5756625384
165 69 1.75427880054
166 70 1.84193886373
167 71 2.02688208635
168 72 2.18025950524
169 73 2.3874172411
170 74 2.49291037761
171 75 2.30070237
172 76 2.10264124907
173 77 1.98883972385
174 78 1.87175784066
175 79 1.71836023386
176 80 1.6225225314
177 81 1.61077234566
178 82 1.51303192365
179 83 1.56793964352
180 84 1.49333770642
181 85 1.63768072101
182 86 1.61546394608
183 87 1.62612386251
184 88 1.75375102164
185 89 1.63534253803
186 90 1.67704323765
187 91 1.57774550216
188 92 1.61658192419
189 93 1.52983909761
190 94 1.64555505278
191 95 1.4956129955
192 96 1.51125138801
193 97 1.33401177704
194 98 1.32319495902
195 99 1.45036623379
196 100 1.44963995652
197 101 1.58415140209
198 102 1.57222377992
199 103 1.72475179541
200 104 1.86357540685
201 105 2.01931299527
202 106 2.0809649642
203 107 1.95272771246
204 108 2.06499723531
205 109 1.92451061806
206 110 1.72497291706
207 111 1.61009963251
208 112 1.41359022409
209 113 1.27919491581
210 114 1.20063275994
211 115 1.0043900184
212 116 1.01479347448
213 117 1.07725878772
214 118 1.25324335205
215 119 1.43812451131
216 120 1.652369835
217 121 1.82224484392
218 122 1.94065829182
219 123 2.01161802559
220 124 2.0685326715
221 125 1.87331145225
222 126 1.74341697933
223 127 1.55777963193
224 128 1.38088713661
225 129 1.25316597779
226 130 1.06247850884
227 131 0.990463316172
228 132 0.816509495946
229 133 0.871423969396
230 134 1.05528490121
231 135 1.17878035282
232 136 1.34436833153
233 137 1.54135434531
234 138 1.70888951706
235 139 1.87353095187
236 140 2.06346673364
237 141 2.17755973452
238 142 2.33377837868
239 143 2.33737583209
240 144 2.23915862766
241 145 2.11283798843
242 146 2.18837697512
243 147 2.04390086832
244 148 1.86034874787
245 149 1.77261894236
246 150 1.60398491372
247 151 1.64052581924
248 152 1.52780571615
249 153 1.51674189681
250 154 1.45263069719
251 155 1.37439264395
252 156 1.3758383671
253 157 1.57831849728
254 158 1.6843501927
255 159 1.8857781098
256 160 1.98325134433
257 161 2.17957845629
258 162 2.2874202064
259 163 2.47167263996
260 164 2.48298568608
261 165 2.55691023137
262 166 2.4080159657
263 167 2.23101097376
264 168 2.08167307304
265 169 1.9253719723
266 170 1.75644135076
267 171 1.58043405396
268 172 1.40099478744
269 173 1.35191609725
270 174 1.55327468234
271 175 1.62697528607
272 176 1.82089158419
273 177 5.18788528216
274 177 5.18788528216
275 177 5.18788528216
276 177 5.18788528216
277 177 5.18788528216
278 177 5.18788528216
279 177 5.18788528216
280 177 5.18788528216
281 177 5.18788528216
282 177 5.18788528216
283 177 5.18788528216
284 177 5.18788528216
285 178 1.8742735427
286 179 2.03147441832
287 180 2.13777721509
288 181 2.25050876623
289 182 2.38346956775
290 183 2.5707052589
291 184 2.60121140255
292 185 2.80722628414
293 186 2.78697779831
294 187 2.88479653068
295 188 2.85455011984
296 189 2.90243463709
297 190 3.06497891515
298 191 3.11433825579
299 192 3.08652681996
300 193 3.04081610231
301 194 2.84618118805
302 195 2.79329654704
303 196 2.64747943814
304 197 2.46799946795
305 198 2.42406667198
306 199 2.2642791078
307 200 2.15470145848
308 201 2.03352195687
309 202 1.92884358575
310 203 1.93037340641
311 204 1.73816816781
312 205 1.770337697
313 206 1.94436524444
314 207 2.0013118647
315 208 1.97287143591
316 209 2.10111490462
317 210 2.16656691347
318 211 2.27163295539
319 212 2.39669412319
320 213 2.52580932398
321 214 2.65925103899
322 215 2.81949597726
323 216 2.93560728796
324 217 2.92440543844
325 218 2.84388830455
326 219 2.65546291369
327 220 2.59210091216
328 221 2.43715757844
329 222 2.37723142125
330 223 2.26660173829
331 224 2.16360971763
332 225 2.28474362382
333 226 2.25297552836
334 227 4.83166466498
335 227 4.83166466498
336 227 4.83166466498
337 227 4.83166466498
338 227 4.83166466498
339 227 4.83166466498
340 227 4.83166466498
341 227 4.83166466498
342 227 4.83166466498
343 227 4.83166466498
344 227 4.83166466498
345 227 4.83166466498
346 227 4.83166466498
347 227 4.83166466498
348 227 4.83166466498
349 227 4.83166466498
350 227 4.83166466498
351 227 4.83166466498
352 227 4.83166466498
353 227 4.83166466498
354 227 4.83166466498
355 227 4.83166466498
356 228 2.47657695246
357 229 2.59749545031
358 230 2.60095323579
359 231 2.56382911492
360 232 2.69416600962
361 233 2.7732326881
362 234 2.80015609103
363 235 2.97428975709
364 236 3.05496398557
365 237 2.99399626626
366 238 3.15213857089
367 239 3.04613552592
368 240 2.85697255112
369 241 2.70430556218
370 242 2.53780845703
371 243 2.39903730101
372 244 2.36310361633
373 245 2.18117779528
374 246 2.10327284651
375 247 2.0458320531
376 248 1.8489260452
377 249 1.88072091771
378 250 2.08356956245
379 251 2.13843202693
380 252 2.32143819099
381 253 2.46719461085
382 254 2.51410888699
383 255 2.48986813659
384 256 2.3113081116
385 257 2.36125031488
386 258 2.50842453179
387 259 2.59269975666
388 260 2.76894151504
389 261 2.85509895645
390 262 3.02815521789
391 263 2.92881240902
392 264 2.9005480758
393 265 2.73228561348
394 266 2.76659839599
395 267 2.68678809344
396 268 2.56437819787
397 269 2.53530804612
398 270 2.4834769976
399 271 2.60954723388
400 272 2.75717369384
401 273 2.79863475555
402 274 2.60587183019
403 275 2.48154419789
404 276 2.29453800295
405 277 2.19477955378
406 278 2.00373028427
407 279 1.90732428854
408 280 1.7275984082
409 281 1.57031132848
410 282 1.52791090129
411 283 1.66901054831
412 284 1.80171606471
413 285 1.97621432137
414 286 2.13864069316
415 287 2.17217107885
416 288 2.31578951164
417 289 2.38652132781
418 290 2.59298216434
419 291 2.72472271764
420 292 2.79286678334
421 293 2.62443926813
422 294 2.43889279772
423 295 2.33347356028
424 296 2.43203124728
425 297 2.3389354091
426 298 2.42496815681
427 299 5.3194006027
428 299 5.3194006027
429 299 5.3194006027
430 299 5.3194006027
431 299 5.3194006027
432 299 5.3194006027
433 299 5.3194006027
434 299 5.3194006027
435 299 5.3194006027
436 299 5.3194006027
437 299 5.3194006027
438 299 5.3194006027
439 299 5.3194006027
440 299 5.3194006027
441 299 5.3194006027
442 299 5.3194006027
443 299 5.3194006027
444 299 5.3194006027
445 299 5.3194006027
446 299 5.3194006027
447 299 5.3194006027
448 299 5.3194006027
449 299 5.3194006027
450 299 5.3194006027
451 299 5.3194006027
452 299 5.3194006027
453 299 5.3194006027
454 299 5.3194006027
455 299 5.3194006027
456 299 5.3194006027
457 299 5.3194006027
458 299 5.3194006027
459 299 5.3194006027
460 299 5.3194006027
461 299 5.3194006027
462 299 5.3194006027
463 299 5.3194006027
464 299 5.3194006027
465 299 5.3194006027
466 299 5.3194006027
467 299 5.3194006027
468 299 5.3194006027
469 299 5.3194006027
470 299 5.3194006027
471 299 5.3194006027
472 299 5.3194006027
473 299 5.3194006027
474 299 5.3194006027
475 299 5.3194006027
476 299 5.3194006027
477 299 5.3194006027
478 299 5.3194006027
479 299 5.3194006027
480 299 5.3194006027
481 299 5.3194006027
482 299 5.3194006027
483 299 5.3194006027
484 299 5.3194006027
485 299 5.3194006027
486 299 5.3194006027
487 299 5.3194006027
488 299 5.3194006027
489 299 5.3194006027
490 299 5.3194006027
491 300 3.09644927372
492 300 3.09644927372
493 300 3.09644927372
494 300 3.09644927372
495 300 3.09644927372
496 300 3.09644927372
497 300 3.09644927372
498 300 3.09644927372
499 300 3.09644927372
500 300 3.09644927372
501 300 3.09644927372
502 300 3.09644927372
503 300 3.09644927372
504 300 3.09644927372
505 300 3.09644927372
506 300 3.09644927372
507 300 3.09644927372
508 300 3.09644927372
509 300 3.09644927372
510 300 3.09644927372
511 300 3.09644927372
512 300 3.09644927372
513 300 3.09644927372
514 300 3.09644927372
515 300 3.09644927372
516 300 3.09644927372
517 300 3.09644927372
518 300 3.09644927372
519 300 3.09644927372
520 300 3.09644927372
521 300 3.09644927372
522 300 3.09644927372
523 300 3.09644927372
524 300 3.09644927372
525 300 3.09644927372
526 300 3.09644927372
527 300 3.09644927372
528 300 3.09644927372
529 300 3.09644927372
530 300 3.09644927372
531 300 3.09644927372
532 300 3.09644927372
533 300 3.09644927372
534 300 3.09644927372
535 300 3.09644927372
536 300 3.09644927372
537 300 3.09644927372
538 300 3.09644927372
539 300 3.09644927372
540 300 3.09644927372
541 300 3.09644927372
542 300 3.09644927372
543 300 3.09644927372
544 300 3.09644927372
545 300 3.09644927372
546 300 3.09644927372
547 300 3.09644927372
548 300 3.09644927372
549 300 3.09644927372
550 300 3.09644927372
551 300 3.09644927372
552 300 3.09644927372
553 300 3.09644927372
554 300 3.09644927372
555 300 3.09644927372
556 300 3.09644927372
557 300 3.09644927372
558 300 3.09644927372
559 300 3.09644927372
560 300 3.09644927372
561 300 3.09644927372
562 300 3.09644927372
563 300 3.09644927372
564 300 3.09644927372
565 300 3.09644927372
566 300 3.09644927372
567 300 3.09644927372
568 300 3.09644927372
569 300 3.09644927372
570 300 3.09644927372
571 300 3.09644927372
572 300 3.09644927372
573 300 3.09644927372
574 300 3.09644927372
575 301 4.30624434362
576 301 4.30624434362
577 301 4.30624434362
578 301 4.30624434362
579 301 4.30624434362
580 301 4.30624434362
581 301 4.30624434362
582 301 4.30624434362
583 301 4.30624434362
584 301 4.30624434362
585 301 4.30624434362
586 301 4.30624434362
587 301 4.30624434362
588 301 4.30624434362
589 301 4.30624434362
590 301 4.30624434362
591 301 4.30624434362
592 301 4.30624434362
593 301 4.30624434362
594 301 4.30624434362
595 301 4.30624434362
596 301 4.30624434362
597 301 4.30624434362
598 301 4.30624434362
599 301 4.30624434362
600 301 4.30624434362
601 301 4.30624434362
602 301 4.30624434362
603 301 4.30624434362
604 301 4.30624434362
605 301 4.30624434362
606 301 4.30624434362
607 301 4.30624434362
608 301 4.30624434362
609 301 4.30624434362
610 301 4.30624434362
611 301 4.30624434362
612 301 4.30624434362
613 301 4.30624434362
614 301 4.30624434362
615 301 4.30624434362
616 301 4.30624434362
617 301 4.30624434362
618 301 4.30624434362
619 301 4.30624434362
620 301 4.30624434362
621 301 4.30624434362
622 301 4.30624434362
623 301 4.30624434362
624 301 4.30624434362
625 301 4.30624434362
626 301 4.30624434362
627 301 4.30624434362
628 301 4.30624434362
629 301 4.30624434362
630 301 4.30624434362
631 301 4.30624434362
632 301 4.30624434362
633 301 4.30624434362
634 301 4.30624434362
635 301 4.30624434362
636 301 4.30624434362
637 301 4.30624434362
638 301 4.30624434362
639 301 4.30624434362
640 301 4.30624434362
641 301 4.30624434362
642 301 4.30624434362
643 301 4.30624434362
644 301 4.30624434362
645 301 4.30624434362
646 301 4.30624434362
647 301 4.30624434362
648 301 4.30624434362
649 301 4.30624434362
650 301 4.30624434362
651 301 4.30624434362
652 301 4.30624434362
653 301 4.30624434362
654 301 4.30624434362
655 301 4.30624434362
656 301 4.30624434362
657 301 4.30624434362
658 301 4.30624434362
659 302 3.86023834667
660 303 3.58360368228
661 304 3.36572125943
662 305 3.2653369459
663 306 3.51402192047
664 307 3.53012362864
665 308 3.26328100926
666 309 3.31834733735
667 310 3.57622151802
668 311 3.47025137971
669 312 3.28045120046
670 313 3.4830505924
671 314 3.66599662465
672 315 3.45101037321
673 316 3.41988693802
674 317 3.14639735382
675 318 3.16232748048
676 319 2.88628321299
677 320 2.85817005297
678 321 3.09069668127
679 322 2.99493927889
680 323 2.76313639542
681 324 2.88590638906
682 325 3.08837820283
683 326 2.93376807061
684 327 2.74587269172
685 328 2.91663375914
686 329 3.14345037438
687 330 3.24414991111
688 331 3.19239954766
689 332 3.41923955476
690 333 3.54564391237
691 334 3.70696267557
692 335 3.50933089252
693 336 3.30823191897
694 337 3.52528021289
695 338 3.54878978427
696 339 3.26197434594
697 340 3.28320802041
698 341 3.52394995118
699 342 3.39178519276
700 343 3.1984316527
701 344 3.41709892798
702 345 3.53731937959
703 346 3.36345651191
704 347 3.54171987632
705 348 3.64563474225
706 349 3.45397395366
707 350 3.17404782896
708 351 3.03765744709
709 352 2.82090799881
710 353 2.66000713008
711 354 2.46886334963
712 355 2.60315432079
713 356 2.55590228595
714 357 2.56398829871
715 358 2.83671296886
716 359 2.91106990787
717 360 2.69486928289
718 361 2.8076246727
719 362 3.06107944925
720 363 2.98624373508
721 364 2.91458031267
722 365 3.17469348169
723 366 3.33256322358
724 367 3.21700025248
725 368 3.46782879971
726 369 3.48254021418
727 370 3.52098188725
728 371 3.32851250951
729 372 3.14264174847
730 373 3.13635671479
731 374 3.13836084598
732 375 2.91588088333
733 376 2.76566574981
734 377 2.84552790908
735 378 2.81266514416
736 379 2.56556784517
737 380 2.52001146615
738 381 2.3632076277
739 382 2.59638638591
740 383 2.53334126517
741 384 2.47016088749
742 385 2.69582525204
743 386 2.86068360674
744 387 2.74859005074
745 388 2.79470410854
746 389 2.9930694886
747 390 3.18902538164
748 391 3.34974706804
749 392 3.39592390096
750 393 3.35102970044
751 394 3.21529091305
752 395 3.29347685688
753 396 3.20654118992
754 397 2.980341054
755 398 2.89215399194
756 399 2.93429374732
757 400 2.80090187879
758 401 2.56858840614
759 402 2.575053845
760 403 2.66811052895
761 404 2.4804207915
762 405 2.2653900336
763 406 2.30943133963
764 407 2.06833723603
765 408 1.96280997542
766 409 1.99037813793
767 410 2.22227950162
768 411 2.2274837487
769 412 2.17321140286
770 413 2.35121318154
771 414 2.51621227253
772 415 2.489207605
773 416 2.53249220867
774 417 2.75976954695
775 418 2.84377726421
776 419 2.85849905141
777 420 3.00691173597
778 421 3.18027384815
779 422 3.26848811063
780 423 3.34878884388
781 424 3.49703073131
782 425 3.61886156953
783 426 8.60000533798
784 426 8.60000533798
785 426 8.60000533798
786 426 8.60000533798
787 426 8.60000533798
788 426 8.60000533798
789 426 8.60000533798
790 426 8.60000533798
791 426 8.60000533798
792 426 8.60000533798
793 426 8.60000533798
794 426 8.60000533798
795 426 8.60000533798
796 426 8.60000533798
797 426 8.60000533798
798 426 8.60000533798
799 426 8.60000533798
800 426 8.60000533798
801 426 8.60000533798
802 426 8.60000533798
803 426 8.60000533798
804 426 8.60000533798
805 426 8.60000533798
806 426 8.60000533798
807 426 8.60000533798
808 426 8.60000533798
809 427 3.16108115471
810 428 3.39330917423
811 429 3.46943253324
812 430 3.32171091015
813 431 3.10693752146
814 432 3.02999658199
815 433 3.00332234581
816 434 2.84406003152
817 435 2.68157610813
818 436 2.68549275879
819 437 2.58018491779
820 438 2.39434271339
821 439 2.3378886508
822 440 2.47619739733
823 441 2.43803716602
824 442 2.1991367269
825 443 2.23899892124
826 444 2.47538126369
827 445 2.51599392257
828 446 2.76620084208
829 447 2.82417154473
830 448 2.7917218502
831 449 2.94390314935
832 450 3.16715299368
833 451 3.11868829383
834 452 3.26826877889
835 453 3.55010328633
836 454 3.56875076793
837 454 3.56875076793
838 454 3.56875076793
839 454 3.56875076793
840 454 3.56875076793
841 454 3.56875076793
842 454 3.56875076793
843 454 3.56875076793
844 454 3.56875076793
845 454 3.56875076793
846 454 3.56875076793
847 454 3.56875076793
848 454 3.56875076793
849 454 3.56875076793
850 454 3.56875076793
851 454 3.56875076793
852 454 3.56875076793
853 454 3.56875076793
854 454 3.56875076793
855 454 3.56875076793
856 454 3.56875076793
857 454 3.56875076793
858 454 3.56875076793
859 454 3.56875076793
860 454 3.56875076793
861 454 3.56875076793
862 454 3.56875076793
863 454 3.56875076793
864 454 3.56875076793
865 454 3.56875076793
866 454 3.56875076793
867 454 3.56875076793
868 454 3.56875076793
869 454 3.56875076793
870 454 3.56875076793
871 454 3.56875076793
872 454 3.56875076793
873 454 3.56875076793
874 454 3.56875076793
875 454 3.56875076793
876 454 3.56875076793
877 454 3.56875076793
878 454 3.56875076793
879 454 3.56875076793
880 454 3.56875076793
881 454 3.56875076793
882 454 3.56875076793
883 454 3.56875076793
884 454 3.56875076793
885 454 3.56875076793
886 454 3.56875076793
887 454 3.56875076793
888 454 3.56875076793
889 455 9.29745592208
890 455 9.29745592208
891 455 9.29745592208
892 455 9.29745592208
893 455 9.29745592208
894 455 9.29745592208
895 455 9.29745592208
896 455 9.29745592208
897 455 9.29745592208
898 455 9.29745592208
899 455 9.29745592208
900 455 9.29745592208
901 455 9.29745592208
902 455 9.29745592208
903 455 9.29745592208
904 455 9.29745592208
905 455 9.29745592208
906 455 9.29745592208
907 455 9.29745592208
908 455 9.29745592208
909 455 9.29745592208
910 455 9.29745592208
911 455 9.29745592208
912 455 9.29745592208
913 455 9.29745592208
914 455 9.29745592208
915 455 9.29745592208
916 455 9.29745592208
917 455 9.29745592208
918 455 9.29745592208
919 455 9.29745592208
920 455 9.29745592208
921 455 9.29745592208
922 455 9.29745592208
923 455 9.29745592208
924 455 9.29745592208
925 455 9.29745592208
926 455 9.29745592208
927 455 9.29745592208
928 455 9.29745592208
929 455 9.29745592208
930 455 9.29745592208
931 455 9.29745592208
932 455 9.29745592208
933 455 9.29745592208
934 455 9.29745592208
935 455 9.29745592208
936 455 9.29745592208
937 455 9.29745592208
938 455 9.29745592208
939 455 9.29745592208
940 455 9.29745592208
941 455 9.29745592208
942 456 2.94166093542
943 457 2.89348508519
944 458 2.94160601838
945 459 2.86122767173
946 460 2.82255065189
947 461 2.87686885952
948 462 2.81751551007
949 463 2.84437245839
950 464 2.80278223193
951 465 2.72960074182
952 466 2.663593888
953 467 2.69780017445
954 468 2.68427542407
955 469 2.62425474168
956 470 2.57759841123
957 471 2.59006419861
958 472 2.56151578642
959 473 2.49011724784
960 474 2.49375397249
961 475 2.48688427498
962 476 2.55869249901
963 477 2.51662430162
964 478 12.538686392
965 478 12.538686392
966 478 12.538686392
967 478 12.538686392
968 478 12.538686392
969 478 12.538686392
970 478 12.538686392
971 478 12.538686392
972 478 12.538686392
973 478 12.538686392
974 478 12.538686392
975 478 12.538686392
976 478 12.538686392
977 478 12.538686392
978 478 12.538686392
979 478 12.538686392
980 478 12.538686392
981 478 12.538686392
982 478 12.538686392
983 478 12.538686392
984 478 12.538686392
985 478 12.538686392
986 478 12.538686392
987 478 12.538686392
988 478 12.538686392
989 478 12.538686392
990 478 12.538686392
991 478 12.538686392
992 478 12.538686392
993 478 12.538686392
994 478 12.538686392
995 478 12.538686392
996 478 12.538686392
997 478 12.538686392
998 478 12.538686392
999 478 12.538686392
1000 479 2.52423985308
1001 480 2.59955054149
1002 481 2.66010855109
1003 482 2.7492868633
1004 483 2.78391668082
1005 484 2.87305431236
1006 485 2.93395421259
1007 486 3.01745247969
1008 487 3.06271536266
1009 488 3.03007297995
1010 489 2.98546631094
1011 490 2.89447050536
1012 491 2.8329290609
1013 492 2.74506515155
1014 493 2.69402477789
1015 494 2.64756303338
1016 495 2.72149814978
1017 496 2.76622781425
1018 497 2.69578640075
1019 498 2.69797013318
1020 499 2.78914793156
1021 500 2.79127434748
1022 501 2.74231066282
1023 502 2.81406173124
1024 503 2.88033718013
1025 504 2.87896738957
1026 505 2.967825043
1027 506 2.97658092294
1028 507 2.99290485647
1029 508 3.05545611382
1030 509 3.15482391349
1031 510 3.19579753895
1032 511 3.12180009803
1033 512 13.2974629061
1034 512 13.2974629061
1035 512 13.2974629061
1036 512 13.2974629061
1037 512 13.2974629061
1038 512 13.2974629061
