1 0 0.902195062015
2 1 0.93182050964
3 2 0.942673555474
4 3 0.976541372969
5 4 1.00310978835
6 5 0.994980127597
7 6 1.03804019956
8 7 1.02853467224
9 8 1.05155296147
10 9 1.02183426372
11 10 0.977525917999
12 11 0.952440696791
13 12 0.918504188184
14 13 0.89706444408
15 14 0.894497678839
16 15 0.87451842013
17 16 0.862936179
18 17 0.871322094295
19 18 0.838527790321
20 19 0.839886337723
21 20 0.843707847684
22 21 0.882351338295
23 22 0.909311684051
24 23 0.912837806716
25 24 0.934398886021
26 25 0.947987561547
27 26 0.962326071252
28 27 0.979331318858
29 28 0.999775188732
30 29 1.03981339588
31 30 1.03270218352
32 31 1.03000862646
33 32 1.00028112134
34 33 0.999029739411
35 34 0.976943114457
36 35 0.965492206624
37 36 0.955503166177
38 37 0.928597323266
39 38 0.951614530246
40 39 0.923711532342
41 40 0.945731675195
42 41 0.957191439603
43 42 0.921575990274
44 43 0.948805617652
45 44 0.952786276835
46 45 0.993774466013
47 46 1.01307376687
48 47 1.0151756384
49 48 1.03849487136
50 49 1.04659756354
51 50 1.06480882276
52 51 1.07047508571
53 52 1.04347694305
54 53 1.03842409707
55 54 1.06144285161
56 55 1.02806044883
57 56 0.995735733227
58 57 0.971628302663
59 58 0.928040469592
60 59 0.903333413997
61 60 0.908236888939
62 61 0.885538031037
63 62 0.888889244919
64 63 0.880146389516
65 64 0.855692030557
66 65 0.877138057671
67 66 0.874466673428
68 67 0.90717465317
69 68 0.934001420574
70 69 0.945251833056
71 70 0.942861420811
72 71 0.939266779457
73 72 0.935182336975
74 73 0.946541209371
75 74 0.938458988516
76 75 0.964970126792
77 76 0.969107013892
78 77 1.00389732248
79 78 0.974568702258
80 79 0.980411270063
81 80 0.960348915398
82 81 0.985934223146
83 82 0.976421196867
84 83 0.996131857681
85 84 0.996624251188
86 85 1.00752787022
87 86 1.04311226433
88 87 1.03570870847
89 88 1.0794644036
90 89 1.09306293017
91 90 1.09663524845
92 91 1.06622656758
93 92 1.08169341732
94 93 1.11282125502
95 94 1.09652357514
96 95 1.0991908733
97 96 1.06186140203
98 97 1.03845975244
99 98 1.05565931728
100 99 1.04264938037
101 100 1.02498468737
102 101 1.01995050504
103 102 1.01233484695
104 103 0.980988943932
105 104 0.994075623904
106 105 0.963342432466
107 106 0.942614770625
108 107 0.956043293181
109 108 0.938156915763
110 109 0.941657723274
111 110 0.915749424214
112 111 0.886409472115
113 112 0.867381983311
114 113 0.873293212045
115 114 0.845528772826
116 115 0.850105907643
117 116 0.816210774459
118 117 0.790938364655
119 118 0.815302091054
120 119 0.789121264853
121 120 0.808642877931
122 121 0.851828487461
123 122 0.881164115626
124 123 0.864357337664
125 124 0.862776373955
126 125 0.852180544759
127 126 0.869000837446
128 127 0.858559293335
129 128 0.88219474619
130 129 0.887555783923
131 130 0.887062644964
132 131 0.843985897436
133 132 0.851067435838
134 133 0.838183059444
135 134 0.865634583431
136 135 0.860447833568
137 136 0.89621970836
138 137 0.899287632202
139 138 0.929241368323
140 139 0.925202078042
141 140 0.952041500489
142 141 0.938506062695
143 142 0.979584906546
144 143 1.00056695674
145 144 0.984755417501
146 145 1.00946123329
147 146 0.992390263328
148 147 0.962714932686
149 148 0.946758049786
150 149 0.918751570227
151 150 0.878418928991
152 151 0.854614444395
153 152 0.853076771332
154 153 0.815901620623
155 154 0.811402584573
156 155 0.785013288287
157 156 0.789915510427
158 157 0.795929098248
159 158 0.813139492259
160 159 0.836871388608
161 160 0.852359290622
162 161 0.897410239544
163 162 0.897450044689
164 163 0.878778514675
165 164 0.899055775248
166 165 0.856673027499
167 166 0.850519643792
168 167 0.831454369341
169 168 0.820233214215
170 169 0.804690173177
171 170 0.795683614221
172 171 0.771741083227
173 172 0.761115247563
174 173 0.722746256897
175 174 0.733791319175
176 175 0.700921125113
177 176 0.714715849007
178 177 0.679388845775
179 178 0.674814179577
180 179 0.695892225961
181 180 0.73320454301
182 181 0.726719091452
183 182 0.742836429107
184 183 0.734089466768
185 184 0.759940060975
186 185 0.760493339136
187 186 0.781512905898
188 187 0.778059934217
189 188 0.735749555255
190 189 0.720323728375
191 190 0.714961954416
192 191 0.707363134266
193 192 0.702117886116
194 193 0.72369651288
195 194 0.714620425216
196 195 0.74002393282
197 196 0.726857872169
198 197 0.733128707103
199 198 0.768559162346
200 199 0.787444353184
201 200 0.784332875152
202 201 0.763968590504
203 202 0.728525616708
204 203 0.704440169133
205 204 0.667034467541
206 205 0.650125873288
207 206 0.659197871796
208 207 0.652231644844
209 208 0.63717906126
210 209 0.638942676306
211 210 0.68199841994
212 211 0.694241652312
213 212 0.738171940424
214 213 0.76974234052
215 214 0.759572913039
216 215 0.792262928013
217 216 0.777456252135
218 217 0.747071170385
219 218 0.74041693908
220 219 0.712340179761
221 220 0.694246909519
222 221 0.693865664222
223 222 0.653213829986
224 223 0.650873519863
225 224 0.609124414123
226 225 0.593773366716
227 226 0.584804803311
228 227 0.594162450635
229 228 0.631543460324
230 229 0.642121085945
231 230 0.676261909118
232 231 0.688529365504
233 232 0.712479324732
234 233 0.736504641643
235 234 0.737292511761
236 235 0.763887711987
237 236 0.729169031317
238 237 0.731763921177
239 238 0.696989982777
240 239 0.690802839772
241 240 0.65920816491
242 241 0.640860304527
243 242 0.62199898723
244 243 0.596100716875
245 244 0.60539498021
246 245 0.580747954511
247 246 0.589911885737
248 247 0.55782226112
249 248 5.88099077764
250 248 5.88099077764
251 248 5.88099077764
252 248 5.88099077764
253 248 5.88099077764
254 248 5.88099077764
255 248 5.88099077764
256 248 5.88099077764
257 248 5.88099077764
258 248 5.88099077764
259 248 5.88099077764
260 248 5.88099077764
261 248 5.88099077764
262 248 5.88099077764
263 248 5.88099077764
264 248 5.88099077764
265 248 5.88099077764
266 248 5.88099077764
267 248 5.88099077764
268 248 5.88099077764
269 248 5.88099077764
270 248 5.88099077764
271 248 5.88099077764
272 248 5.88099077764
273 248 5.88099077764
274 248 5.88099077764
275 248 5.88099077764
276 248 5.88099077764
277 248 5.88099077764
278 248 5.88099077764
279 248 5.88099077764
280 248 5.88099077764
281 248 5.88099077764
282 248 5.88099077764
283 248 5.88099077764
284 248 5.88099077764
285 248 5.88099077764
286 248 5.88099077764
287 248 5.88099077764
288 249 0.602369960501
289 250 0.621811514859
290 251 0.618690292161
291 252 0.604345867713
292 253 0.604479794188
293 254 0.572962290577
294 255 0.584521137834
295 256 0.564840396458
296 257 0.584451323337
297 258 0.57853102612
298 259 0.603392984181
299 260 0.630980483039
300 261 0.659710698686
301 262 0.689173823626
302 263 0.703887838451
303 264 0.743434893209
304 265 0.74599244417
305 266 0.773252826652
306 267 0.77924681426
307 268 0.768068005928
308 269 0.803501847586
309 270 0.794082802337
310 271 0.756165310292
311 272 0.757685741265
312 273 0.730853216748
313 274 0.725354471948
314 275 0.735243856718
315 276 0.691749869437
316 277 0.681225890402
317 278 0.661080312987
318 279 0.686187488603
319 280 0.700869903288
320 281 0.736233923768
321 282 0.748812362523
322 283 0.786330807576
323 284 0.798723855299
324 285 0.821198787577
325 286 0.809678602891
326 287 0.835404661556
327 288 0.801205265697
328 289 0.780845469343
329 290 0.736767032703
330 291 0.713367735415
331 292 0.671418106013
332 293 0.638650199026
333 294 0.600126099433
334 295 0.563370801749
335 296 0.527956830118
336 297 0.513255115053
337 298 0.549800568106
338 299 0.565155728381
339 300 0.606906623471
340 301 0.622157330983
341 302 0.663738280638
342 303 0.670442866972
343 304 0.712765312419
344 305 0.747576190201
345 306 0.788875597934
346 307 0.824623961033
347 308 3.31753827107
348 308 3.31753827107
349 308 3.31753827107
