1 0 0.648943873648
2 0 0.648943873648
3 0 0.648943873648
4 0 0.648943873648
5 0 0.648943873648
6 0 0.648943873648
7 0 0.648943873648
8 0 0.648943873648
9 0 0.648943873648
10 0 0.648943873648
11 0 0.648943873648
12 0 0.648943873648
13 0 0.648943873648
14 0 0.648943873648
15 0 0.648943873648
16 0 0.648943873648
17 0 0.648943873648
18 0 0.648943873648
19 0 0.648943873648
20 0 0.648943873648
21 0 0.648943873648
22 0 0.648943873648
23 0 0.648943873648
24 0 0.648943873648
25 0 0.648943873648
26 0 0.648943873648
27 0 0.648943873648
28 0 0.648943873648
29 0 0.648943873648
30 0 0.648943873648
31 0 0.648943873648
32 0 0.648943873648
33 0 0.648943873648
34 0 0.648943873648
35 0 0.648943873648
36 0 0.648943873648
37 0 0.648943873648
38 0 0.648943873648
39 0 0.648943873648
40 0 0.648943873648
41 0 0.648943873648
42 0 0.648943873648
43 0 0.648943873648
44 0 0.648943873648
45 0 0.648943873648
46 0 0.648943873648
47 0 0.648943873648
48 0 0.648943873648
49 0 0.648943873648
50 0 0.648943873648
51 1 0.860292621163
52 1 0.860292621163
53 1 0.860292621163
54 1 0.860292621163
55 1 0.860292621163
56 1 0.860292621163
57 1 0.860292621163
58 1 0.860292621163
59 1 0.860292621163
60 1 0.860292621163
61 1 0.860292621163
62 1 0.860292621163
63 1 0.860292621163
64 1 0.860292621163
65 1 0.860292621163
66 1 0.860292621163
67 1 0.860292621163
68 1 0.860292621163
69 1 0.860292621163
70 1 0.860292621163
71 1 0.860292621163
72 1 0.860292621163
73 1 0.860292621163
74 1 0.860292621163
75 1 0.860292621163
76 1 0.860292621163
77 1 0.860292621163
78 1 0.860292621163
79 1 0.860292621163
80 1 0.860292621163
81 1 0.860292621163
82 1 0.860292621163
83 1 0.860292621163
84 1 0.860292621163
85 1 0.860292621163
86 1 0.860292621163
87 1 0.860292621163
88 1 0.860292621163
89 1 0.860292621163
90 1 0.860292621163
91 1 0.860292621163
92 1 0.860292621163
93 1 0.860292621163
94 1 0.860292621163
95 1 0.860292621163
96 1 0.860292621163
97 1 0.860292621163
98 1 0.860292621163
99 1 0.860292621163
100 1 0.860292621163
101 2 5.21042639182
102 3 5.51016508214
103 4 5.80554791328
104 5 5.89149824064
105 6 6.14089355322
106 7 6.3297778103
107 8 6.25695079725
108 9 6.55733031787
109 10 6.56560811152
110 11 6.78321305205
111 12 6.88645616282
112 13 6.75274264903
113 14 6.68100720204
114 15 6.37065991532
115 16 6.14301589872
116 17 5.86632751857
117 18 5.86480425195
118 19 5.95317132807
119 20 6.25459430589
120 21 6.27438597263
121 22 6.57412934014
122 23 6.60109143267
123 24 6.54320630298
124 25 6.21220041032
125 26 6.13461619118
126 27 6.04432381265
127 28 5.69683994759
128 29 5.56671691879
129 30 5.33133529325
130 31 5.39896713094
131 32 5.22130942865
132 33 5.1229507141
133 34 5.04008364366
134 35 5.17564652589
135 36 5.03564703786
136 37 5.26170488435
137 38 5.11650419538
138 39 5.21654711602
139 40 5.11956236767
140 41 5.23944491392
141 42 5.09954597996
142 43 5.25710369039
143 44 5.22866470498
144 45 5.52322187323
145 46 5.57221210527
146 47 5.55751156512
147 48 5.27469575383
148 49 4.94795309142
149 50 4.85214046286
150 51 4.68025343622
151 52 4.81001070002
152 53 4.98860703669
153 54 4.99192195762
154 55 5.29787431557
155 56 5.41395617417
156 57 5.73323070427
157 58 6.02502426265
158 59 6.31255583386
159 60 6.58960198126
160 61 6.8927389263
161 62 7.07846578747
162 63 7.37595758524
163 64 7.34747722344
164 65 7.13485273328
165 66 7.29173699465
166 67 7.42449081744
167 68 7.51023936637
168 69 7.1465510693
169 70 6.91078517626
170 71 6.55719041892
171 72 6.47766995182
172 73 6.26727637925
173 74 6.41761736504
174 75 6.21840702967
175 76 6.3368726289
176 77 6.39381985636
177 78 6.34928113633
178 79 6.02166850016
179 80 5.89527771904
180 81 5.95005714808
181 82 5.88310358298
182 83 5.57916084485
183 84 5.47262999734
184 85 5.5487287931
185 86 5.77058465162
186 87 6.05899125412
187 88 6.39519914099
188 89 6.43115035065
189 90 6.08263255746
190 91 5.99039838783
191 92 5.69473802167
192 93 5.53694056614
193 94 5.48255567633
194 95 5.18160156938
195 96 5.12536741382
196 97 4.79609403316
197 98 4.57277577314
198 99 4.54735142312
199 100 4.44514761279
200 101 4.24962669098
201 102 4.49488894456
202 103 4.23943103541
203 104 4.38536085678
204 105 4.27959684077
205 106 4.11440177764
206 107 4.2578079309
207 108 4.46780142718
208 109 4.49245747857
209 110 4.82550735306
210 111 4.79959350346
211 112 4.84772230547
212 113 4.93155841141
213 114 5.14013933143
214 115 5.39136469703
215 116 5.41386047536
216 117 5.59531449559
217 118 5.89485575039
218 119 5.91966435652
219 120 6.15276284341
220 121 6.27766491262
221 122 5.97840399293
222 123 5.76027418306
223 124 5.99436595455
224 125 6.02597155528
225 126 5.72040447757
226 127 5.64433116093
227 128 5.78852525142
228 129 5.49555044594
229 130 5.40506165442
230 131 5.59545103532
231 132 5.35412961176
232 133 5.01180832873
233 134 4.8756500018
234 135 4.62017838061
235 136 4.49046988267
236 137 4.72040803784
237 138 5.00920079114
238 139 5.31607444861
239 140 5.54772203129
240 141 5.86244389959
241 142 5.84060237694
242 143 6.20675229559
243 144 6.40424896579
244 145 6.4471037257
245 146 6.09422614502
246 147 5.78249459934
247 148 5.43532377979
248 149 5.10680385156
249 150 4.81619995108
250 151 4.50925577552
251 152 4.33654154867
252 153 4.10393155588
253 154 3.75351286762
254 155 3.49782736096
255 156 3.29034997719
256 157 3.62475967962
257 158 3.87605513081
258 159 4.01278503002
259 160 3.98229811353
260 161 4.15492642508
261 162 4.45794120414
262 163 4.509248563
263 164 4.72870718092
264 165 4.8603465209
265 166 4.87519642496
266 167 5.03935183194
267 168 4.71030547718
268 169 4.57593370865
269 170 4.51587381295
270 171 4.73878843167
271 172 4.67268428692
272 173 4.93093389791
273 174 4.93044509273
274 175 5.16593024963
275 176 5.35010872419
276 177 6.14389437571
277 177 6.14389437571
278 177 6.14389437571
279 178 1.68858459691
280 179 1.63049304902
281 180 1.63749625489
282 181 1.64091721232
283 182 1.62537739802
284 183 1.66377854512
285 184 1.60593756538
286 185 1.6665031678
287 186 1.70497018014
288 187 1.81695210431
289 188 1.76544996887
290 189 1.72917584455
291 190 1.84747227554
292 191 1.85094368824
293 192 1.96133233805
294 193 1.96822779231
295 194 2.05366560214
296 195 1.98220385464
297 196 1.86442385376
298 197 1.80578568672
299 198 1.81818498225
300 199 1.69595803808
301 200 1.66969525749
302 201 1.75453465062
303 202 1.72208446646
304 203 1.6025073807
305 204 1.5859506732
306 205 1.68959179422
307 206 1.72234063032
308 207 1.61472308989
309 208 1.5647969696
310 209 1.67174422151
311 210 1.68754391864
312 211 1.57474113585
313 212 1.56545703735
314 213 1.66759488132
315 214 1.64512653775
316 215 1.54227366836
317 216 1.5868822594
318 217 1.68976365278
319 218 1.61732036894
320 219 1.69153774715
321 220 1.66671727095
322 221 1.67063970177
323 222 1.57431796305
324 223 1.55013673303
325 224 1.49738321051
326 225 1.48625213048
327 226 1.50063442159
328 227 1.51097843376
329 228 1.5742685939
330 229 1.52820867748
331 230 1.53159571883
332 231 4.47312418727
333 231 4.47312418727
334 231 4.47312418727
335 231 4.47312418727
336 231 4.47312418727
337 231 4.47312418727
338 231 4.47312418727
339 231 4.47312418727
340 231 4.47312418727
341 231 4.47312418727
342 231 4.47312418727
343 231 4.47312418727
344 232 1.38649709042
345 233 1.35424846395
346 234 1.36855892612
347 235 1.31242300177
348 236 1.37171180155
349 237 1.36301203954
350 238 1.42014838906
351 239 1.38947395457
352 240 1.45114347967
353 241 1.56298932154
354 242 1.54290666204
355 243 1.51610407988
356 244 1.48753264544
357 245 1.4902592075
358 246 1.40289303685
359 247 1.38841249577
360 248 1.34626480001
361 249 1.35170442753
362 250 1.37475672828
363 251 1.46022627478
364 252 1.4280899821
365 253 1.46543656085
366 254 1.45241087483
367 255 1.37248285366
368 256 1.32271464373
369 257 1.25740538277
370 258 1.33538648015
371 259 1.38531170642
372 260 1.2988824902
373 261 1.29932836564
374 262 1.40347338737
375 263 1.39790149458
376 264 1.330492165
377 265 2.13302475368
378 265 2.13302475368
379 265 2.13302475368
380 265 2.13302475368
381 265 2.13302475368
382 265 2.13302475368
383 265 2.13302475368
384 265 2.13302475368
385 265 2.13302475368
386 265 2.13302475368
387 265 2.13302475368
388 265 2.13302475368
389 265 2.13302475368
390 265 2.13302475368
391 265 2.13302475368
392 265 2.13302475368
393 265 2.13302475368
394 265 2.13302475368
395 265 2.13302475368
396 265 2.13302475368
397 265 2.13302475368
398 265 2.13302475368
399 265 2.13302475368
400 266 1.29463590849
401 267 1.35707398547
402 268 1.43002069774
403 269 1.53012783595
404 270 1.55674637412
405 271 1.63728638381
406 272 1.70313972054
407 273 1.67813594538
408 274 1.74693806258
409 275 1.78173631276
410 276 1.81553291719
411 277 1.70090046955
412 278 1.65773609754
413 279 1.73160167288
414 280 1.69144000692
415 281 1.57912997713
416 282 1.6222888531
417 283 1.68420649087
418 284 1.58479864851
419 285 1.53300370259
420 286 1.63229996561
421 287 1.63416625328
422 288 1.52129754543
423 289 1.49962658004
424 290 1.610792215
425 291 1.58911986325
426 292 1.59186119666
427 293 1.6472079155
428 294 1.76840918771
429 295 1.80754680244
430 296 1.92714068385
431 297 1.94868803192
432 298 1.91364102991
433 299 1.90057843757
434 300 1.81222468356
435 301 1.83497008166
436 302 1.78430618283
437 303 1.79398401538
438 304 1.78380746724
439 305 1.78660407107
440 306 1.82372571036
441 307 1.90746088089
442 308 2.00021314278
443 309 1.98213785668
444 310 1.90839199111
445 311 1.9370097441
446 312 1.89757556314
447 313 1.86904336613
448 314 1.95879929038
449 315 1.90053820939
450 316 2.0062725227
451 317 2.01764510444
452 318 1.90827379973
453 319 1.97515368348
454 320 2.04197729984
455 321 1.93241591284
456 322 1.89918464562
457 323 2.01546597814
458 324 2.01211607011
459 325 1.90079715831
460 326 1.94664337741
461 327 2.05296468812
462 328 1.99324581248
463 329 1.90110938413
464 330 1.99176727197
465 331 1.91823146583
466 332 1.97832297035
467 333 1.94143384199
468 334 1.98016150074
469 335 1.9377584172
470 336 1.96918294497
471 337 1.96037862939
472 338 2.08867645169
473 339 2.11073688384
474 340 2.50714030683
475 340 2.50714030683
476 340 2.50714030683
477 340 2.50714030683
478 340 2.50714030683
479 340 2.50714030683
480 340 2.50714030683
481 340 2.50714030683
482 340 2.50714030683
483 340 2.50714030683
484 340 2.50714030683
485 340 2.50714030683
486 340 2.50714030683
487 340 2.50714030683
488 340 2.50714030683
489 340 2.50714030683
490 340 2.50714030683
491 340 2.50714030683
492 340 2.50714030683
493 340 2.50714030683
494 340 2.50714030683
495 340 2.50714030683
496 340 2.50714030683
497 340 2.50714030683
498 340 2.50714030683
499 340 2.50714030683
500 340 2.50714030683
501 340 2.50714030683
502 340 2.50714030683
503 340 2.50714030683
504 340 2.50714030683
505 340 2.50714030683
506 340 2.50714030683
507 340 2.50714030683
508 340 2.50714030683
509 340 2.50714030683
510 340 2.50714030683
511 340 2.50714030683
512 340 2.50714030683
513 340 2.50714030683
514 340 2.50714030683
515 340 2.50714030683
516 340 2.50714030683
517 340 2.50714030683
518 340 2.50714030683
519 340 2.50714030683
520 340 2.50714030683
521 340 2.50714030683
522 340 2.50714030683
523 340 2.50714030683
524 340 2.50714030683
525 340 2.50714030683
526 340 2.50714030683
527 341 0.495474867502
528 341 0.495474867502
529 341 0.495474867502
530 341 0.495474867502
531 341 0.495474867502
532 341 0.495474867502
533 341 0.495474867502
534 341 0.495474867502
535 341 0.495474867502
536 341 0.495474867502
537 341 0.495474867502
538 341 0.495474867502
539 341 0.495474867502
540 341 0.495474867502
541 341 0.495474867502
542 341 0.495474867502
543 341 0.495474867502
544 341 0.495474867502
545 341 0.495474867502
546 341 0.495474867502
547 341 0.495474867502
548 341 0.495474867502
549 341 0.495474867502
550 341 0.495474867502
551 341 0.495474867502
552 341 0.495474867502
553 341 0.495474867502
554 341 0.495474867502
555 341 0.495474867502
556 341 0.495474867502
557 341 0.495474867502
558 341 0.495474867502
559 341 0.495474867502
560 341 0.495474867502
561 341 0.495474867502
562 341 0.495474867502
563 341 0.495474867502
564 341 0.495474867502
565 341 0.495474867502
566 341 0.495474867502
567 341 0.495474867502
568 341 0.495474867502
569 341 0.495474867502
570 341 0.495474867502
571 341 0.495474867502
572 341 0.495474867502
573 341 0.495474867502
574 341 0.495474867502
575 341 0.495474867502
576 341 0.495474867502
577 341 0.495474867502
578 341 0.495474867502
579 341 0.495474867502
580 341 0.495474867502
581 341 0.495474867502
582 341 0.495474867502
583 341 0.495474867502
584 341 0.495474867502
585 341 0.495474867502
586 341 0.495474867502
587 341 0.495474867502
588 341 0.495474867502
589 341 0.495474867502
590 341 0.495474867502
591 341 0.495474867502
592 341 0.495474867502
593 341 0.495474867502
594 341 0.495474867502
595 341 0.495474867502
596 341 0.495474867502
597 341 0.495474867502
598 341 0.495474867502
599 341 0.495474867502
600 341 0.495474867502
601 341 0.495474867502
602 341 0.495474867502
603 341 0.495474867502
604 341 0.495474867502
605 341 0.495474867502
606 341 0.495474867502
607 341 0.495474867502
608 341 0.495474867502
609 341 0.495474867502
610 342 0.183169086414
611 342 0.183169086414
612 342 0.183169086414
613 342 0.183169086414
614 342 0.183169086414
615 342 0.183169086414
616 342 0.183169086414
617 342 0.183169086414
618 342 0.183169086414
619 342 0.183169086414
620 342 0.183169086414
621 342 0.183169086414
622 342 0.183169086414
623 342 0.183169086414
624 342 0.183169086414
625 342 0.183169086414
626 342 0.183169086414
627 342 0.183169086414
628 342 0.183169086414
629 342 0.183169086414
630 342 0.183169086414
631 342 0.183169086414
632 342 0.183169086414
633 342 0.183169086414
634 342 0.183169086414
635 342 0.183169086414
636 342 0.183169086414
637 342 0.183169086414
638 342 0.183169086414
639 342 0.183169086414
640 342 0.183169086414
641 342 0.183169086414
642 342 0.183169086414
643 342 0.183169086414
644 342 0.183169086414
645 342 0.183169086414
646 342 0.183169086414
647 342 0.183169086414
648 342 0.183169086414
649 342 0.183169086414
650 342 0.183169086414
651 342 0.183169086414
652 342 0.183169086414
653 342 0.183169086414
654 342 0.183169086414
655 342 0.183169086414
656 342 0.183169086414
657 342 0.183169086414
658 342 0.183169086414
659 342 0.183169086414
660 342 0.183169086414
661 342 0.183169086414
662 342 0.183169086414
663 342 0.183169086414
664 342 0.183169086414
665 342 0.183169086414
666 342 0.183169086414
667 342 0.183169086414
668 342 0.183169086414
669 342 0.183169086414
670 342 0.183169086414
671 342 0.183169086414
672 342 0.183169086414
673 342 0.183169086414
674 342 0.183169086414
675 342 0.183169086414
676 342 0.183169086414
677 342 0.183169086414
678 342 0.183169086414
679 342 0.183169086414
680 342 0.183169086414
681 342 0.183169086414
682 342 0.183169086414
683 342 0.183169086414
684 342 0.183169086414
685 342 0.183169086414
686 342 0.183169086414
687 342 0.183169086414
688 342 0.183169086414
689 342 0.183169086414
690 342 0.183169086414
691 342 0.183169086414
692 342 0.183169086414
693 343 0.634972687369
694 343 0.634972687369
695 343 0.634972687369
696 343 0.634972687369
697 343 0.634972687369
698 343 0.634972687369
699 343 0.634972687369
700 343 0.634972687369
701 343 0.634972687369
702 343 0.634972687369
703 343 0.634972687369
704 343 0.634972687369
705 343 0.634972687369
706 343 0.634972687369
707 343 0.634972687369
708 343 0.634972687369
709 343 0.634972687369
710 343 0.634972687369
711 343 0.634972687369
712 343 0.634972687369
713 343 0.634972687369
714 343 0.634972687369
715 343 0.634972687369
716 343 0.634972687369
717 343 0.634972687369
718 343 0.634972687369
719 343 0.634972687369
720 343 0.634972687369
721 343 0.634972687369
722 343 0.634972687369
723 343 0.634972687369
724 343 0.634972687369
725 343 0.634972687369
726 343 0.634972687369
727 343 0.634972687369
728 343 0.634972687369
729 343 0.634972687369
730 343 0.634972687369
731 343 0.634972687369
732 343 0.634972687369
733 343 0.634972687369
734 343 0.634972687369
735 343 0.634972687369
736 343 0.634972687369
737 343 0.634972687369
738 343 0.634972687369
739 343 0.634972687369
740 343 0.634972687369
741 343 0.634972687369
742 343 0.634972687369
743 343 0.634972687369
744 343 0.634972687369
745 343 0.634972687369
746 343 0.634972687369
747 343 0.634972687369
748 343 0.634972687369
749 343 0.634972687369
750 343 0.634972687369
751 343 0.634972687369
752 343 0.634972687369
753 343 0.634972687369
754 343 0.634972687369
755 343 0.634972687369
756 343 0.634972687369
757 343 0.634972687369
758 343 0.634972687369
759 343 0.634972687369
760 343 0.634972687369
761 343 0.634972687369
762 343 0.634972687369
763 343 0.634972687369
764 343 0.634972687369
765 343 0.634972687369
766 343 0.634972687369
767 343 0.634972687369
768 343 0.634972687369
769 343 0.634972687369
770 343 0.634972687369
771 343 0.634972687369
772 343 0.634972687369
773 343 0.634972687369
774 343 0.634972687369
775 343 0.634972687369
776 344 1.58499610055
777 344 1.58499610055
778 344 1.58499610055
779 344 1.58499610055
780 344 1.58499610055
781 344 1.58499610055
782 344 1.58499610055
783 344 1.58499610055
784 344 1.58499610055
785 344 1.58499610055
786 344 1.58499610055
787 344 1.58499610055
788 344 1.58499610055
789 344 1.58499610055
790 344 1.58499610055
791 344 1.58499610055
792 344 1.58499610055
793 344 1.58499610055
794 344 1.58499610055
795 344 1.58499610055
796 344 1.58499610055
797 344 1.58499610055
798 344 1.58499610055
799 344 1.58499610055
800 344 1.58499610055
801 344 1.58499610055
802 344 1.58499610055
803 344 1.58499610055
804 344 1.58499610055
805 344 1.58499610055
806 344 1.58499610055
807 344 1.58499610055
808 344 1.58499610055
809 344 1.58499610055
810 344 1.58499610055
811 344 1.58499610055
812 344 1.58499610055
813 344 1.58499610055
814 344 1.58499610055
815 344 1.58499610055
816 344 1.58499610055
817 344 1.58499610055
818 344 1.58499610055
819 344 1.58499610055
820 344 1.58499610055
821 344 1.58499610055
822 344 1.58499610055
823 344 1.58499610055
824 344 1.58499610055
825 344 1.58499610055
826 344 1.58499610055
827 344 1.58499610055
828 344 1.58499610055
829 344 1.58499610055
830 344 1.58499610055
831 344 1.58499610055
832 344 1.58499610055
833 344 1.58499610055
834 344 1.58499610055
835 344 1.58499610055
836 344 1.58499610055
837 344 1.58499610055
838 344 1.58499610055
839 344 1.58499610055
840 344 1.58499610055
841 344 1.58499610055
842 344 1.58499610055
843 344 1.58499610055
844 344 1.58499610055
845 344 1.58499610055
846 344 1.58499610055
847 344 1.58499610055
848 344 1.58499610055
849 344 1.58499610055
850 344 1.58499610055
851 344 1.58499610055
852 344 1.58499610055
853 344 1.58499610055
854 344 1.58499610055
855 344 1.58499610055
856 344 1.58499610055
857 344 1.58499610055
858 344 1.58499610055
859 345 4.53946794941
860 346 1.90918833297
861 346 1.90918833297
862 346 1.90918833297
863 346 1.90918833297
864 346 1.90918833297
865 346 1.90918833297
866 346 1.90918833297
867 346 1.90918833297
868 346 1.90918833297
869 346 1.90918833297
870 346 1.90918833297
871 346 1.90918833297
872 346 1.90918833297
873 346 1.90918833297
874 346 1.90918833297
875 346 1.90918833297
876 346 1.90918833297
877 346 1.90918833297
878 346 1.90918833297
879 346 1.90918833297
880 346 1.90918833297
881 346 1.90918833297
882 346 1.90918833297
883 346 1.90918833297
884 346 1.90918833297
885 346 1.90918833297
886 346 1.90918833297
887 346 1.90918833297
888 346 1.90918833297
889 346 1.90918833297
890 346 1.90918833297
891 346 1.90918833297
892 346 1.90918833297
893 346 1.90918833297
894 346 1.90918833297
895 346 1.90918833297
896 346 1.90918833297
897 346 1.90918833297
898 346 1.90918833297
899 346 1.90918833297
900 346 1.90918833297
901 346 1.90918833297
902 346 1.90918833297
903 346 1.90918833297
904 346 1.90918833297
905 346 1.90918833297
906 346 1.90918833297
907 346 1.90918833297
908 346 1.90918833297
909 346 1.90918833297
910 346 1.90918833297
911 346 1.90918833297
912 346 1.90918833297
913 346 1.90918833297
914 346 1.90918833297
915 346 1.90918833297
916 346 1.90918833297
917 346 1.90918833297
918 346 1.90918833297
919 346 1.90918833297
920 346 1.90918833297
921 346 1.90918833297
922 346 1.90918833297
923 346 1.90918833297
924 346 1.90918833297
925 346 1.90918833297
926 346 1.90918833297
927 346 1.90918833297
928 346 1.90918833297
929 346 1.90918833297
930 346 1.90918833297
931 346 1.90918833297
932 346 1.90918833297
933 346 1.90918833297
934 346 1.90918833297
935 346 1.90918833297
936 346 1.90918833297
937 346 1.90918833297
938 346 1.90918833297
939 346 1.90918833297
940 346 1.90918833297
941 346 1.90918833297
942 346 1.90918833297
943 346 1.90918833297
944 346 1.90918833297
945 346 1.90918833297
946 346 1.90918833297
947 346 1.90918833297
948 346 1.90918833297
949 347 0.318643303105
950 347 0.318643303105
951 347 0.318643303105
952 347 0.318643303105
953 347 0.318643303105
954 347 0.318643303105
955 347 0.318643303105
956 347 0.318643303105
957 347 0.318643303105
958 347 0.318643303105
959 347 0.318643303105
960 347 0.318643303105
961 347 0.318643303105
962 347 0.318643303105
963 347 0.318643303105
964 347 0.318643303105
965 347 0.318643303105
966 347 0.318643303105
967 347 0.318643303105
968 347 0.318643303105
969 347 0.318643303105
970 347 0.318643303105
971 347 0.318643303105
972 347 0.318643303105
973 347 0.318643303105
974 347 0.318643303105
975 347 0.318643303105
976 347 0.318643303105
977 347 0.318643303105
978 347 0.318643303105
979 347 0.318643303105
980 347 0.318643303105
981 347 0.318643303105
982 347 0.318643303105
983 347 0.318643303105
984 347 0.318643303105
985 347 0.318643303105
986 347 0.318643303105
987 347 0.318643303105
988 347 0.318643303105
989 347 0.318643303105
990 347 0.318643303105
991 347 0.318643303105
992 347 0.318643303105
993 347 0.318643303105
994 347 0.318643303105
995 347 0.318643303105
996 347 0.318643303105
997 347 0.318643303105
998 347 0.318643303105
999 347 0.318643303105
1000 347 0.318643303105
1001 347 0.318643303105
1002 347 0.318643303105
1003 347 0.318643303105
1004 347 0.318643303105
1005 347 0.318643303105
1006 347 0.318643303105
1007 347 0.318643303105
1008 347 0.318643303105
1009 347 0.318643303105
1010 347 0.318643303105
1011 347 0.318643303105
1012 347 0.318643303105
1013 347 0.318643303105
1014 347 0.318643303105
1015 347 0.318643303105
1016 347 0.318643303105
1017 347 0.318643303105
1018 347 0.318643303105
1019 347 0.318643303105
1020 347 0.318643303105
1021 347 0.318643303105
1022 347 0.318643303105
1023 347 0.318643303105
1024 347 0.318643303105
1025 347 0.318643303105
1026 347 0.318643303105
1027 347 0.318643303105
1028 347 0.318643303105
1029 347 0.318643303105
1030 347 0.318643303105
1031 347 0.318643303105
1032 347 0.318643303105
1033 347 0.318643303105
1034 347 0.318643303105
1035 347 0.318643303105
1036 347 0.318643303105
1037 347 0.318643303105
1038 348 4.37527381993
1039 348 4.37527381993
1040 348 4.37527381993
1041 348 4.37527381993
1042 348 4.37527381993
1043 348 4.37527381993
1044 348 4.37527381993
1045 348 4.37527381993
1046 348 4.37527381993
1047 348 4.37527381993
1048 348 4.37527381993
1049 348 4.37527381993
1050 348 4.37527381993
1051 348 4.37527381993
1052 348 4.37527381993
1053 348 4.37527381993
1054 348 4.37527381993
1055 348 4.37527381993
1056 348 4.37527381993
1057 348 4.37527381993
1058 348 4.37527381993
1059 348 4.37527381993
1060 348 4.37527381993
1061 348 4.37527381993
1062 348 4.37527381993
1063 348 4.37527381993
1064 348 4.37527381993
1065 348 4.37527381993
1066 348 4.37527381993
1067 348 4.37527381993
1068 348 4.37527381993
1069 348 4.37527381993
1070 348 4.37527381993
1071 348 4.37527381993
1072 348 4.37527381993
1073 348 4.37527381993
1074 348 4.37527381993
1075 348 4.37527381993
1076 348 4.37527381993
1077 348 4.37527381993
1078 348 4.37527381993
1079 348 4.37527381993
1080 348 4.37527381993
1081 348 4.37527381993
1082 348 4.37527381993
1083 348 4.37527381993
1084 348 4.37527381993
1085 348 4.37527381993
1086 348 4.37527381993
1087 348 4.37527381993
1088 348 4.37527381993
1089 348 4.37527381993
1090 348 4.37527381993
1091 348 4.37527381993
1092 348 4.37527381993
1093 348 4.37527381993
1094 348 4.37527381993
1095 348 4.37527381993
1096 348 4.37527381993
1097 348 4.37527381993
1098 348 4.37527381993
1099 348 4.37527381993
1100 348 4.37527381993
1101 348 4.37527381993
1102 348 4.37527381993
1103 348 4.37527381993
1104 348 4.37527381993
1105 348 4.37527381993
1106 348 4.37527381993
1107 348 4.37527381993
1108 348 4.37527381993
1109 348 4.37527381993
1110 348 4.37527381993
1111 348 4.37527381993
1112 348 4.37527381993
1113 348 4.37527381993
1114 348 4.37527381993
1115 348 4.37527381993
1116 348 4.37527381993
1117 348 4.37527381993
1118 348 4.37527381993
1119 348 4.37527381993
1120 348 4.37527381993
1121 348 4.37527381993
1122 348 4.37527381993
1123 348 4.37527381993
1124 348 4.37527381993
1125 348 4.37527381993
1126 348 4.37527381993
1127 349 6.48213378173
1128 349 6.48213378173
1129 349 6.48213378173
1130 349 6.48213378173
1131 349 6.48213378173
1132 349 6.48213378173
1133 349 6.48213378173
1134 349 6.48213378173
1135 349 6.48213378173
1136 349 6.48213378173
1137 349 6.48213378173
1138 349 6.48213378173
1139 349 6.48213378173
1140 349 6.48213378173
1141 349 6.48213378173
1142 349 6.48213378173
1143 349 6.48213378173
1144 349 6.48213378173
1145 349 6.48213378173
1146 349 6.48213378173
1147 349 6.48213378173
1148 349 6.48213378173
1149 349 6.48213378173
1150 349 6.48213378173
1151 349 6.48213378173
1152 349 6.48213378173
1153 349 6.48213378173
1154 349 6.48213378173
1155 349 6.48213378173
1156 349 6.48213378173
1157 349 6.48213378173
1158 349 6.48213378173
1159 349 6.48213378173
1160 349 6.48213378173
1161 349 6.48213378173
1162 349 6.48213378173
1163 349 6.48213378173
1164 349 6.48213378173
1165 349 6.48213378173
1166 349 6.48213378173
1167 349 6.48213378173
1168 349 6.48213378173
1169 349 6.48213378173
1170 349 6.48213378173
1171 349 6.48213378173
1172 349 6.48213378173
1173 349 6.48213378173
1174 349 6.48213378173
1175 349 6.48213378173
1176 349 6.48213378173
1177 349 6.48213378173
1178 350 2.59335412195
1179 351 2.53883487734
1180 352 2.54174734579
1181 353 2.48975585322
1182 354 2.4847037748
1183 355 2.46585460472
1184 356 2.46936746905
1185 357 2.4244662119
1186 358 2.4370614497
1187 359 2.4312844153
1188 360 2.47800931379
1189 361 2.49407348107
1190 362 2.49113377692
1191 363 2.53298436056
1192 364 2.5801800555
1193 365 2.57543888401
1194 366 2.58447311431
1195 367 2.64307612027
1196 368 2.66467104603
1197 369 2.66023691689
1198 370 2.72563123804
1199 371 2.69377189834
1200 372 2.66163703653
1201 373 2.71539161517
1202 374 2.73752432363
1203 375 2.74780074527
1204 376 2.75443629836
1205 377 2.81646950594
1206 378 2.88598701876
1207 379 2.89644825683
1208 380 2.95845239898
1209 381 2.97059967407
1210 382 3.03401804106
1211 383 3.07872102268
1212 384 3.05587326118
1213 385 3.01647121663
1214 386 2.95738684053
1215 387 2.91077778861
1216 388 2.84567968493
1217 389 2.83776676674
1218 390 2.78200748121
1219 391 2.75742789976
1220 392 2.70417187484
1221 393 2.75109030973
1222 394 2.75357089423
1223 395 2.68358967571
1224 396 2.6645692726
1225 397 2.70657738098
1226 398 2.67424128802
1227 399 2.60710079633
1228 400 2.62028491346
1229 401 2.66010845445
1230 402 2.6219032231
1231 403 2.56140833065
1232 404 2.53575490299
1233 405 2.4830734641
1234 406 2.51671717859
1235 407 2.51550915196
1236 408 2.58218004296
1237 409 2.63736332262
1238 410 2.60579355425
1239 411 2.54717906937
1240 412 2.58526052919
1241 413 2.62340762685
1242 414 2.5659819524
1243 415 2.53939785266
1244 416 2.59760972589
1245 417 2.60248220372
1246 418 2.53735348829
1247 419 2.5498465834
1248 420 2.6017268287
1249 421 2.56796402056
1250 422 2.51820674566
1251 423 2.56526507474
1252 424 2.57710090637
1253 425 2.64525727547
1254 426 2.69504650278
1255 427 2.74885572743
1256 428 2.81240436991
1257 429 2.79147688233
1258 430 2.75479529282
1259 431 2.69364730854
1260 432 2.67741146392
1261 433 2.6907802926
1262 434 2.68763959997
1263 435 2.7567562339
1264 436 2.75839843822
1265 437 2.83373243949
1266 438 2.85166765494
1267 439 2.85900906736
1268 440 2.85657177449
1269 441 2.78541775423
1270 442 2.75278570613
1271 443 2.68412581331
1272 444 2.64929497489
1273 445 2.60678328394
1274 446 5.17448390574
1275 446 5.17448390574
1276 446 5.17448390574
1277 446 5.17448390574
1278 446 5.17448390574
1279 446 5.17448390574
1280 446 5.17448390574
1281 446 5.17448390574
1282 446 5.17448390574
1283 446 5.17448390574
1284 446 5.17448390574
1285 446 5.17448390574
1286 446 5.17448390574
1287 446 5.17448390574
1288 446 5.17448390574
1289 446 5.17448390574
1290 446 5.17448390574
1291 446 5.17448390574
1292 446 5.17448390574
1293 446 5.17448390574
1294 446 5.17448390574
1295 446 5.17448390574
1296 446 5.17448390574
1297 446 5.17448390574
1298 446 5.17448390574
1299 446 5.17448390574
1300 446 5.17448390574
1301 446 5.17448390574
1302 446 5.17448390574
1303 446 5.17448390574
1304 446 5.17448390574
1305 446 5.17448390574
1306 446 5.17448390574
1307 446 5.17448390574
1308 446 5.17448390574
1309 446 5.17448390574
1310 446 5.17448390574
1311 446 5.17448390574
1312 446 5.17448390574
1313 446 5.17448390574
1314 446 5.17448390574
1315 446 5.17448390574
1316 446 5.17448390574
1317 446 5.17448390574
1318 446 5.17448390574
1319 446 5.17448390574
1320 446 5.17448390574
1321 446 5.17448390574
1322 446 5.17448390574
1323 446 5.17448390574
1324 446 5.17448390574
1325 446 5.17448390574
1326 446 5.17448390574
1327 446 5.17448390574
1328 446 5.17448390574
1329 446 5.17448390574
1330 446 5.17448390574
1331 446 5.17448390574
1332 446 5.17448390574
1333 446 5.17448390574
1334 446 5.17448390574
1335 446 5.17448390574
1336 446 5.17448390574
1337 446 5.17448390574
1338 446 5.17448390574
1339 446 5.17448390574
1340 446 5.17448390574
1341 447 7.69590251991
1342 447 7.69590251991
1343 447 7.69590251991
1344 447 7.69590251991
1345 447 7.69590251991
1346 447 7.69590251991
1347 447 7.69590251991
1348 447 7.69590251991
1349 447 7.69590251991
1350 447 7.69590251991
1351 447 7.69590251991
1352 447 7.69590251991
1353 447 7.69590251991
1354 447 7.69590251991
1355 447 7.69590251991
1356 447 7.69590251991
1357 447 7.69590251991
1358 447 7.69590251991
1359 447 7.69590251991
1360 447 7.69590251991
1361 447 7.69590251991
1362 447 7.69590251991
1363 447 7.69590251991
1364 447 7.69590251991
1365 447 7.69590251991
1366 447 7.69590251991
1367 447 7.69590251991
1368 447 7.69590251991
1369 447 7.69590251991
1370 447 7.69590251991
1371 447 7.69590251991
1372 447 7.69590251991
1373 447 7.69590251991
1374 447 7.69590251991
1375 447 7.69590251991
1376 447 7.69590251991
1377 447 7.69590251991
1378 447 7.69590251991
1379 447 7.69590251991
1380 447 7.69590251991
1381 447 7.69590251991
1382 447 7.69590251991
1383 447 7.69590251991
1384 447 7.69590251991
1385 447 7.69590251991
1386 447 7.69590251991
1387 447 7.69590251991
1388 447 7.69590251991
1389 447 7.69590251991
1390 447 7.69590251991
1391 447 7.69590251991
1392 447 7.69590251991
1393 447 7.69590251991
1394 447 7.69590251991
1395 447 7.69590251991
1396 447 7.69590251991
1397 447 7.69590251991
1398 447 7.69590251991
1399 447 7.69590251991
1400 447 7.69590251991
1401 447 7.69590251991
1402 447 7.69590251991
1403 447 7.69590251991
1404 447 7.69590251991
1405 447 7.69590251991
1406 447 7.69590251991
1407 447 7.69590251991
1408 447 7.69590251991
1409 447 7.69590251991
1410 447 7.69590251991
1411 447 7.69590251991
1412 447 7.69590251991
1413 447 7.69590251991
1414 447 7.69590251991
1415 447 7.69590251991
1416 447 7.69590251991
1417 447 7.69590251991
1418 447 7.69590251991
1419 447 7.69590251991
1420 447 7.69590251991
1421 447 7.69590251991
1422 448 5.27246868132
1423 448 5.27246868132
1424 448 5.27246868132
1425 448 5.27246868132
1426 448 5.27246868132
1427 448 5.27246868132
1428 448 5.27246868132
1429 448 5.27246868132
1430 448 5.27246868132
1431 448 5.27246868132
1432 448 5.27246868132
1433 448 5.27246868132
1434 448 5.27246868132
1435 448 5.27246868132
1436 448 5.27246868132
1437 448 5.27246868132
1438 448 5.27246868132
1439 448 5.27246868132
1440 448 5.27246868132
1441 448 5.27246868132
1442 448 5.27246868132
1443 448 5.27246868132
1444 448 5.27246868132
1445 448 5.27246868132
1446 448 5.27246868132
1447 448 5.27246868132
1448 448 5.27246868132
1449 448 5.27246868132
1450 448 5.27246868132
1451 448 5.27246868132
1452 448 5.27246868132
1453 448 5.27246868132
1454 448 5.27246868132
1455 448 5.27246868132
1456 448 5.27246868132
1457 448 5.27246868132
1458 448 5.27246868132
1459 448 5.27246868132
1460 448 5.27246868132
1461 448 5.27246868132
1462 448 5.27246868132
1463 448 5.27246868132
1464 448 5.27246868132
1465 448 5.27246868132
1466 448 5.27246868132
1467 448 5.27246868132
1468 448 5.27246868132
1469 448 5.27246868132
1470 448 5.27246868132
1471 448 5.27246868132
1472 448 5.27246868132
1473 448 5.27246868132
1474 448 5.27246868132
1475 448 5.27246868132
1476 448 5.27246868132
1477 448 5.27246868132
1478 448 5.27246868132
1479 448 5.27246868132
1480 448 5.27246868132
1481 448 5.27246868132
1482 448 5.27246868132
1483 448 5.27246868132
1484 448 5.27246868132
1485 448 5.27246868132
1486 448 5.27246868132
1487 448 5.27246868132
1488 448 5.27246868132
1489 448 5.27246868132
1490 448 5.27246868132
1491 448 5.27246868132
1492 448 5.27246868132
1493 448 5.27246868132
1494 448 5.27246868132
1495 448 5.27246868132
1496 448 5.27246868132
1497 448 5.27246868132
1498 448 5.27246868132
1499 448 5.27246868132
1500 448 5.27246868132
1501 448 5.27246868132
1502 448 5.27246868132
1503 449 7.96434141331
1504 449 7.96434141331
1505 449 7.96434141331
1506 449 7.96434141331
1507 449 7.96434141331
1508 449 7.96434141331
1509 449 7.96434141331
1510 449 7.96434141331
1511 449 7.96434141331
1512 449 7.96434141331
1513 449 7.96434141331
1514 449 7.96434141331
1515 449 7.96434141331
1516 449 7.96434141331
1517 449 7.96434141331
1518 449 7.96434141331
1519 449 7.96434141331
1520 449 7.96434141331
1521 449 7.96434141331
1522 449 7.96434141331
1523 449 7.96434141331
1524 449 7.96434141331
1525 449 7.96434141331
1526 449 7.96434141331
1527 449 7.96434141331
1528 449 7.96434141331
1529 449 7.96434141331
1530 449 7.96434141331
1531 449 7.96434141331
1532 449 7.96434141331
1533 449 7.96434141331
1534 449 7.96434141331
1535 449 7.96434141331
1536 449 7.96434141331
1537 449 7.96434141331
1538 449 7.96434141331
1539 449 7.96434141331
1540 449 7.96434141331
1541 449 7.96434141331
1542 449 7.96434141331
1543 449 7.96434141331
1544 449 7.96434141331
1545 449 7.96434141331
1546 449 7.96434141331
1547 449 7.96434141331
1548 449 7.96434141331
1549 449 7.96434141331
1550 449 7.96434141331
1551 449 7.96434141331
1552 449 7.96434141331
1553 449 7.96434141331
1554 449 7.96434141331
1555 449 7.96434141331
1556 449 7.96434141331
1557 449 7.96434141331
1558 449 7.96434141331
1559 449 7.96434141331
1560 449 7.96434141331
1561 449 7.96434141331
1562 449 7.96434141331
1563 449 7.96434141331
1564 449 7.96434141331
1565 449 7.96434141331
1566 449 7.96434141331
1567 449 7.96434141331
1568 449 7.96434141331
1569 449 7.96434141331
1570 449 7.96434141331
1571 449 7.96434141331
1572 449 7.96434141331
1573 449 7.96434141331
1574 449 7.96434141331
1575 449 7.96434141331
1576 449 7.96434141331
1577 449 7.96434141331
1578 449 7.96434141331
1579 449 7.96434141331
1580 449 7.96434141331
1581 449 7.96434141331
1582 449 7.96434141331
1583 449 7.96434141331
1584 450 5.0680068948
