1 0 9.6415883834
2 1 9.67223731045
3 2 9.29440371403
4 3 9.05763185218
5 4 8.94526763745
6 5 8.60353620844
7 6 8.4880634735
8 7 8.41836277325
9 8 8.33464971917
10 9 8.3157866697
11 10 8.38544702573
12 11 8.74430523016
13 12 8.89820173521
14 13 8.88726779321
15 14 9.19492775528
16 15 9.21017515292
17 16 9.60327511295
18 17 9.65376855499
19 18 9.98181259708
20 19 10.3369855998
21 20 10.7779997894
22 21 10.7172412471
23 22 10.3765781729
24 23 10.0914252004
25 24 9.73547106188
26 25 9.4582582338
27 26 9.13303899732
28 27 9.10850063346
29 28 8.74988859102
30 29 8.64281808815
31 30 8.78340357509
32 31 2.80780675579
33 31 2.80780675579
34 31 2.80780675579
35 31 2.80780675579
36 31 2.80780675579
37 31 2.80780675579
38 31 2.80780675579
39 31 2.80780675579
40 31 2.80780675579
41 31 2.80780675579
42 31 2.80780675579
43 31 2.80780675579
44 31 2.80780675579
45 31 2.80780675579
46 31 2.80780675579
47 31 2.80780675579
48 31 2.80780675579
49 31 2.80780675579
50 31 2.80780675579
51 31 2.80780675579
52 31 2.80780675579
53 31 2.80780675579
54 31 2.80780675579
55 31 2.80780675579
56 31 2.80780675579
57 31 2.80780675579
58 31 2.80780675579
59 31 2.80780675579
60 31 2.80780675579
61 31 2.80780675579
62 31 2.80780675579
63 31 2.80780675579
64 31 2.80780675579
65 31 2.80780675579
66 31 2.80780675579
67 31 2.80780675579
68 31 2.80780675579
69 31 2.80780675579
70 31 2.80780675579
71 31 2.80780675579
72 31 2.80780675579
73 31 2.80780675579
74 31 2.80780675579
75 31 2.80780675579
76 31 2.80780675579
77 31 2.80780675579
78 31 2.80780675579
79 31 2.80780675579
80 31 2.80780675579
81 31 2.80780675579
82 31 2.80780675579
83 31 2.80780675579
84 31 2.80780675579
85 31 2.80780675579
86 31 2.80780675579
87 31 2.80780675579
88 31 2.80780675579
89 31 2.80780675579
90 31 2.80780675579
91 31 2.80780675579
92 31 2.80780675579
93 31 2.80780675579
94 31 2.80780675579
95 31 2.80780675579
96 31 2.80780675579
97 31 2.80780675579
98 31 2.80780675579
99 31 2.80780675579
100 31 2.80780675579
101 31 2.80780675579
102 31 2.80780675579
103 31 2.80780675579
104 31 2.80780675579
105 31 2.80780675579
106 31 2.80780675579
107 31 2.80780675579
108 31 2.80780675579
109 31 2.80780675579
110 31 2.80780675579
111 31 2.80780675579
112 31 2.80780675579
113 31 2.80780675579
114 31 2.80780675579
115 31 2.80780675579
116 31 2.80780675579
117 31 2.80780675579
118 31 2.80780675579
119 31 2.80780675579
120 31 2.80780675579
121 31 2.80780675579
122 31 2.80780675579
123 31 2.80780675579
124 31 2.80780675579
125 31 2.80780675579
126 31 2.80780675579
127 31 2.80780675579
128 31 2.80780675579
129 32 1.26706312412
130 32 1.26706312412
131 32 1.26706312412
132 32 1.26706312412
133 32 1.26706312412
134 32 1.26706312412
135 32 1.26706312412
136 32 1.26706312412
137 32 1.26706312412
138 32 1.26706312412
139 32 1.26706312412
140 32 1.26706312412
141 32 1.26706312412
142 32 1.26706312412
143 32 1.26706312412
144 32 1.26706312412
145 32 1.26706312412
146 32 1.26706312412
147 32 1.26706312412
148 32 1.26706312412
149 32 1.26706312412
150 32 1.26706312412
151 32 1.26706312412
152 32 1.26706312412
153 32 1.26706312412
154 32 1.26706312412
155 32 1.26706312412
156 32 1.26706312412
157 32 1.26706312412
158 32 1.26706312412
159 32 1.26706312412
160 32 1.26706312412
161 32 1.26706312412
162 32 1.26706312412
163 32 1.26706312412
164 32 1.26706312412
165 32 1.26706312412
166 32 1.26706312412
167 32 1.26706312412
168 32 1.26706312412
169 32 1.26706312412
170 32 1.26706312412
171 32 1.26706312412
172 32 1.26706312412
173 32 1.26706312412
174 32 1.26706312412
175 32 1.26706312412
176 32 1.26706312412
177 32 1.26706312412
178 32 1.26706312412
179 32 1.26706312412
180 32 1.26706312412
181 32 1.26706312412
182 32 1.26706312412
183 32 1.26706312412
184 32 1.26706312412
185 32 1.26706312412
186 32 1.26706312412
187 32 1.26706312412
188 32 1.26706312412
189 32 1.26706312412
190 32 1.26706312412
191 32 1.26706312412
192 32 1.26706312412
193 32 1.26706312412
194 32 1.26706312412
195 32 1.26706312412
196 32 1.26706312412
197 32 1.26706312412
198 32 1.26706312412
199 32 1.26706312412
200 32 1.26706312412
201 32 1.26706312412
202 32 1.26706312412
203 32 1.26706312412
204 32 1.26706312412
205 32 1.26706312412
206 32 1.26706312412
207 32 1.26706312412
208 32 1.26706312412
209 32 1.26706312412
210 32 1.26706312412
211 32 1.26706312412
212 32 1.26706312412
213 32 1.26706312412
214 32 1.26706312412
215 32 1.26706312412
216 32 1.26706312412
217 32 1.26706312412
218 32 1.26706312412
219 32 1.26706312412
220 32 1.26706312412
221 32 1.26706312412
222 32 1.26706312412
223 32 1.26706312412
224 32 1.26706312412
225 32 1.26706312412
226 33 7.50109420324
227 33 7.50109420324
228 33 7.50109420324
229 33 7.50109420324
230 33 7.50109420324
231 33 7.50109420324
232 33 7.50109420324
233 33 7.50109420324
234 33 7.50109420324
235 33 7.50109420324
236 33 7.50109420324
237 33 7.50109420324
238 33 7.50109420324
239 33 7.50109420324
240 33 7.50109420324
241 33 7.50109420324
242 33 7.50109420324
243 33 7.50109420324
244 33 7.50109420324
245 33 7.50109420324
246 33 7.50109420324
247 33 7.50109420324
248 33 7.50109420324
249 33 7.50109420324
250 33 7.50109420324
251 33 7.50109420324
252 33 7.50109420324
253 33 7.50109420324
254 33 7.50109420324
255 33 7.50109420324
256 33 7.50109420324
257 33 7.50109420324
258 33 7.50109420324
259 33 7.50109420324
260 33 7.50109420324
261 33 7.50109420324
262 33 7.50109420324
263 33 7.50109420324
264 33 7.50109420324
265 33 7.50109420324
266 33 7.50109420324
267 33 7.50109420324
268 33 7.50109420324
269 33 7.50109420324
270 33 7.50109420324
271 33 7.50109420324
272 33 7.50109420324
273 33 7.50109420324
274 33 7.50109420324
275 33 7.50109420324
276 33 7.50109420324
277 33 7.50109420324
278 33 7.50109420324
279 33 7.50109420324
280 33 7.50109420324
281 33 7.50109420324
282 33 7.50109420324
283 33 7.50109420324
284 33 7.50109420324
285 33 7.50109420324
286 33 7.50109420324
287 33 7.50109420324
288 33 7.50109420324
289 33 7.50109420324
290 33 7.50109420324
291 33 7.50109420324
292 33 7.50109420324
293 33 7.50109420324
294 33 7.50109420324
295 33 7.50109420324
296 33 7.50109420324
297 33 7.50109420324
298 33 7.50109420324
299 33 7.50109420324
300 33 7.50109420324
301 33 7.50109420324
302 33 7.50109420324
303 33 7.50109420324
304 33 7.50109420324
305 33 7.50109420324
306 33 7.50109420324
307 33 7.50109420324
308 33 7.50109420324
309 33 7.50109420324
310 33 7.50109420324
311 33 7.50109420324
312 33 7.50109420324
313 33 7.50109420324
314 33 7.50109420324
315 33 7.50109420324
316 33 7.50109420324
317 33 7.50109420324
318 33 7.50109420324
319 33 7.50109420324
320 33 7.50109420324
321 33 7.50109420324
322 34 4.00421245757
323 35 3.9997438292
324 36 3.99849667659
325 37 3.98842184478
326 38 4.01316792955
327 39 4.0396892159
328 40 4.05595243614
329 41 4.06926855116
330 42 4.10053255228
331 43 4.1225914767
332 44 4.14687918606
333 45 4.162762731
334 46 4.18298531284
335 47 4.19813953352
336 48 4.18408121553
337 49 4.18740616479
338 50 4.15798652041
339 51 4.15631159384
340 52 4.1291657037
341 53 4.09765697008
342 54 4.08584227718
343 55 4.06456766165
344 56 4.06811324108
345 57 4.06582436368
346 58 4.07455980284
347 59 4.05845199759
348 60 4.03477290664
349 61 4.04953274322
350 62 4.0781990103
351 63 4.09542128034
352 64 2.53387303632
353 64 2.53387303632
354 64 2.53387303632
355 64 2.53387303632
356 64 2.53387303632
357 64 2.53387303632
358 64 2.53387303632
359 64 2.53387303632
360 64 2.53387303632
361 64 2.53387303632
362 64 2.53387303632
363 64 2.53387303632
364 64 2.53387303632
365 64 2.53387303632
366 64 2.53387303632
367 64 2.53387303632
368 64 2.53387303632
369 64 2.53387303632
370 64 2.53387303632
371 64 2.53387303632
372 64 2.53387303632
373 64 2.53387303632
374 64 2.53387303632
375 64 2.53387303632
376 64 2.53387303632
377 64 2.53387303632
378 64 2.53387303632
379 64 2.53387303632
380 64 2.53387303632
381 64 2.53387303632
382 64 2.53387303632
383 64 2.53387303632
384 64 2.53387303632
385 64 2.53387303632
386 64 2.53387303632
387 64 2.53387303632
388 64 2.53387303632
389 64 2.53387303632
390 64 2.53387303632
391 64 2.53387303632
392 64 2.53387303632
393 64 2.53387303632
394 64 2.53387303632
395 64 2.53387303632
396 64 2.53387303632
397 64 2.53387303632
398 64 2.53387303632
399 64 2.53387303632
400 65 4.09233495838
401 66 4.10078220604
402 67 4.12386890687
403 68 4.14623639584
404 69 4.1327949914
405 70 4.11487003789
406 71 4.14215898468
407 72 4.15431048966
408 73 4.12545232593
409 74 4.1305335994
410 75 4.16146391269
411 76 4.15887441958
412 77 4.16772663061
413 78 4.14343764408
414 79 4.13751362144
415 80 4.13819050825
416 81 4.10716160253
417 82 4.08471011109
418 83 4.07489647479
419 84 4.06121152421
420 85 4.0743177405
421 86 4.05784596832
422 87 4.0683168511
423 88 4.05233363533
424 89 4.05493628995
425 90 4.0362885572
426 91 4.01967837834
427 92 4.01801590038
428 93 4.02495183386
429 94 4.0304073208
430 95 4.03575838901
431 96 4.059703453
432 97 4.05922035599
433 98 4.08715653472
434 99 4.10483376869
435 100 4.12466125061
436 101 4.15537981084
437 102 4.17026450235
438 103 4.19071878588
439 104 0.998337888583
440 104 0.998337888583
441 104 0.998337888583
442 104 0.998337888583
443 104 0.998337888583
444 104 0.998337888583
445 104 0.998337888583
446 104 0.998337888583
447 104 0.998337888583
448 104 0.998337888583
449 104 0.998337888583
450 104 0.998337888583
451 104 0.998337888583
452 104 0.998337888583
453 104 0.998337888583
454 104 0.998337888583
455 104 0.998337888583
456 104 0.998337888583
457 104 0.998337888583
458 104 0.998337888583
459 104 0.998337888583
460 104 0.998337888583
461 104 0.998337888583
462 104 0.998337888583
463 104 0.998337888583
464 104 0.998337888583
465 104 0.998337888583
466 104 0.998337888583
467 104 0.998337888583
468 104 0.998337888583
469 104 0.998337888583
470 104 0.998337888583
471 104 0.998337888583
472 104 0.998337888583
473 104 0.998337888583
474 104 0.998337888583
475 104 0.998337888583
476 104 0.998337888583
477 104 0.998337888583
478 104 0.998337888583
479 104 0.998337888583
480 104 0.998337888583
481 104 0.998337888583
482 104 0.998337888583
483 104 0.998337888583
484 104 0.998337888583
485 104 0.998337888583
486 104 0.998337888583
487 104 0.998337888583
488 104 0.998337888583
489 104 0.998337888583
490 104 0.998337888583
491 104 0.998337888583
492 104 0.998337888583
493 104 0.998337888583
494 104 0.998337888583
495 104 0.998337888583
496 104 0.998337888583
497 104 0.998337888583
498 104 0.998337888583
499 104 0.998337888583
500 104 0.998337888583
501 104 0.998337888583
502 104 0.998337888583
503 104 0.998337888583
504 104 0.998337888583
505 104 0.998337888583
506 104 0.998337888583
507 104 0.998337888583
508 104 0.998337888583
509 104 0.998337888583
510 104 0.998337888583
511 104 0.998337888583
512 104 0.998337888583
513 104 0.998337888583
514 104 0.998337888583
515 104 0.998337888583
516 104 0.998337888583
517 104 0.998337888583
518 104 0.998337888583
519 104 0.998337888583
520 104 0.998337888583
521 104 0.998337888583
522 104 0.998337888583
523 104 0.998337888583
524 104 0.998337888583
525 104 0.998337888583
526 104 0.998337888583
527 104 0.998337888583
528 104 0.998337888583
529 104 0.998337888583
530 104 0.998337888583
531 105 1.34182001651
532 106 1.43361599742
533 107 1.40272704623
534 108 1.330549344
535 109 1.26951092966
536 110 1.23180146599
537 111 1.18162809736
538 112 1.22158735123
539 113 1.19768978807
540 114 1.18147277011
541 115 1.08928157753
542 116 1.07180571542
543 117 1.00736243035
544 118 0.977012429402
545 119 0.897220131195
546 120 0.921147314648
547 121 0.925982829046
548 122 0.965050804997
549 123 0.966423344498
550 124 1.03340923925
551 125 0.969321676279
552 126 0.930798228939
553 127 1.02013044168
554 128 1.04612935382
555 129 0.973282937519
556 130 0.989600472821
557 131 1.08419789353
558 132 1.07635224425
559 133 1.00920505273
560 134 1.06442963584
561 135 1.13894504168
562 136 1.0915386614
563 137 1.06364982454
564 138 1.15568085011
565 139 1.18223232099
566 140 1.11708140765
567 141 1.14905414188
568 142 1.05596661189
569 143 1.05328294572
570 144 0.968142782588
571 145 0.919461631115
572 146 0.97387591902
573 147 0.949568265529
574 148 0.856463305588
575 149 0.872502888687
576 151 0.765503489222
577 152 0.712019000733
578 151 0.328601566433
579 151 0.328601566433
580 151 0.328601566433
581 151 0.328601566433
582 151 0.328601566433
583 151 0.328601566433
584 151 0.328601566433
585 151 0.328601566433
586 151 0.328601566433
587 151 0.328601566433
588 151 0.328601566433
589 151 0.328601566433
590 151 0.328601566433
591 151 0.328601566433
592 151 0.328601566433
593 151 0.328601566433
594 151 0.328601566433
595 151 0.328601566433
596 151 0.328601566433
597 151 0.328601566433
598 151 0.328601566433
599 151 0.328601566433
600 151 0.328601566433
601 151 0.328601566433
602 151 0.328601566433
603 151 0.328601566433
604 151 0.328601566433
605 151 0.328601566433
606 151 0.328601566433
607 151 0.328601566433
608 151 0.328601566433
609 151 0.328601566433
610 151 0.328601566433
611 151 0.328601566433
612 151 0.328601566433
613 151 0.328601566433
614 151 0.328601566433
615 151 0.328601566433
616 151 0.328601566433
617 151 0.328601566433
618 151 0.328601566433
619 151 0.328601566433
620 151 0.328601566433
621 151 0.328601566433
622 151 0.328601566433
623 151 0.328601566433
624 151 0.328601566433
625 151 0.328601566433
626 151 0.328601566433
627 151 0.328601566433
628 151 0.328601566433
629 151 0.328601566433
630 151 0.328601566433
631 151 0.328601566433
632 151 0.328601566433
633 151 0.328601566433
634 151 0.328601566433
635 151 0.328601566433
636 151 0.328601566433
637 151 0.328601566433
638 151 0.328601566433
639 151 0.328601566433
640 151 0.328601566433
641 151 0.328601566433
642 151 0.328601566433
643 151 0.328601566433
644 151 0.328601566433
645 151 0.328601566433
646 151 0.328601566433
647 151 0.328601566433
648 151 0.328601566433
649 151 0.328601566433
650 151 0.328601566433
651 151 0.328601566433
652 151 0.328601566433
653 151 0.328601566433
654 151 0.328601566433
655 151 0.328601566433
656 151 0.328601566433
657 151 0.328601566433
658 151 0.328601566433
659 151 0.328601566433
660 151 0.328601566433
661 151 0.328601566433
662 151 0.328601566433
663 151 0.328601566433
664 151 0.328601566433
665 151 0.328601566433
666 151 0.328601566433
667 151 0.328601566433
668 151 0.328601566433
669 153 1.10742808157
670 153 1.10742808157
671 153 1.10742808157
672 153 1.10742808157
673 153 1.10742808157
674 153 1.10742808157
675 153 1.10742808157
676 153 1.10742808157
677 153 1.10742808157
678 153 1.10742808157
679 153 1.10742808157
680 153 1.10742808157
681 153 1.10742808157
682 153 1.10742808157
683 153 1.10742808157
684 153 1.10742808157
685 153 1.10742808157
686 153 1.10742808157
687 153 1.10742808157
688 153 1.10742808157
689 153 1.10742808157
690 153 1.10742808157
691 153 1.10742808157
692 153 1.10742808157
693 153 1.10742808157
694 153 1.10742808157
695 153 1.10742808157
696 153 1.10742808157
697 153 1.10742808157
698 153 1.10742808157
699 153 1.10742808157
700 153 1.10742808157
701 153 1.10742808157
702 153 1.10742808157
703 153 1.10742808157
704 153 1.10742808157
705 153 1.10742808157
706 153 1.10742808157
707 153 1.10742808157
708 153 1.10742808157
709 153 1.10742808157
710 153 1.10742808157
711 153 1.10742808157
712 153 1.10742808157
713 153 1.10742808157
714 153 1.10742808157
715 153 1.10742808157
716 153 1.10742808157
717 153 1.10742808157
718 153 1.10742808157
719 153 1.10742808157
720 153 1.10742808157
721 153 1.10742808157
722 153 1.10742808157
723 153 1.10742808157
724 153 1.10742808157
725 153 1.10742808157
726 153 1.10742808157
727 153 1.10742808157
728 153 1.10742808157
729 153 1.10742808157
730 153 1.10742808157
731 153 1.10742808157
732 153 1.10742808157
733 153 1.10742808157
734 153 1.10742808157
735 153 1.10742808157
736 153 1.10742808157
737 153 1.10742808157
738 153 1.10742808157
739 153 1.10742808157
740 153 1.10742808157
741 153 1.10742808157
742 153 1.10742808157
743 153 1.10742808157
744 153 1.10742808157
745 153 1.10742808157
746 153 1.10742808157
747 153 1.10742808157
748 153 1.10742808157
749 153 1.10742808157
750 153 1.10742808157
751 153 1.10742808157
752 153 1.10742808157
753 153 1.10742808157
754 153 1.10742808157
755 153 1.10742808157
756 153 1.10742808157
757 153 1.10742808157
758 153 1.10742808157
759 153 1.10742808157
760 153 1.10742808157
761 153 1.10742808157
762 154 0.22095103958
763 154 0.22095103958
764 154 0.22095103958
765 154 0.22095103958
766 154 0.22095103958
767 154 0.22095103958
768 154 0.22095103958
769 154 0.22095103958
770 154 0.22095103958
771 154 0.22095103958
772 154 0.22095103958
773 154 0.22095103958
774 154 0.22095103958
775 154 0.22095103958
776 154 0.22095103958
777 154 0.22095103958
778 154 0.22095103958
779 154 0.22095103958
780 154 0.22095103958
781 154 0.22095103958
782 154 0.22095103958
783 154 0.22095103958
784 154 0.22095103958
785 154 0.22095103958
786 154 0.22095103958
787 154 0.22095103958
788 154 0.22095103958
789 154 0.22095103958
790 154 0.22095103958
791 154 0.22095103958
792 154 0.22095103958
793 154 0.22095103958
794 154 0.22095103958
795 154 0.22095103958
796 154 0.22095103958
797 154 0.22095103958
798 154 0.22095103958
799 154 0.22095103958
800 154 0.22095103958
801 154 0.22095103958
802 154 0.22095103958
803 154 0.22095103958
804 154 0.22095103958
805 154 0.22095103958
806 154 0.22095103958
807 154 0.22095103958
808 154 0.22095103958
809 154 0.22095103958
810 154 0.22095103958
811 154 0.22095103958
812 154 0.22095103958
813 154 0.22095103958
814 154 0.22095103958
815 154 0.22095103958
816 154 0.22095103958
817 154 0.22095103958
818 154 0.22095103958
819 154 0.22095103958
820 154 0.22095103958
821 154 0.22095103958
822 154 0.22095103958
823 154 0.22095103958
824 154 0.22095103958
825 154 0.22095103958
826 154 0.22095103958
827 154 0.22095103958
828 154 0.22095103958
829 154 0.22095103958
830 154 0.22095103958
831 154 0.22095103958
832 154 0.22095103958
833 154 0.22095103958
834 154 0.22095103958
835 154 0.22095103958
836 154 0.22095103958
837 154 0.22095103958
838 154 0.22095103958
839 154 0.22095103958
840 154 0.22095103958
841 154 0.22095103958
842 154 0.22095103958
843 154 0.22095103958
844 154 0.22095103958
845 154 0.22095103958
846 154 0.22095103958
847 154 0.22095103958
848 154 0.22095103958
849 154 0.22095103958
850 154 0.22095103958
851 154 0.22095103958
852 154 0.22095103958
853 154 0.22095103958
854 154 0.22095103958
855 155 4.23132650752
856 155 4.23132650752
857 155 4.23132650752
858 155 4.23132650752
859 155 4.23132650752
860 155 4.23132650752
861 155 4.23132650752
862 155 4.23132650752
863 155 4.23132650752
864 155 4.23132650752
865 155 4.23132650752
866 155 4.23132650752
867 155 4.23132650752
868 155 4.23132650752
869 155 4.23132650752
870 155 4.23132650752
871 155 4.23132650752
872 155 4.23132650752
873 155 4.23132650752
874 155 4.23132650752
875 155 4.23132650752
876 155 4.23132650752
877 155 4.23132650752
878 155 4.23132650752
879 155 4.23132650752
880 155 4.23132650752
881 155 4.23132650752
882 155 4.23132650752
883 155 4.23132650752
884 155 4.23132650752
885 155 4.23132650752
886 155 4.23132650752
887 155 4.23132650752
888 155 4.23132650752
889 155 4.23132650752
890 155 4.23132650752
891 155 4.23132650752
892 155 4.23132650752
893 155 4.23132650752
894 155 4.23132650752
895 155 4.23132650752
896 155 4.23132650752
897 155 4.23132650752
898 155 4.23132650752
899 155 4.23132650752
900 155 4.23132650752
901 155 4.23132650752
902 155 4.23132650752
903 155 4.23132650752
904 155 4.23132650752
905 155 4.23132650752
906 155 4.23132650752
907 155 4.23132650752
908 155 4.23132650752
909 155 4.23132650752
910 155 4.23132650752
911 155 4.23132650752
912 155 4.23132650752
913 155 4.23132650752
914 155 4.23132650752
915 155 4.23132650752
916 155 4.23132650752
917 155 4.23132650752
918 155 4.23132650752
919 155 4.23132650752
920 155 4.23132650752
921 155 4.23132650752
922 155 4.23132650752
923 155 4.23132650752
924 155 4.23132650752
925 155 4.23132650752
926 155 4.23132650752
927 155 4.23132650752
928 155 4.23132650752
929 155 4.23132650752
930 155 4.23132650752
931 155 4.23132650752
932 155 4.23132650752
933 155 4.23132650752
934 155 4.23132650752
935 155 4.23132650752
936 155 4.23132650752
937 155 4.23132650752
938 155 4.23132650752
939 155 4.23132650752
940 155 4.23132650752
941 155 4.23132650752
942 155 4.23132650752
943 155 4.23132650752
944 155 4.23132650752
945 155 4.23132650752
946 155 4.23132650752
947 155 4.23132650752
948 156 7.8869571848
949 156 7.8869571848
950 157 1.22701205096
951 158 1.32269269648
952 159 1.22558141768
953 160 1.3197185774
954 161 1.30794174804
955 162 1.24001422392
956 163 1.19155633501
957 164 1.25845768203
958 165 1.14040827803
959 166 1.24782199703
960 167 1.3320006372
961 168 1.47732571266
962 169 1.6209135034
963 170 1.66586993809
964 171 1.48789772361
965 172 1.47130276499
966 173 1.6607488965
967 174 1.63530910111
968 175 1.48651594642
969 176 1.57152477861
970 177 1.74444392486
971 178 1.65936469862
972 179 1.55635690749
973 180 1.71271323527
974 181 1.84576277407
975 182 1.70810036056
976 183 1.68783939038
977 184 1.49829191014
978 185 1.53339155728
979 186 1.48864413227
980 187 1.402690647
981 188 1.48545126687
982 189 1.33162113932
983 190 1.17986749145
984 191 1.08459430403
985 192 1.13084884668
986 193 1.13527588733
987 194 1.03614019671
988 195 1.03684231607
989 196 2.46486005141
990 196 2.46486005141
991 196 2.46486005141
992 196 2.46486005141
993 196 2.46486005141
994 196 2.46486005141
995 196 2.46486005141
996 196 2.46486005141
997 196 2.46486005141
998 196 2.46486005141
999 196 2.46486005141
1000 196 2.46486005141
1001 196 2.46486005141
1002 196 2.46486005141
1003 196 2.46486005141
1004 196 2.46486005141
1005 196 2.46486005141
1006 196 2.46486005141
1007 196 2.46486005141
1008 196 2.46486005141
1009 196 2.46486005141
1010 196 2.46486005141
1011 196 2.46486005141
1012 196 2.46486005141
1013 196 2.46486005141
1014 196 2.46486005141
1015 196 2.46486005141
1016 196 2.46486005141
1017 196 2.46486005141
1018 196 2.46486005141
1019 196 2.46486005141
1020 196 2.46486005141
1021 196 2.46486005141
1022 196 2.46486005141
1023 196 2.46486005141
1024 196 2.46486005141
1025 196 2.46486005141
1026 196 2.46486005141
1027 196 2.46486005141
1028 196 2.46486005141
1029 196 2.46486005141
1030 196 2.46486005141
1031 196 2.46486005141
1032 196 2.46486005141
1033 196 2.46486005141
1034 196 2.46486005141
1035 196 2.46486005141
1036 196 2.46486005141
1037 196 2.46486005141
1038 196 2.46486005141
1039 196 2.46486005141
1040 196 2.46486005141
1041 196 2.46486005141
1042 196 2.46486005141
1043 196 2.46486005141
1044 196 2.46486005141
1045 196 2.46486005141
1046 196 2.46486005141
1047 196 2.46486005141
1048 196 2.46486005141
1049 196 2.46486005141
1050 196 2.46486005141
1051 196 2.46486005141
1052 196 2.46486005141
1053 196 2.46486005141
1054 196 2.46486005141
1055 196 2.46486005141
1056 196 2.46486005141
1057 196 2.46486005141
1058 196 2.46486005141
1059 196 2.46486005141
1060 196 2.46486005141
1061 196 2.46486005141
1062 196 2.46486005141
1063 196 2.46486005141
1064 196 2.46486005141
1065 196 2.46486005141
1066 196 2.46486005141
1067 196 2.46486005141
1068 196 2.46486005141
1069 196 2.46486005141
1070 196 2.46486005141
1071 196 2.46486005141
1072 196 2.46486005141
1073 196 2.46486005141
1074 196 2.46486005141
1075 196 2.46486005141
1076 196 2.46486005141
1077 196 2.46486005141
1078 196 2.46486005141
1079 196 2.46486005141
1080 196 2.46486005141
1081 196 2.46486005141
1082 196 2.46486005141
1083 197 1.25608653751
1084 198 1.30870164774
1085 199 1.10833843999
1086 200 1.10430584694
1087 201 1.28778075205
1088 202 1.21649419718
1089 203 1.06671037856
1090 204 1.21149769252
1091 205 1.35184325845
1092 206 1.21034971731
1093 207 1.18192336091
1094 208 1.39032716474
1095 209 1.47770278996
1096 210 1.55987499989
1097 211 1.75490443734
1098 212 1.71459496644
1099 213 1.64005424097
1100 214 1.79525685585
1101 215 1.94585371063
1102 216 1.84726188951
1103 217 1.99426071626
1104 218 1.91975715544
1105 219 1.86120506887
1106 220 2.02422208957
1107 221 2.17934351715
1108 222 2.12877805929
1109 223 2.04747970833
1110 224 2.17971345945
1111 225 2.33908642015
1112 226 2.42219417218
1113 227 2.56636680031
1114 228 2.42697045766
1115 229 2.49565070872
1116 230 2.61342149663
1117 231 2.48121324502
1118 232 2.30999750877
1119 233 2.42150028805
1120 234 2.47126483592
1121 235 2.27852675568
1122 236 2.175127094
1123 237 2.32144929558
1124 238 2.32690412585
1125 239 2.48904086741
1126 240 2.53282995277
1127 241 2.52372490037
1128 242 2.337714076
1129 243 2.28137948628
1130 244 2.31103836744
1131 245 2.20587132911
1132 246 2.05052503317
1133 247 2.03081728967
1134 248 2.00158376372
1135 249 1.85270010056
1136 250 1.76234649681
1137 251 1.74314900278
1138 252 1.66514714282
1139 253 1.52270101316
1140 254 1.46027009291
1141 255 3.50099371959
1142 255 3.50099371959
1143 255 3.50099371959
1144 255 3.50099371959
1145 255 3.50099371959
1146 255 3.50099371959
