1 0 81.5513419832
2 0 81.5513419832
3 0 81.5513419832
4 0 81.5513419832
5 0 81.5513419832
6 0 81.5513419832
7 0 81.5513419832
8 0 81.5513419832
9 1 78.8382044621
10 2 76.2271849203
11 3 74.371626078
12 4 74.2610708298
13 5 71.211193458
14 6 68.5863042426
15 7 69.8139240255
16 8 72.2887256836
17 9 70.6151152756
18 10 67.7533482809
19 11 67.8785107498
20 12 65.4596945797
21 13 66.8810977533
22 14 65.5334344549
23 15 65.1121056172
24 16 68.5628842749
25 17 71.1853587765
26 18 70.495045162
27 19 69.152240858
28 20 66.6639816766
29 21 66.7906071239
30 22 68.5861152121
31 23 68.3267556334
32 24 69.9228345398
33 25 71.2102636638
34 26 74.2885027201
35 27 75.2466989874
36 28 78.6766714963
37 29 80.633102941
38 30 83.5122367274
39 31 84.9884938043
40 32 84.1261630929
41 33 80.9906437748
42 34 77.8432927835
43 35 76.0633861906
44 36 77.1654659844
45 37 77.1332566249
46 38 74.113389998
47 39 72.0900863911
48 40 73.639605656
49 41 72.9668732752
50 42 69.7130091943
51 43 69.0677818348
52 44 70.2015999859
53 45 68.2698886449
54 46 65.0529063222
55 47 63.637993632
56 48 60.4900764505
57 49 61.1759057432
58 50 63.3335859172
59 51 66.7916096023
60 52 69.4024227863
61 53 72.4245568829
62 54 75.1507821965
63 55 77.9738497458
64 56 80.5688902183
65 57 82.912377596
66 58 84.6846334032
67 59 83.8357714273
68 60 80.4021881076
69 61 78.3320313416
70 62 75.9625977705
71 63 72.8475679317
72 64 70.9587136826
73 65 67.5636928212
74 66 66.0438448932
75 67 62.7820461433
76 68 62.5409252333
77 69 59.4013642459
78 70 58.9116069688
79 71 56.3022701915
80 72 53.4636054564
81 73 51.460929222
82 74 48.4822202173
83 75 50.4528866431
84 76 53.34476228
85 77 54.4638832518
86 78 57.2459441159
87 79 60.056510763
88 80 62.3523834206
89 81 62.2669295157
90 82 63.9915189453
91 83 64.1528475712
92 84 66.8123071295
93 85 67.6954415535
94 86 71.0192701621
95 87 71.9857884926
96 88 74.1126829513
97 89 71.4330810975
98 90 70.7437538252
99 91 67.2843678921
100 92 66.1682862466
101 93 62.9554605369
102 94 62.4197559795
103 95 63.4453723646
104 96 61.7824924285
105 97 58.7132160677
106 98 59.391427735
107 99 60.6465751027
108 100 57.4398835823
109 101 55.9581224274
110 102 58.2484833413
111 103 57.4095372635
112 104 53.9930907122
113 105 54.7323952528
114 106 56.3946412192
115 107 53.4443527758
116 108 51.6778891134
117 109 54.45480726
118 110 54.6081010336
119 111 58.0170160597
120 112 57.8777995505
121 113 56.2649651751
122 114 58.5758462569
123 115 61.2076614425
124 116 60.152880013
125 117 59.6574306683
126 118 62.9066525347
127 119 64.0383278037
128 120 41.9248304756
129 120 41.9248304756
130 120 41.9248304756
131 120 41.9248304756
132 120 41.9248304756
133 120 41.9248304756
134 120 41.9248304756
135 120 41.9248304756
136 120 41.9248304756
137 120 41.9248304756
138 120 41.9248304756
139 120 41.9248304756
140 120 41.9248304756
141 120 41.9248304756
142 120 41.9248304756
143 120 41.9248304756
144 120 41.9248304756
145 120 41.9248304756
146 120 41.9248304756
147 120 41.9248304756
148 120 41.9248304756
149 120 41.9248304756
150 120 41.9248304756
151 120 41.9248304756
152 120 41.9248304756
153 120 41.9248304756
154 120 41.9248304756
155 120 41.9248304756
156 120 41.9248304756
157 120 41.9248304756
158 120 41.9248304756
159 120 41.9248304756
160 120 41.9248304756
161 120 41.9248304756
162 120 41.9248304756
163 120 41.9248304756
164 120 41.9248304756
165 120 41.9248304756
166 120 41.9248304756
167 120 41.9248304756
168 120 41.9248304756
169 120 41.9248304756
170 120 41.9248304756
171 120 41.9248304756
172 120 41.9248304756
173 120 41.9248304756
174 120 41.9248304756
175 120 41.9248304756
176 120 41.9248304756
177 120 41.9248304756
178 120 41.9248304756
179 120 41.9248304756
180 120 41.9248304756
181 120 41.9248304756
182 120 41.9248304756
183 120 41.9248304756
184 120 41.9248304756
185 120 41.9248304756
186 120 41.9248304756
187 120 41.9248304756
188 120 41.9248304756
189 120 41.9248304756
190 120 41.9248304756
191 120 41.9248304756
192 120 41.9248304756
193 121 35.635714816
194 121 35.635714816
195 121 35.635714816
196 121 35.635714816
197 121 35.635714816
198 121 35.635714816
199 121 35.635714816
200 121 35.635714816
201 121 35.635714816
202 121 35.635714816
203 121 35.635714816
204 121 35.635714816
205 121 35.635714816
206 121 35.635714816
207 121 35.635714816
208 121 35.635714816
209 121 35.635714816
210 121 35.635714816
211 121 35.635714816
212 121 35.635714816
213 121 35.635714816
214 121 35.635714816
215 121 35.635714816
216 121 35.635714816
217 121 35.635714816
218 121 35.635714816
219 121 35.635714816
220 121 35.635714816
221 121 35.635714816
222 121 35.635714816
223 121 35.635714816
224 121 35.635714816
225 121 35.635714816
226 121 35.635714816
227 121 35.635714816
228 121 35.635714816
229 121 35.635714816
230 121 35.635714816
231 121 35.635714816
232 121 35.635714816
233 121 35.635714816
234 121 35.635714816
235 121 35.635714816
236 121 35.635714816
237 121 35.635714816
238 121 35.635714816
239 121 35.635714816
240 121 35.635714816
241 121 35.635714816
242 121 35.635714816
243 121 35.635714816
244 121 35.635714816
245 121 35.635714816
246 121 35.635714816
247 121 35.635714816
248 121 35.635714816
249 121 35.635714816
250 121 35.635714816
251 121 35.635714816
252 121 35.635714816
253 121 35.635714816
254 121 35.635714816
255 121 35.635714816
256 121 35.635714816
257 122 36.4933732804
258 123 36.1895068794
259 124 38.4864166897
260 125 39.8241804133
261 126 41.5037275819
262 127 43.7385699979
263 128 43.4689292376
264 129 44.0948115285
265 130 46.4272507593
266 131 47.145140742
267 132 47.3159408569
268 133 49.2279710865
269 134 50.3428049259
270 135 51.3132186218
271 136 53.9296035998
272 137 54.1914422316
273 138 53.5688256267
274 139 51.6485921588
275 140 51.5902490056
276 141 49.8407055095
277 142 52.0822964364
278 143 53.3920713973
279 144 50.924977046
280 145 50.1680635186
281 146 52.6211759486
282 147 51.0444569144
283 148 50.2012551911
284 149 47.3015569621
285 150 45.9124571409
286 151 46.042506458
287 152 47.2411707007
288 153 44.8408005587
289 154 43.4094288206
290 155 45.6035142092
291 156 45.9582052652
292 157 43.1189666587
293 158 43.1673100787
294 159 45.4367578573
295 160 44.0043208276
296 161 41.6830548253
297 162 43.3986912336
298 163 44.7327517322
299 164 42.2411255132
300 165 41.6057906126
301 166 44.301816538
302 167 44.8199280485
303 168 47.0625208024
304 169 48.5840538273
305 170 49.5230308644
306 171 52.2797697573
307 172 52.0548075467
308 173 54.4693141055
309 174 54.7801208375
310 175 54.203918859
311 176 53.3543489595
312 177 53.3073590989
313 178 50.9416283789
314 179 52.160142281
315 180 50.6020292217
316 181 51.2570546402
317 182 49.4785469167
318 183 48.531646042
319 184 48.3948050072
320 185 45.5152719278
321 186 45.6858405666
322 187 47.4052603511
323 188 45.476703493
324 189 43.3002180406
325 190 44.722828332
326 191 44.3075376608
327 192 46.7560665757
328 193 50.050647498
329 193 50.050647498
330 193 50.050647498
331 193 50.050647498
332 193 50.050647498
333 193 50.050647498
334 193 50.050647498
335 193 50.050647498
336 193 50.050647498
337 193 50.050647498
338 193 50.050647498
339 193 50.050647498
340 193 50.050647498
341 193 50.050647498
342 193 50.050647498
343 193 50.050647498
344 193 50.050647498
345 193 50.050647498
346 193 50.050647498
347 193 50.050647498
348 193 50.050647498
349 193 50.050647498
350 193 50.050647498
351 193 50.050647498
352 193 50.050647498
353 193 50.050647498
354 193 50.050647498
355 193 50.050647498
356 194 33.3704360707
357 194 33.3704360707
358 194 33.3704360707
359 194 33.3704360707
360 194 33.3704360707
361 194 33.3704360707
362 194 33.3704360707
363 194 33.3704360707
364 194 33.3704360707
365 194 33.3704360707
366 194 33.3704360707
367 194 33.3704360707
368 194 33.3704360707
369 194 33.3704360707
370 194 33.3704360707
371 194 33.3704360707
372 194 33.3704360707
373 194 33.3704360707
374 194 33.3704360707
375 194 33.3704360707
376 194 33.3704360707
377 194 33.3704360707
378 194 33.3704360707
379 194 33.3704360707
380 194 33.3704360707
381 194 33.3704360707
382 194 33.3704360707
383 194 33.3704360707
384 194 33.3704360707
385 194 33.3704360707
386 194 33.3704360707
387 194 33.3704360707
388 194 33.3704360707
389 194 33.3704360707
390 194 33.3704360707
391 194 33.3704360707
392 194 33.3704360707
393 194 33.3704360707
394 194 33.3704360707
395 194 33.3704360707
396 194 33.3704360707
397 194 33.3704360707
398 194 33.3704360707
399 194 33.3704360707
400 194 33.3704360707
401 194 33.3704360707
402 194 33.3704360707
403 194 33.3704360707
404 194 33.3704360707
405 194 33.3704360707
406 194 33.3704360707
407 194 33.3704360707
408 194 33.3704360707
409 194 33.3704360707
410 194 33.3704360707
411 194 33.3704360707
412 194 33.3704360707
413 194 33.3704360707
414 194 33.3704360707
415 194 33.3704360707
416 194 33.3704360707
417 194 33.3704360707
418 194 33.3704360707
419 194 33.3704360707
420 194 33.3704360707
421 194 33.3704360707
422 194 33.3704360707
423 194 33.3704360707
424 194 33.3704360707
425 194 33.3704360707
426 194 33.3704360707
427 194 33.3704360707
428 194 33.3704360707
429 194 33.3704360707
430 194 33.3704360707
431 195 36.5792868236
432 195 36.5792868236
433 195 36.5792868236
434 195 36.5792868236
435 195 36.5792868236
436 195 36.5792868236
437 195 36.5792868236
438 195 36.5792868236
439 195 36.5792868236
440 195 36.5792868236
441 195 36.5792868236
442 195 36.5792868236
443 195 36.5792868236
444 195 36.5792868236
445 195 36.5792868236
446 195 36.5792868236
447 195 36.5792868236
448 195 36.5792868236
449 195 36.5792868236
450 195 36.5792868236
451 195 36.5792868236
452 195 36.5792868236
453 195 36.5792868236
454 195 36.5792868236
455 195 36.5792868236
456 195 36.5792868236
457 195 36.5792868236
458 195 36.5792868236
459 195 36.5792868236
460 195 36.5792868236
461 195 36.5792868236
462 195 36.5792868236
463 195 36.5792868236
464 195 36.5792868236
465 195 36.5792868236
466 195 36.5792868236
467 195 36.5792868236
468 195 36.5792868236
469 195 36.5792868236
470 195 36.5792868236
471 195 36.5792868236
472 195 36.5792868236
473 195 36.5792868236
474 195 36.5792868236
475 195 36.5792868236
476 195 36.5792868236
477 195 36.5792868236
478 195 36.5792868236
479 195 36.5792868236
480 195 36.5792868236
481 195 36.5792868236
482 195 36.5792868236
483 195 36.5792868236
484 195 36.5792868236
485 195 36.5792868236
486 195 36.5792868236
487 195 36.5792868236
488 195 36.5792868236
489 195 36.5792868236
490 195 36.5792868236
491 195 36.5792868236
492 195 36.5792868236
493 195 36.5792868236
494 196 29.2878848182
495 196 29.2878848182
496 196 29.2878848182
497 196 29.2878848182
498 196 29.2878848182
499 196 29.2878848182
500 196 29.2878848182
501 196 29.2878848182
502 196 29.2878848182
503 196 29.2878848182
504 196 29.2878848182
505 196 29.2878848182
506 196 29.2878848182
507 196 29.2878848182
508 196 29.2878848182
509 196 29.2878848182
510 196 29.2878848182
511 196 29.2878848182
512 196 29.2878848182
513 196 29.2878848182
514 196 29.2878848182
515 196 29.2878848182
516 196 29.2878848182
517 196 29.2878848182
518 196 29.2878848182
519 196 29.2878848182
520 196 29.2878848182
521 196 29.2878848182
522 196 29.2878848182
523 196 29.2878848182
524 196 29.2878848182
525 196 29.2878848182
526 196 29.2878848182
527 196 29.2878848182
528 196 29.2878848182
529 196 29.2878848182
530 196 29.2878848182
531 196 29.2878848182
532 196 29.2878848182
533 196 29.2878848182
534 196 29.2878848182
535 196 29.2878848182
536 196 29.2878848182
537 196 29.2878848182
538 196 29.2878848182
539 196 29.2878848182
540 196 29.2878848182
541 196 29.2878848182
542 196 29.2878848182
543 196 29.2878848182
544 196 29.2878848182
545 196 29.2878848182
546 196 29.2878848182
547 196 29.2878848182
548 196 29.2878848182
549 196 29.2878848182
550 196 29.2878848182
551 196 29.2878848182
552 196 29.2878848182
553 196 29.2878848182
554 196 29.2878848182
555 196 29.2878848182
556 196 29.2878848182
557 196 29.2878848182
558 196 29.2878848182
559 196 29.2878848182
560 196 29.2878848182
561 196 29.2878848182
562 196 29.2878848182
563 197 50.8361258387
564 198 51.1005598246
565 199 48.3654619609
566 200 46.4935843297
567 201 44.8495418664
568 202 42.5493185837
569 203 40.4257326526
570 204 38.4457399016
571 205 37.1648846358
572 206 39.055843888
573 207 39.5239280751
574 208 37.0973686341
575 209 37.213743989
576 210 39.3492009995
577 211 38.2471096793
578 212 36.5651821277
579 213 38.2261094789
580 214 39.6788253859
581 215 37.8317328788
582 216 37.7556059319
583 217 40.2597652745
584 218 40.404342383
585 219 42.8570081765
586 220 44.2127846621
587 221 44.5269114493
588 222 41.9091539717
589 223 41.4365936288
590 224 43.2758977229
591 225 42.1754400219
592 226 39.8167700656
593 227 40.638077261
594 228 42.7873258716
595 229 44.2386105739
596 230 46.5343841237
597 231 46.6024365471
598 232 48.3590362046
599 233 46.6229646988
600 234 44.4930582517
601 235 46.0569897411
602 236 46.8439929479
603 237 44.3043810939
604 238 43.2957520848
605 239 45.2602089864
606 240 44.797468635
607 241 42.3981714307
608 242 42.7865947324
609 243 45.1855600242
610 244 43.9840379278
611 245 42.813810757
612 245 42.813810757
613 245 42.813810757
614 245 42.813810757
615 245 42.813810757
