1 0 9.48230478147
2 0 9.48230478147
3 0 9.48230478147
4 0 9.48230478147
5 0 9.48230478147
6 0 9.48230478147
7 0 9.48230478147
8 0 9.48230478147
9 0 9.48230478147
10 0 9.48230478147
11 0 9.48230478147
12 0 9.48230478147
13 0 9.48230478147
14 0 9.48230478147
15 0 9.48230478147
16 0 9.48230478147
17 0 9.48230478147
18 0 9.48230478147
19 0 9.48230478147
20 0 9.48230478147
21 0 9.48230478147
22 0 9.48230478147
23 0 9.48230478147
24 0 9.48230478147
25 0 9.48230478147
26 0 9.48230478147
27 0 9.48230478147
28 0 9.48230478147
29 0 9.48230478147
30 0 9.48230478147
31 0 9.48230478147
32 0 9.48230478147
33 0 9.48230478147
34 0 9.48230478147
35 0 9.48230478147
36 0 9.48230478147
37 0 9.48230478147
38 0 9.48230478147
39 0 9.48230478147
40 0 9.48230478147
41 0 9.48230478147
42 0 9.48230478147
43 0 9.48230478147
44 0 9.48230478147
45 0 9.48230478147
46 0 9.48230478147
47 0 9.48230478147
48 0 9.48230478147
49 0 9.48230478147
50 0 9.48230478147
51 1 12.6168870055
52 1 12.6168870055
53 1 12.6168870055
54 1 12.6168870055
55 1 12.6168870055
56 1 12.6168870055
57 1 12.6168870055
58 1 12.6168870055
59 1 12.6168870055
60 1 12.6168870055
61 1 12.6168870055
62 1 12.6168870055
63 1 12.6168870055
64 1 12.6168870055
65 1 12.6168870055
66 1 12.6168870055
67 1 12.6168870055
68 1 12.6168870055
69 1 12.6168870055
70 1 12.6168870055
71 1 12.6168870055
72 1 12.6168870055
73 1 12.6168870055
74 1 12.6168870055
75 1 12.6168870055
76 1 12.6168870055
77 1 12.6168870055
78 1 12.6168870055
79 1 12.6168870055
80 1 12.6168870055
81 1 12.6168870055
82 1 12.6168870055
83 1 12.6168870055
84 1 12.6168870055
85 1 12.6168870055
86 1 12.6168870055
87 1 12.6168870055
88 1 12.6168870055
89 1 12.6168870055
90 1 12.6168870055
91 1 12.6168870055
92 1 12.6168870055
93 1 12.6168870055
94 1 12.6168870055
95 1 12.6168870055
96 1 12.6168870055
97 1 12.6168870055
98 1 12.6168870055
99 1 12.6168870055
100 1 12.6168870055
101 2 44.9179102529
102 3 43.2297395572
103 4 41.1835122436
104 5 40.6339459913
105 6 39.5627215582
106 7 38.7916858035
107 8 40.0789110985
108 9 38.8348547887
109 10 39.832695868
110 11 39.0190442208
111 12 39.4731014029
112 13 40.3186823403
113 14 41.7800916079
114 15 44.0979352953
115 16 44.4388795458
116 17 45.6074518667
117 18 44.7791780721
118 19 43.2078039735
119 20 41.3015116408
120 21 40.4759084458
121 22 38.4609261373
122 23 38.7024161064
123 24 38.2515381237
124 25 40.0706473965
125 26 41.4420974266
126 27 42.0003655223
127 28 44.0470146226
128 29 45.1262868305
129 30 47.3815682087
130 31 47.7770732405
131 32 48.9542111356
132 33 48.5542443461
133 34 48.7561639182
134 35 47.1112323921
135 36 47.6167696326
136 37 46.0754432764
137 38 46.4225200567
138 39 45.1062099788
139 40 45.1237045385
140 41 43.913833236
141 42 44.5207557543
142 43 43.799019043
143 44 44.6037834253
144 45 43.1235091679
145 46 43.7303124125
146 47 44.043136591
147 48 45.7694694174
148 49 47.5236335304
149 50 49.121258313
150 51 50.6733058149
151 52 49.4325077853
152 53 49.0373259455
153 54 49.114678901
154 55 47.5257821721
155 56 47.1073414433
156 57 44.8067636806
157 58 43.5460576013
158 59 41.5929833925
159 60 39.5968146855
160 61 38.4563450677
161 62 36.5880994735
162 63 35.1010878756
163 64 34.3456202754
164 65 35.4558730255
165 66 33.8473764097
166 67 32.5250983714
167 68 31.3981115182
168 69 33.294577065
169 70 35.1342934226
170 71 37.0668725762
171 72 38.1094207557
172 73 40.0525243685
173 74 39.9604730745
174 75 41.9205161859
175 76 42.2785125135
176 77 42.1233726187
177 78 43.6256437603
178 79 46.0387686891
179 80 45.7125746856
180 81 44.3856660947
181 82 45.5808062333
182 83 47.8394378014
183 84 47.137928478
184 85 46.6484100401
185 86 44.3608482897
186 87 42.5829848251
187 88 40.3441826595
188 89 39.087559215
189 90 40.8990681889
190 91 40.628463798
191 92 42.5709874623
192 93 43.1790017097
193 94 44.0113324499
194 95 45.8451086664
195 96 46.7674508311
196 97 49.2624860938
197 98 50.9244980908
198 99 52.0019479914
199 100 53.1265942683
200 101 55.2892241434
201 102 54.329308338
202 103 56.7886469024
203 104 56.5878306408
204 105 57.0694337018
205 106 59.3345754024
206 107 58.9749535426
207 108 57.2740804188
208 109 58.1737819042
209 110 56.504106737
210 111 56.7214969315
211 112 58.2980141768
212 113 58.6262061149
213 114 59.401524014
214 115 57.0386687339
215 116 55.1685627536
216 117 52.8817792095
217 118 52.4592530867
218 119 54.1301500027
219 120 53.5932934551
220 121 51.4540624443
221 122 51.7973862688
222 123 54.2180516819
223 124 53.5841308555
224 125 51.746697305
225 126 52.651299642
226 127 52.0304408197
227 128 49.8550311178
228 129 50.9291999273
229 130 50.7513285002
230 131 48.4882180832
231 132 49.0287078885
232 133 50.704584878
233 134 51.9165100397
234 135 53.2348074876
235 136 54.8104710729
236 137 54.0150962205
237 138 51.8047309033
238 139 50.8652010435
239 140 49.2172263833
240 141 48.1014719954
241 142 48.7402869087
242 143 46.7751927965
243 144 45.1675741731
244 145 46.4735512652
245 146 48.8100280884
246 147 49.8990998575
247 148 52.2914901896
248 149 53.5219808305
249 150 54.6796884409
250 151 57.0975254866
251 152 57.0201481932
252 153 58.3791747456
253 154 60.483417162
254 155 61.1279365249
255 156 63.083870635
256 157 61.4201012745
257 158 59.231743423
258 159 57.4225043227
259 160 56.4779053703
260 161 55.0437015398
261 162 53.4439262812
262 163 53.7796490733
263 164 52.9214771614
264 165 53.276182293
265 166 54.1217819961
266 167 54.4306555518
267 168 56.9928971638
268 169 57.0880784069
269 170 58.6618964667
270 171 57.4775690853
271 172 59.0033743487
272 173 58.0912826794
273 174 59.5494147762
274 175 59.6394015919
275 176 59.3879350796
276 177 61.7597055299
277 177 61.7597055299
278 177 61.7597055299
279 178 65.8335005845
280 179 66.1409925094
281 180 63.6185096565
282 181 64.9812238855
283 182 62.3479309547
284 183 62.4766436178
285 184 60.9198321682
286 185 62.0182773325
287 186 60.0059491113
288 187 58.6457978789
289 188 57.365848208
290 189 55.0201403912
291 190 53.4014411603
292 191 49.8915300775
293 192 47.5892880305
294 193 43.9897458786
295 194 44.2652709536
296 195 46.6271146657
297 196 48.0177526631
298 197 51.2047404217
299 198 54.0187675999
300 199 55.2542095434
301 200 52.0367498798
302 201 51.5820658046
303 202 55.0455624364
304 203 55.3619976771
305 204 52.1728462529
306 205 51.0046638957
307 206 53.9108031912
308 207 56.0533975341
309 208 53.824904722
310 209 52.3706354957
311 210 55.6001221356
312 211 56.6974774073
313 212 53.5783296097
314 213 53.3670488197
315 214 56.9429522951
316 215 56.6486245102
317 216 53.5856312515
318 217 54.871075338
319 218 57.8612872091
320 219 60.1873626015
321 220 63.8871525717
322 221 64.2680403903
323 222 66.0062594247
324 223 64.9621714377
325 224 66.7172984066
326 225 65.2254896945
327 226 67.0234117233
328 227 65.5571878431
329 228 66.4833558764
330 229 64.6724259219
331 230 66.7658054332
332 231 76.0150322835
333 231 76.0150322835
334 231 76.0150322835
335 231 76.0150322835
336 231 76.0150322835
337 231 76.0150322835
338 231 76.0150322835
339 231 76.0150322835
340 231 76.0150322835
341 231 76.0150322835
342 231 76.0150322835
343 231 76.0150322835
344 232 67.6645921205
345 233 71.1992460145
346 234 72.9937343076
347 235 73.7926003378
348 236 75.0284533522
349 237 77.6136099012
350 238 79.3946442963
351 239 79.1226664233
352 240 81.4735506825
353 241 79.8850775263
354 242 76.4829242086
355 243 74.5438652023
356 244 71.3492054202
357 245 70.5297291043
358 246 69.8516909125
359 247 69.8711035449
360 248 67.0488033013
361 249 67.3640812273
362 250 70.0719209606
363 251 69.5234012736
364 252 67.8746556509
365 253 64.7502242905
366 254 61.79445451
367 255 60.3074177595
368 256 57.8129734432
369 257 60.1348468214
370 258 60.5519481007
371 259 56.9301431092
372 260 56.4421655636
373 261 58.6769145649
374 262 57.0410536427
375 263 53.686805837
376 264 54.2381128941
377 265 49.0734955846
378 265 49.0734955846
379 265 49.0734955846
380 265 49.0734955846
381 265 49.0734955846
382 265 49.0734955846
383 265 49.0734955846
384 265 49.0734955846
385 265 49.0734955846
386 265 49.0734955846
387 265 49.0734955846
388 265 49.0734955846
389 265 49.0734955846
390 265 49.0734955846
391 265 49.0734955846
392 265 49.0734955846
393 265 49.0734955846
394 265 49.0734955846
395 265 49.0734955846
396 265 49.0734955846
397 265 49.0734955846
398 265 49.0734955846
399 265 49.0734955846
400 266 58.4931930346
401 267 60.3698904657
402 268 59.1246161283
403 269 59.685631895
404 270 62.3255297708
405 271 64.4244566544
406 272 65.5292153223
407 273 68.586443217
408 274 70.3839475166
409 275 68.5578448326
410 276 71.5872536404
411 277 73.3398615867
412 278 70.4694634055
413 279 70.8505174075
414 280 74.4648836834
415 281 73.8031699042
416 282 71.2380004462
417 283 73.7516791009
418 284 76.2187902805
419 285 73.9033420622
420 286 73.2730928861
421 287 76.9242159387
422 288 78.1795568414
423 289 75.473538721
424 290 74.9346945991
425 291 78.0464945661
426 292 77.7529633211
427 293 74.346205246
428 294 73.6666729663
429 295 70.8466057821
430 296 71.3238469419
431 297 67.6849736113
432 298 67.1837631454
433 299 69.507244232
434 300 69.3289214991
435 301 67.1046612023
436 302 66.7426040762
437 303 63.4786243457
438 304 63.6194648996
439 305 60.6059112135
440 306 61.208721121
441 307 59.9552353524
442 308 62.2074553215
443 309 62.060872246
444 310 64.6570041728
445 311 67.768131767
446 312 70.7146399915
447 313 74.216198495
448 314 75.9516575733
449 315 76.6835099423
450 316 75.5831012426
451 317 79.1757485298
452 318 78.9038227273
453 319 76.2771423225
454 320 78.8498688378
455 321 80.3142208397
456 322 76.9067718481
457 323 76.2692913145
458 324 79.4240771144
459 325 78.4871448551
460 326 75.0711411089
461 327 76.4729211258
462 328 78.9785792655
463 329 76.5368720861
464 330 73.9721064378
465 331 71.5197678346
466 332 68.6260954958
467 333 66.6044688297
468 334 63.5805029878
469 335 60.4880215141
470 336 58.6865034641
471 337 55.2702326793
472 338 54.8190628597
473 339 54.4966746864
474 340 41.9683306598
475 340 41.9683306598
476 340 41.9683306598
477 340 41.9683306598
478 340 41.9683306598
479 340 41.9683306598
480 340 41.9683306598
481 340 41.9683306598
482 340 41.9683306598
483 340 41.9683306598
484 340 41.9683306598
485 340 41.9683306598
486 340 41.9683306598
487 340 41.9683306598
488 340 41.9683306598
489 340 41.9683306598
490 340 41.9683306598
491 340 41.9683306598
492 340 41.9683306598
493 340 41.9683306598
494 340 41.9683306598
495 340 41.9683306598
496 340 41.9683306598
497 340 41.9683306598
498 340 41.9683306598
499 340 41.9683306598
500 340 41.9683306598
501 340 41.9683306598
502 340 41.9683306598
503 340 41.9683306598
504 340 41.9683306598
505 340 41.9683306598
506 340 41.9683306598
507 340 41.9683306598
508 340 41.9683306598
509 340 41.9683306598
510 340 41.9683306598
511 340 41.9683306598
512 340 41.9683306598
513 340 41.9683306598
514 340 41.9683306598
515 340 41.9683306598
516 340 41.9683306598
517 340 41.9683306598
518 340 41.9683306598
519 340 41.9683306598
520 340 41.9683306598
521 340 41.9683306598
522 340 41.9683306598
523 340 41.9683306598
524 340 41.9683306598
525 340 41.9683306598
526 340 41.9683306598
527 341 23.6906423714
528 341 23.6906423714
529 341 23.6906423714
530 341 23.6906423714
531 341 23.6906423714
532 341 23.6906423714
533 341 23.6906423714
534 341 23.6906423714
535 341 23.6906423714
536 341 23.6906423714
537 341 23.6906423714
538 341 23.6906423714
539 341 23.6906423714
540 341 23.6906423714
541 341 23.6906423714
542 341 23.6906423714
543 341 23.6906423714
544 341 23.6906423714
545 341 23.6906423714
546 341 23.6906423714
547 341 23.6906423714
548 341 23.6906423714
549 341 23.6906423714
550 341 23.6906423714
551 341 23.6906423714
552 341 23.6906423714
553 341 23.6906423714
554 341 23.6906423714
555 341 23.6906423714
556 341 23.6906423714
557 341 23.6906423714
558 341 23.6906423714
559 341 23.6906423714
560 341 23.6906423714
561 341 23.6906423714
562 341 23.6906423714
563 341 23.6906423714
564 341 23.6906423714
565 341 23.6906423714
566 341 23.6906423714
567 341 23.6906423714
568 341 23.6906423714
569 341 23.6906423714
570 341 23.6906423714
571 341 23.6906423714
572 341 23.6906423714
573 341 23.6906423714
574 341 23.6906423714
575 341 23.6906423714
576 341 23.6906423714
577 341 23.6906423714
578 341 23.6906423714
579 341 23.6906423714
580 341 23.6906423714
581 341 23.6906423714
582 341 23.6906423714
583 341 23.6906423714
584 341 23.6906423714
585 341 23.6906423714
586 341 23.6906423714
587 341 23.6906423714
588 341 23.6906423714
589 341 23.6906423714
590 341 23.6906423714
591 341 23.6906423714
592 341 23.6906423714
593 341 23.6906423714
594 341 23.6906423714
595 341 23.6906423714
596 341 23.6906423714
597 341 23.6906423714
598 341 23.6906423714
599 341 23.6906423714
600 341 23.6906423714
601 341 23.6906423714
602 341 23.6906423714
603 341 23.6906423714
604 341 23.6906423714
605 341 23.6906423714
606 341 23.6906423714
607 341 23.6906423714
608 341 23.6906423714
609 341 23.6906423714
610 342 36.0789872889
611 342 36.0789872889
612 342 36.0789872889
613 342 36.0789872889
614 342 36.0789872889
615 342 36.0789872889
616 342 36.0789872889
617 342 36.0789872889
618 342 36.0789872889
619 342 36.0789872889
620 342 36.0789872889
621 342 36.0789872889
622 342 36.0789872889
623 342 36.0789872889
624 342 36.0789872889
625 342 36.0789872889
626 342 36.0789872889
627 342 36.0789872889
628 342 36.0789872889
629 342 36.0789872889
630 342 36.0789872889
631 342 36.0789872889
632 342 36.0789872889
633 342 36.0789872889
634 342 36.0789872889
635 342 36.0789872889
636 342 36.0789872889
637 342 36.0789872889
638 342 36.0789872889
639 342 36.0789872889
640 342 36.0789872889
641 342 36.0789872889
642 342 36.0789872889
643 342 36.0789872889
644 342 36.0789872889
645 342 36.0789872889
646 342 36.0789872889
647 342 36.0789872889
648 342 36.0789872889
649 342 36.0789872889
650 342 36.0789872889
651 342 36.0789872889
652 342 36.0789872889
653 342 36.0789872889
654 342 36.0789872889
655 342 36.0789872889
656 342 36.0789872889
657 342 36.0789872889
658 342 36.0789872889
659 342 36.0789872889
660 342 36.0789872889
661 342 36.0789872889
662 342 36.0789872889
663 342 36.0789872889
664 342 36.0789872889
665 342 36.0789872889
666 342 36.0789872889
667 342 36.0789872889
668 342 36.0789872889
669 342 36.0789872889
670 342 36.0789872889
671 342 36.0789872889
672 342 36.0789872889
673 342 36.0789872889
674 342 36.0789872889
675 342 36.0789872889
676 342 36.0789872889
677 342 36.0789872889
678 342 36.0789872889
679 342 36.0789872889
680 342 36.0789872889
681 342 36.0789872889
682 342 36.0789872889
683 342 36.0789872889
684 342 36.0789872889
685 342 36.0789872889
686 342 36.0789872889
687 342 36.0789872889
688 342 36.0789872889
689 342 36.0789872889
690 342 36.0789872889
691 342 36.0789872889
692 342 36.0789872889
693 343 37.9301090829
694 343 37.9301090829
695 343 37.9301090829
696 343 37.9301090829
697 343 37.9301090829
698 343 37.9301090829
699 343 37.9301090829
700 343 37.9301090829
701 343 37.9301090829
702 343 37.9301090829
703 343 37.9301090829
704 343 37.9301090829
705 343 37.9301090829
706 343 37.9301090829
707 343 37.9301090829
708 343 37.9301090829
709 343 37.9301090829
710 343 37.9301090829
711 343 37.9301090829
712 343 37.9301090829
713 343 37.9301090829
714 343 37.9301090829
715 343 37.9301090829
716 343 37.9301090829
717 343 37.9301090829
718 343 37.9301090829
719 343 37.9301090829
720 343 37.9301090829
721 343 37.9301090829
722 343 37.9301090829
723 343 37.9301090829
724 343 37.9301090829
725 343 37.9301090829
726 343 37.9301090829
727 343 37.9301090829
728 343 37.9301090829
729 343 37.9301090829
730 343 37.9301090829
731 343 37.9301090829
732 343 37.9301090829
733 343 37.9301090829
734 343 37.9301090829
735 343 37.9301090829
736 343 37.9301090829
737 343 37.9301090829
738 343 37.9301090829
739 343 37.9301090829
740 343 37.9301090829
741 343 37.9301090829
742 343 37.9301090829
743 343 37.9301090829
744 343 37.9301090829
745 343 37.9301090829
746 343 37.9301090829
747 343 37.9301090829
748 343 37.9301090829
749 343 37.9301090829
750 343 37.9301090829
751 343 37.9301090829
752 343 37.9301090829
753 343 37.9301090829
754 343 37.9301090829
755 343 37.9301090829
756 343 37.9301090829
757 343 37.9301090829
758 343 37.9301090829
759 343 37.9301090829
760 343 37.9301090829
761 343 37.9301090829
762 343 37.9301090829
763 343 37.9301090829
764 343 37.9301090829
765 343 37.9301090829
766 343 37.9301090829
767 343 37.9301090829
768 343 37.9301090829
769 343 37.9301090829
770 343 37.9301090829
771 343 37.9301090829
772 343 37.9301090829
773 343 37.9301090829
774 343 37.9301090829
775 343 37.9301090829
776 344 24.1287322107
777 344 24.1287322107
778 344 24.1287322107
779 344 24.1287322107
780 344 24.1287322107
781 344 24.1287322107
782 344 24.1287322107
783 344 24.1287322107
784 344 24.1287322107
785 344 24.1287322107
786 344 24.1287322107
787 344 24.1287322107
788 344 24.1287322107
789 344 24.1287322107
790 344 24.1287322107
791 344 24.1287322107
792 344 24.1287322107
793 344 24.1287322107
794 344 24.1287322107
795 344 24.1287322107
796 344 24.1287322107
797 344 24.1287322107
798 344 24.1287322107
799 344 24.1287322107
800 344 24.1287322107
801 344 24.1287322107
802 344 24.1287322107
803 344 24.1287322107
804 344 24.1287322107
805 344 24.1287322107
806 344 24.1287322107
807 344 24.1287322107
808 344 24.1287322107
809 344 24.1287322107
810 344 24.1287322107
811 344 24.1287322107
812 344 24.1287322107
813 344 24.1287322107
814 344 24.1287322107
815 344 24.1287322107
816 344 24.1287322107
817 344 24.1287322107
818 344 24.1287322107
819 344 24.1287322107
820 344 24.1287322107
821 344 24.1287322107
822 344 24.1287322107
823 344 24.1287322107
824 344 24.1287322107
825 344 24.1287322107
826 344 24.1287322107
827 344 24.1287322107
828 344 24.1287322107
829 344 24.1287322107
830 344 24.1287322107
831 344 24.1287322107
832 344 24.1287322107
833 344 24.1287322107
834 344 24.1287322107
835 344 24.1287322107
836 344 24.1287322107
837 344 24.1287322107
838 344 24.1287322107
839 344 24.1287322107
840 344 24.1287322107
841 344 24.1287322107
842 344 24.1287322107
843 344 24.1287322107
844 344 24.1287322107
845 344 24.1287322107
846 344 24.1287322107
847 344 24.1287322107
848 344 24.1287322107
849 344 24.1287322107
850 344 24.1287322107
851 344 24.1287322107
852 344 24.1287322107
853 344 24.1287322107
854 344 24.1287322107
855 344 24.1287322107
856 344 24.1287322107
857 344 24.1287322107
858 344 24.1287322107
859 345 41.4267199224
860 346 38.1790761065
861 346 38.1790761065
862 346 38.1790761065
863 346 38.1790761065
864 346 38.1790761065
865 346 38.1790761065
866 346 38.1790761065
867 346 38.1790761065
868 346 38.1790761065
869 346 38.1790761065
870 346 38.1790761065
871 346 38.1790761065
872 346 38.1790761065
873 346 38.1790761065
874 346 38.1790761065
875 346 38.1790761065
876 346 38.1790761065
877 346 38.1790761065
878 346 38.1790761065
879 346 38.1790761065
880 346 38.1790761065
881 346 38.1790761065
882 346 38.1790761065
883 346 38.1790761065
884 346 38.1790761065
885 346 38.1790761065
886 346 38.1790761065
887 346 38.1790761065
888 346 38.1790761065
889 346 38.1790761065
890 346 38.1790761065
891 346 38.1790761065
892 346 38.1790761065
893 346 38.1790761065
894 346 38.1790761065
895 346 38.1790761065
896 346 38.1790761065
897 346 38.1790761065
898 346 38.1790761065
899 346 38.1790761065
900 346 38.1790761065
901 346 38.1790761065
902 346 38.1790761065
903 346 38.1790761065
904 346 38.1790761065
905 346 38.1790761065
906 346 38.1790761065
907 346 38.1790761065
908 346 38.1790761065
909 346 38.1790761065
910 346 38.1790761065
911 346 38.1790761065
912 346 38.1790761065
913 346 38.1790761065
914 346 38.1790761065
915 346 38.1790761065
916 346 38.1790761065
917 346 38.1790761065
918 346 38.1790761065
919 346 38.1790761065
920 346 38.1790761065
921 346 38.1790761065
922 346 38.1790761065
923 346 38.1790761065
924 346 38.1790761065
925 346 38.1790761065
926 346 38.1790761065
927 346 38.1790761065
928 346 38.1790761065
929 346 38.1790761065
930 346 38.1790761065
931 346 38.1790761065
932 346 38.1790761065
933 346 38.1790761065
934 346 38.1790761065
935 346 38.1790761065
936 346 38.1790761065
937 346 38.1790761065
938 346 38.1790761065
939 346 38.1790761065
940 346 38.1790761065
941 346 38.1790761065
942 346 38.1790761065
943 346 38.1790761065
944 346 38.1790761065
945 346 38.1790761065
946 346 38.1790761065
947 346 38.1790761065
948 346 38.1790761065
949 347 18.7963792448
950 347 18.7963792448
951 347 18.7963792448
952 347 18.7963792448
953 347 18.7963792448
954 347 18.7963792448
955 347 18.7963792448
956 347 18.7963792448
957 347 18.7963792448
958 347 18.7963792448
959 347 18.7963792448
960 347 18.7963792448
961 347 18.7963792448
962 347 18.7963792448
963 347 18.7963792448
964 347 18.7963792448
965 347 18.7963792448
966 347 18.7963792448
967 347 18.7963792448
968 347 18.7963792448
969 347 18.7963792448
970 347 18.7963792448
971 347 18.7963792448
972 347 18.7963792448
973 347 18.7963792448
974 347 18.7963792448
975 347 18.7963792448
976 347 18.7963792448
977 347 18.7963792448
978 347 18.7963792448
979 347 18.7963792448
980 347 18.7963792448
981 347 18.7963792448
982 347 18.7963792448
983 347 18.7963792448
984 347 18.7963792448
985 347 18.7963792448
986 347 18.7963792448
987 347 18.7963792448
988 347 18.7963792448
989 347 18.7963792448
990 347 18.7963792448
991 347 18.7963792448
992 347 18.7963792448
993 347 18.7963792448
994 347 18.7963792448
995 347 18.7963792448
996 347 18.7963792448
997 347 18.7963792448
998 347 18.7963792448
999 347 18.7963792448
1000 347 18.7963792448
1001 347 18.7963792448
1002 347 18.7963792448
1003 347 18.7963792448
1004 347 18.7963792448
1005 347 18.7963792448
1006 347 18.7963792448
1007 347 18.7963792448
1008 347 18.7963792448
1009 347 18.7963792448
1010 347 18.7963792448
1011 347 18.7963792448
1012 347 18.7963792448
1013 347 18.7963792448
1014 347 18.7963792448
1015 347 18.7963792448
1016 347 18.7963792448
1017 347 18.7963792448
1018 347 18.7963792448
1019 347 18.7963792448
1020 347 18.7963792448
1021 347 18.7963792448
1022 347 18.7963792448
1023 347 18.7963792448
1024 347 18.7963792448
1025 347 18.7963792448
1026 347 18.7963792448
1027 347 18.7963792448
1028 347 18.7963792448
1029 347 18.7963792448
1030 347 18.7963792448
1031 347 18.7963792448
1032 347 18.7963792448
1033 347 18.7963792448
1034 347 18.7963792448
1035 347 18.7963792448
1036 347 18.7963792448
1037 347 18.7963792448
1038 348 27.9320599899
1039 348 27.9320599899
1040 348 27.9320599899
1041 348 27.9320599899
1042 348 27.9320599899
1043 348 27.9320599899
1044 348 27.9320599899
1045 348 27.9320599899
1046 348 27.9320599899
1047 348 27.9320599899
1048 348 27.9320599899
1049 348 27.9320599899
1050 348 27.9320599899
1051 348 27.9320599899
1052 348 27.9320599899
1053 348 27.9320599899
1054 348 27.9320599899
1055 348 27.9320599899
1056 348 27.9320599899
1057 348 27.9320599899
1058 348 27.9320599899
1059 348 27.9320599899
1060 348 27.9320599899
1061 348 27.9320599899
1062 348 27.9320599899
1063 348 27.9320599899
1064 348 27.9320599899
1065 348 27.9320599899
1066 348 27.9320599899
1067 348 27.9320599899
1068 348 27.9320599899
1069 348 27.9320599899
1070 348 27.9320599899
1071 348 27.9320599899
1072 348 27.9320599899
1073 348 27.9320599899
1074 348 27.9320599899
1075 348 27.9320599899
1076 348 27.9320599899
1077 348 27.9320599899
1078 348 27.9320599899
1079 348 27.9320599899
1080 348 27.9320599899
1081 348 27.9320599899
1082 348 27.9320599899
1083 348 27.9320599899
1084 348 27.9320599899
1085 348 27.9320599899
1086 348 27.9320599899
1087 348 27.9320599899
1088 348 27.9320599899
1089 348 27.9320599899
1090 348 27.9320599899
1091 348 27.9320599899
1092 348 27.9320599899
1093 348 27.9320599899
1094 348 27.9320599899
1095 348 27.9320599899
1096 348 27.9320599899
1097 348 27.9320599899
1098 348 27.9320599899
1099 348 27.9320599899
1100 348 27.9320599899
1101 348 27.9320599899
1102 348 27.9320599899
1103 348 27.9320599899
1104 348 27.9320599899
1105 348 27.9320599899
1106 348 27.9320599899
1107 348 27.9320599899
1108 348 27.9320599899
1109 348 27.9320599899
1110 348 27.9320599899
1111 348 27.9320599899
1112 348 27.9320599899
1113 348 27.9320599899
1114 348 27.9320599899
1115 348 27.9320599899
1116 348 27.9320599899
1117 348 27.9320599899
1118 348 27.9320599899
1119 348 27.9320599899
1120 348 27.9320599899
1121 348 27.9320599899
1122 348 27.9320599899
1123 348 27.9320599899
1124 348 27.9320599899
1125 348 27.9320599899
1126 348 27.9320599899
1127 349 53.9999270199
1128 349 53.9999270199
1129 349 53.9999270199
1130 349 53.9999270199
1131 349 53.9999270199
1132 349 53.9999270199
1133 349 53.9999270199
1134 349 53.9999270199
1135 349 53.9999270199
1136 349 53.9999270199
1137 349 53.9999270199
1138 349 53.9999270199
1139 349 53.9999270199
1140 349 53.9999270199
1141 349 53.9999270199
1142 349 53.9999270199
1143 349 53.9999270199
1144 349 53.9999270199
1145 349 53.9999270199
1146 349 53.9999270199
1147 349 53.9999270199
1148 349 53.9999270199
1149 349 53.9999270199
1150 349 53.9999270199
1151 349 53.9999270199
1152 349 53.9999270199
1153 349 53.9999270199
1154 349 53.9999270199
1155 349 53.9999270199
1156 349 53.9999270199
1157 349 53.9999270199
1158 349 53.9999270199
1159 349 53.9999270199
1160 349 53.9999270199
1161 349 53.9999270199
1162 349 53.9999270199
1163 349 53.9999270199
1164 349 53.9999270199
1165 349 53.9999270199
1166 349 53.9999270199
1167 349 53.9999270199
1168 349 53.9999270199
1169 349 53.9999270199
1170 349 53.9999270199
1171 349 53.9999270199
1172 349 53.9999270199
1173 349 53.9999270199
1174 349 53.9999270199
1175 349 53.9999270199
1176 349 53.9999270199
1177 349 53.9999270199
1178 350 47.7085766446
1179 351 49.6708860315
1180 352 52.4586766871
1181 353 54.7231133537
1182 354 55.7869668957
1183 355 54.7297173322
1184 356 56.2957221261
1185 357 59.0572232796
1186 358 59.4817723857
1187 359 62.3845232198
1188 360 62.7982032318
1189 361 64.4765824421
1190 362 62.2311955952
1191 363 60.0857672478
1192 364 61.6926030299
1193 365 62.2666841694
1194 366 59.2821821038
1195 367 58.5120820727
1196 368 60.9539040945
1197 369 59.8858429338
1198 370 58.6104415107
1199 371 56.2774052203
1200 372 55.6122620994
1201 373 54.1057192343
1202 374 55.719271009
1203 375 58.2136099956
1204 376 60.6305732852
1205 377 61.6647531677
1206 378 60.475585406
1207 379 58.4368133749
1208 380 57.216033642
1209 381 56.871950058
1210 382 56.2602088922
1211 383 56.2494745443
1212 384 59.0730160382
1213 385 60.2503251308
1214 386 62.2342402883
1215 387 63.8878764284
1216 388 63.2051088798
1217 389 60.981699071
1218 390 59.371667047
1219 391 59.9254277115
1220 392 58.7036010475
1221 393 56.0518586606
1222 394 55.8065936032
1223 395 57.0917332804
1224 396 55.0175033021
1225 397 52.6231624848
1226 398 53.7665362183
1227 399 54.1462565219
1228 400 51.3856854949
1229 401 50.2248194048
1230 402 51.6936136075
1231 403 51.5153475335
1232 404 51.3888020949
1233 405 52.4536003874
1234 406 52.7715162271
1235 407 51.1903989276
1236 408 50.4127637681
1237 409 51.3931758963
1238 410 53.5539613524
1239 411 54.5707739469
1240 412 54.3306552147
1241 413 55.9571667275
1242 414 57.9418499168
1243 415 58.480331022
1244 416 58.8563085281
1245 417 60.7260986057
1246 418 62.3418348855
1247 419 62.4750298649
1248 420 63.773956183
1249 421 65.755383225
1250 422 66.8429723523
1251 423 67.8011574601
1252 424 65.5532582347
1253 425 65.1080438877
1254 426 66.7491223463
1255 427 65.8884214681
1256 428 67.0344346273
1257 429 67.8670032843
1258 430 70.6446791212
1259 431 69.4142570931
1260 432 66.9281717135
1261 433 65.134256574
1262 434 62.4339072708
1263 435 60.83558183
1264 436 58.479952499
1265 437 58.0661484721
1266 438 60.8485700592
1267 439 60.3446672513
1268 440 62.5995193693
1269 441 63.1637037092
1270 442 64.2906271962
1271 443 64.9572751285
1272 444 67.7396540075
1273 445 70.0687689995
1274 446 78.7106346525
1275 446 78.7106346525
1276 446 78.7106346525
1277 446 78.7106346525
1278 446 78.7106346525
1279 446 78.7106346525
1280 446 78.7106346525
1281 446 78.7106346525
1282 446 78.7106346525
1283 446 78.7106346525
1284 446 78.7106346525
1285 446 78.7106346525
1286 446 78.7106346525
1287 446 78.7106346525
1288 446 78.7106346525
1289 446 78.7106346525
1290 446 78.7106346525
1291 446 78.7106346525
1292 446 78.7106346525
1293 446 78.7106346525
1294 446 78.7106346525
1295 446 78.7106346525
1296 446 78.7106346525
1297 446 78.7106346525
1298 446 78.7106346525
1299 446 78.7106346525
1300 446 78.7106346525
1301 446 78.7106346525
1302 446 78.7106346525
1303 446 78.7106346525
1304 446 78.7106346525
1305 446 78.7106346525
1306 446 78.7106346525
1307 446 78.7106346525
1308 446 78.7106346525
1309 446 78.7106346525
1310 446 78.7106346525
1311 446 78.7106346525
1312 446 78.7106346525
1313 446 78.7106346525
1314 446 78.7106346525
1315 446 78.7106346525
1316 446 78.7106346525
1317 446 78.7106346525
1318 446 78.7106346525
1319 446 78.7106346525
1320 446 78.7106346525
1321 446 78.7106346525
1322 446 78.7106346525
1323 446 78.7106346525
1324 446 78.7106346525
1325 446 78.7106346525
1326 446 78.7106346525
1327 446 78.7106346525
1328 446 78.7106346525
1329 446 78.7106346525
1330 446 78.7106346525
1331 446 78.7106346525
1332 446 78.7106346525
1333 446 78.7106346525
1334 446 78.7106346525
1335 446 78.7106346525
1336 446 78.7106346525
1337 446 78.7106346525
1338 446 78.7106346525
1339 446 78.7106346525
1340 446 78.7106346525
1341 447 90.8053009849
1342 447 90.8053009849
1343 447 90.8053009849
1344 447 90.8053009849
1345 447 90.8053009849
1346 447 90.8053009849
1347 447 90.8053009849
1348 447 90.8053009849
1349 447 90.8053009849
1350 447 90.8053009849
1351 447 90.8053009849
1352 447 90.8053009849
1353 447 90.8053009849
1354 447 90.8053009849
1355 447 90.8053009849
1356 447 90.8053009849
1357 447 90.8053009849
1358 447 90.8053009849
1359 447 90.8053009849
1360 447 90.8053009849
1361 447 90.8053009849
1362 447 90.8053009849
1363 447 90.8053009849
1364 447 90.8053009849
1365 447 90.8053009849
1366 447 90.8053009849
1367 447 90.8053009849
1368 447 90.8053009849
1369 447 90.8053009849
1370 447 90.8053009849
1371 447 90.8053009849
1372 447 90.8053009849
1373 447 90.8053009849
1374 447 90.8053009849
1375 447 90.8053009849
1376 447 90.8053009849
1377 447 90.8053009849
1378 447 90.8053009849
1379 447 90.8053009849
1380 447 90.8053009849
1381 447 90.8053009849
1382 447 90.8053009849
1383 447 90.8053009849
1384 447 90.8053009849
1385 447 90.8053009849
1386 447 90.8053009849
1387 447 90.8053009849
1388 447 90.8053009849
1389 447 90.8053009849
1390 447 90.8053009849
1391 447 90.8053009849
1392 447 90.8053009849
1393 447 90.8053009849
1394 447 90.8053009849
1395 447 90.8053009849
1396 447 90.8053009849
1397 447 90.8053009849
1398 447 90.8053009849
1399 447 90.8053009849
1400 447 90.8053009849
1401 447 90.8053009849
1402 447 90.8053009849
1403 447 90.8053009849
1404 447 90.8053009849
1405 447 90.8053009849
1406 447 90.8053009849
1407 447 90.8053009849
1408 447 90.8053009849
1409 447 90.8053009849
1410 447 90.8053009849
1411 447 90.8053009849
1412 447 90.8053009849
1413 447 90.8053009849
1414 447 90.8053009849
1415 447 90.8053009849
1416 447 90.8053009849
1417 447 90.8053009849
1418 447 90.8053009849
1419 447 90.8053009849
1420 447 90.8053009849
1421 447 90.8053009849
1422 448 86.2664714903
1423 448 86.2664714903
1424 448 86.2664714903
1425 448 86.2664714903
1426 448 86.2664714903
1427 448 86.2664714903
1428 448 86.2664714903
1429 448 86.2664714903
1430 448 86.2664714903
1431 448 86.2664714903
1432 448 86.2664714903
1433 448 86.2664714903
1434 448 86.2664714903
1435 448 86.2664714903
1436 448 86.2664714903
1437 448 86.2664714903
1438 448 86.2664714903
1439 448 86.2664714903
1440 448 86.2664714903
1441 448 86.2664714903
1442 448 86.2664714903
1443 448 86.2664714903
1444 448 86.2664714903
1445 448 86.2664714903
1446 448 86.2664714903
1447 448 86.2664714903
1448 448 86.2664714903
1449 448 86.2664714903
1450 448 86.2664714903
1451 448 86.2664714903
1452 448 86.2664714903
1453 448 86.2664714903
1454 448 86.2664714903
1455 448 86.2664714903
1456 448 86.2664714903
1457 448 86.2664714903
1458 448 86.2664714903
1459 448 86.2664714903
1460 448 86.2664714903
1461 448 86.2664714903
1462 448 86.2664714903
1463 448 86.2664714903
1464 448 86.2664714903
1465 448 86.2664714903
1466 448 86.2664714903
1467 448 86.2664714903
1468 448 86.2664714903
1469 448 86.2664714903
1470 448 86.2664714903
1471 448 86.2664714903
1472 448 86.2664714903
1473 448 86.2664714903
1474 448 86.2664714903
1475 448 86.2664714903
1476 448 86.2664714903
1477 448 86.2664714903
1478 448 86.2664714903
1479 448 86.2664714903
1480 448 86.2664714903
1481 448 86.2664714903
1482 448 86.2664714903
1483 448 86.2664714903
1484 448 86.2664714903
1485 448 86.2664714903
1486 448 86.2664714903
1487 448 86.2664714903
1488 448 86.2664714903
1489 448 86.2664714903
1490 448 86.2664714903
1491 448 86.2664714903
1492 448 86.2664714903
1493 448 86.2664714903
1494 448 86.2664714903
1495 448 86.2664714903
1496 448 86.2664714903
1497 448 86.2664714903
1498 448 86.2664714903
1499 448 86.2664714903
1500 448 86.2664714903
1501 448 86.2664714903
1502 448 86.2664714903
1503 449 102.417345846
1504 449 102.417345846
1505 449 102.417345846
1506 449 102.417345846
1507 449 102.417345846
1508 449 102.417345846
1509 449 102.417345846
1510 449 102.417345846
1511 449 102.417345846
1512 449 102.417345846
1513 449 102.417345846
1514 449 102.417345846
1515 449 102.417345846
1516 449 102.417345846
1517 449 102.417345846
1518 449 102.417345846
1519 449 102.417345846
1520 449 102.417345846
1521 449 102.417345846
1522 449 102.417345846
1523 449 102.417345846
1524 449 102.417345846
1525 449 102.417345846
1526 449 102.417345846
1527 449 102.417345846
1528 449 102.417345846
1529 449 102.417345846
1530 449 102.417345846
1531 449 102.417345846
1532 449 102.417345846
1533 449 102.417345846
1534 449 102.417345846
1535 449 102.417345846
1536 449 102.417345846
1537 449 102.417345846
1538 449 102.417345846
1539 449 102.417345846
1540 449 102.417345846
1541 449 102.417345846
1542 449 102.417345846
1543 449 102.417345846
1544 449 102.417345846
1545 449 102.417345846
1546 449 102.417345846
1547 449 102.417345846
1548 449 102.417345846
1549 449 102.417345846
1550 449 102.417345846
1551 449 102.417345846
1552 449 102.417345846
1553 449 102.417345846
1554 449 102.417345846
1555 449 102.417345846
1556 449 102.417345846
1557 449 102.417345846
1558 449 102.417345846
1559 449 102.417345846
1560 449 102.417345846
1561 449 102.417345846
1562 449 102.417345846
1563 449 102.417345846
1564 449 102.417345846
1565 449 102.417345846
1566 449 102.417345846
1567 449 102.417345846
1568 449 102.417345846
1569 449 102.417345846
1570 449 102.417345846
1571 449 102.417345846
1572 449 102.417345846
1573 449 102.417345846
1574 449 102.417345846
1575 449 102.417345846
1576 449 102.417345846
1577 449 102.417345846
1578 449 102.417345846
1579 449 102.417345846
1580 449 102.417345846
1581 449 102.417345846
1582 449 102.417345846
1583 449 102.417345846
1584 450 87.7695816789
