1 0 73.4378206627
2 0 73.4378206627
3 0 73.4378206627
4 0 73.4378206627
5 0 73.4378206627
6 0 73.4378206627
7 0 73.4378206627
8 0 73.4378206627
9 0 73.4378206627
10 0 73.4378206627
11 0 73.4378206627
12 0 73.4378206627
13 0 73.4378206627
14 0 73.4378206627
15 0 73.4378206627
16 0 73.4378206627
17 0 73.4378206627
18 0 73.4378206627
19 0 73.4378206627
20 0 73.4378206627
21 0 73.4378206627
22 0 73.4378206627
23 0 73.4378206627
24 0 73.4378206627
25 0 73.4378206627
26 0 73.4378206627
27 0 73.4378206627
28 0 73.4378206627
29 0 73.4378206627
30 0 73.4378206627
31 0 73.4378206627
32 0 73.4378206627
33 0 73.4378206627
34 0 73.4378206627
35 0 73.4378206627
36 0 73.4378206627
37 0 73.4378206627
38 0 73.4378206627
39 0 73.4378206627
40 0 73.4378206627
41 0 73.4378206627
42 0 73.4378206627
43 0 73.4378206627
44 0 73.4378206627
45 1 59.589739278
46 2 61.0297842808
47 3 63.8847900268
48 4 65.1437134752
49 5 63.3822936867
50 6 65.3495185959
51 7 63.8055754632
52 8 65.4084544948
53 9 64.8303390956
54 10 62.4540162369
55 11 63.4185411448
56 12 62.4432224499
57 13 63.8750845144
58 14 64.9877066474
59 15 66.2352947664
60 16 67.7633348441
61 17 71.1614249857
62 18 71.5564654323
63 19 74.9048753671
64 20 74.4450797132
65 21 71.8322362343
66 22 69.5487125012
67 23 71.4820814313
68 24 69.0520536619
69 25 69.7226014373
70 26 67.7173595014
71 27 67.7287576454
72 28 66.8926433924
73 29 65.7876248003
74 30 68.7649180543
75 31 70.7886662455
76 32 71.9892557162
77 33 71.7385429029
78 34 72.2603072507
79 35 72.6657622082
80 36 72.249019427
81 37 72.3725964759
82 38 69.2217346271
83 39 70.699239332
84 40 73.5801758088
85 41 71.5014905617
86 42 74.4479355523
87 43 75.9643962917
88 44 74.6045647789
89 44 74.6045647789
90 44 74.6045647789
91 44 74.6045647789
92 44 74.6045647789
93 44 74.6045647789
94 44 74.6045647789
95 44 74.6045647789
96 44 74.6045647789
97 44 74.6045647789
98 44 74.6045647789
99 44 74.6045647789
100 44 74.6045647789
101 44 74.6045647789
102 44 74.6045647789
103 44 74.6045647789
104 44 74.6045647789
105 44 74.6045647789
106 44 74.6045647789
107 44 74.6045647789
108 44 74.6045647789
109 44 74.6045647789
110 44 74.6045647789
111 44 74.6045647789
112 44 74.6045647789
113 44 74.6045647789
114 44 74.6045647789
115 44 74.6045647789
116 44 74.6045647789
117 44 74.6045647789
118 44 74.6045647789
119 44 74.6045647789
120 44 74.6045647789
121 44 74.6045647789
122 44 74.6045647789
123 44 74.6045647789
124 45 75.7200018399
125 46 77.2242329899
126 47 76.1726449288
127 48 76.3200140804
128 49 76.0735628839
129 50 74.8520793195
130 51 75.1529995187
131 52 89.3191330078
132 52 89.3191330078
133 52 89.3191330078
134 52 89.3191330078
135 52 89.3191330078
136 52 89.3191330078
137 52 89.3191330078
138 52 89.3191330078
139 52 89.3191330078
140 52 89.3191330078
141 52 89.3191330078
142 52 89.3191330078
143 52 89.3191330078
144 52 89.3191330078
145 52 89.3191330078
146 52 89.3191330078
147 52 89.3191330078
148 52 89.3191330078
149 53 72.2063561069
150 54 69.9804121407
151 55 67.3112626009
152 56 67.91315585
153 57 64.7974060948
154 58 65.8714150838
155 59 68.1712078547
156 60 68.9197700099
157 61 71.7112350919
158 62 73.7283560889
159 63 75.2388646855
160 64 78.1432094851
161 65 78.4374925515
162 66 77.274282167
163 67 74.4525663864
164 68 72.7759599618
165 69 71.210448349
166 70 69.312108777
167 71 68.7160597927
168 72 65.5399611431
169 73 64.1119561095
170 74 64.3402785875
171 75 66.9614203484
172 76 68.4281905434
173 77 71.9662240262
174 78 71.1428798198
175 79 73.2352377047
176 80 72.9073522554
177 81 75.3741222572
178 82 76.5047009017
179 83 78.702864133
180 84 80.1385569471
181 85 79.5797864193
182 86 82.9873484451
183 87 84.5722129949
184 88 81.7292154097
185 89 82.2589456419
186 90 85.6998098639
187 91 86.9733124301
188 92 89.9621856313
189 93 88.1467584623
190 94 85.2709730401
191 95 83.3660827406
192 96 81.939495358
193 97 81.9421527778
194 98 79.5253126143
195 99 78.4679210593
196 100 76.8562407707
197 101 74.342164055
198 102 71.5858254922
199 103 69.3453195053
200 104 69.3083110134
201 105 66.6916781413
202 106 65.664174
203 107 65.6765382998
204 108 62.6354740809
205 109 63.2019663773
206 110 65.7784714967
207 111 65.5092416886
208 112 68.3931788172
209 113 68.743438709
210 114 69.5717769891
211 115 72.479624273
212 116 72.6163935204
213 117 73.2794529951
214 118 70.301082981
215 119 68.787932048
216 120 66.1134806231
217 121 63.524183983
218 122 63.6426996853
219 123 63.1897593429
220 124 60.3128479492
221 125 62.1706414377
222 126 63.0544607936
223 127 66.5198616464
224 128 68.3732038322
225 129 71.7341545068
226 130 74.0255403894
227 131 76.8882137386
228 132 78.6094729141
229 133 77.6105936256
230 134 74.7442042965
231 135 71.3742803928
232 136 68.3643538602
233 137 65.8436306185
234 138 62.344549284
235 139 60.5277590496
236 140 57.0538190732
237 141 55.939147768
238 142 55.1084400412
239 143 56.2554932057
240 144 58.3490786589
241 145 58.6010674417
242 146 57.9494944134
243 147 58.8033283345
244 148 60.369866845
245 149 60.6434213803
246 150 62.2798382847
247 151 60.6204667961
248 152 62.5377482462
249 153 61.939333578
250 154 62.9947098842
251 155 64.8791249246
252 156 64.6756457466
253 157 61.4453280986
254 158 60.4575485006
255 159 57.6209517736
256 160 57.3665785534
257 161 54.8914629171
258 162 54.5750356166
259 163 53.1393829455
260 164 51.8699890386
261 165 49.4765112191
262 166 50.40650776
263 167 52.4428982661
264 168 54.4655138505
265 169 56.1932862837
266 170 59.1121715184
267 171 61.6580789033
268 172 64.9970840673
269 173 66.1808259063
270 174 62.9568139935
271 175 62.5706013053
272 176 59.0957529732
273 177 48.4813359274
274 177 48.4813359274
275 177 48.4813359274
276 177 48.4813359274
277 177 48.4813359274
278 177 48.4813359274
279 177 48.4813359274
280 177 48.4813359274
281 177 48.4813359274
282 177 48.4813359274
283 177 48.4813359274
284 177 48.4813359274
285 178 56.6423615849
286 179 54.4572379998
287 180 52.3798771506
288 181 51.1807727898
289 182 48.855885695
290 183 46.5322625087
291 184 46.3876349938
292 185 43.6583343409
293 186 45.2505068157
294 187 45.3345634784
295 188 44.7686626588
296 189 42.777494941
297 190 41.6329905312
298 191 42.9869233252
299 192 43.8769315899
300 193 46.1491252607
301 194 48.9654710432
302 195 49.4722570302
303 196 49.6754371737
304 197 51.4850118485
305 198 53.572086499
306 199 54.8216761117
307 200 54.7333477652
308 201 56.0385756575
309 202 56.4982630653
310 203 56.2330830201
311 204 59.3560516209
312 205 58.2069170774
313 206 55.0118295713
314 207 53.7403638389
315 208 54.2884662659
316 209 52.6179216466
317 210 52.1590125288
318 211 51.5398099675
319 212 50.4428799028
320 213 50.0237413747
321 214 49.2583931556
322 215 48.7611726897
323 216 45.557502518
324 217 45.615939217
325 218 44.8188852484
326 219 46.869399003
327 220 46.4018182395
328 221 48.0289146614
329 222 48.2581509106
330 223 49.5023923988
331 224 51.1090577663
332 225 49.0186460645
333 226 49.6903542284
334 227 38.7163804935
335 227 38.7163804935
336 227 38.7163804935
337 227 38.7163804935
338 227 38.7163804935
339 227 38.7163804935
340 227 38.7163804935
341 227 38.7163804935
342 227 38.7163804935
343 227 38.7163804935
344 227 38.7163804935
345 227 38.7163804935
346 227 38.7163804935
347 227 38.7163804935
348 227 38.7163804935
349 227 38.7163804935
350 227 38.7163804935
351 227 38.7163804935
352 227 38.7163804935
353 227 38.7163804935
354 227 38.7163804935
355 227 38.7163804935
356 228 46.1744927961
357 229 44.2099781431
358 230 44.5721212305
359 231 45.1175596455
360 232 43.695877312
361 233 43.432357339
362 234 44.1023459224
363 235 42.5416974595
364 236 42.8264416769
365 237 45.2795840605
366 238 44.894690866
367 239 47.2395258469
368 240 49.5956077409
369 241 50.2049319815
370 242 53.6009294324
371 243 53.8548899772
372 244 52.6651047217
373 245 54.9603408875
374 246 55.1292105916
375 247 57.0147792217
376 248 59.5887873377
377 249 59.3404449262
378 250 56.6779835536
379 251 54.417033907
380 252 52.3179169042
381 253 49.1542732648
382 254 47.6551283971
383 255 49.139254936
384 256 52.3870848967
385 257 53.1685336844
386 258 51.7419959693
387 259 52.6199916239
388 260 50.9895476403
389 261 52.0873334478
390 262 49.6987913946
391 263 51.7610385542
392 264 49.9415563624
393 265 51.0026725748
394 266 48.4928332191
395 267 49.2483240269
396 268 49.486978122
397 269 51.0408113485
398 270 53.8697502461
399 271 54.4930989331
400 272 54.5611494104
401 273 54.5664404537
402 274 55.8373993534
403 275 57.6319585857
404 276 58.9697025814
405 277 59.2245804274
406 278 61.6986472223
407 279 61.9665042086
408 280 65.0118119075
409 281 66.0750376883
410 282 67.1373458344
411 283 66.8162980321
412 284 64.0261632841
413 285 63.1093217699
414 286 60.5139334761
415 287 61.4584850952
416 288 59.6186387517
417 289 60.6792352545
418 290 58.8982728387
419 291 59.2517289146
420 292 60.0260908611
421 293 61.6576416607
422 294 62.3259650876
423 295 62.1184598826
424 296 60.0000351496
425 297 59.5207437802
426 298 56.2931578242
427 299 63.4142848552
428 299 63.4142848552
429 299 63.4142848552
430 299 63.4142848552
431 299 63.4142848552
432 299 63.4142848552
433 299 63.4142848552
434 299 63.4142848552
435 299 63.4142848552
436 299 63.4142848552
437 299 63.4142848552
438 299 63.4142848552
439 299 63.4142848552
440 299 63.4142848552
441 299 63.4142848552
442 299 63.4142848552
443 299 63.4142848552
444 299 63.4142848552
445 299 63.4142848552
446 299 63.4142848552
447 299 63.4142848552
448 299 63.4142848552
449 299 63.4142848552
450 299 63.4142848552
451 299 63.4142848552
452 299 63.4142848552
453 299 63.4142848552
454 299 63.4142848552
455 299 63.4142848552
456 299 63.4142848552
457 299 63.4142848552
458 299 63.4142848552
459 299 63.4142848552
460 299 63.4142848552
461 299 63.4142848552
462 299 63.4142848552
463 299 63.4142848552
464 299 63.4142848552
465 299 63.4142848552
466 299 63.4142848552
467 299 63.4142848552
468 299 63.4142848552
469 299 63.4142848552
470 299 63.4142848552
471 299 63.4142848552
472 299 63.4142848552
473 299 63.4142848552
474 299 63.4142848552
475 299 63.4142848552
476 299 63.4142848552
477 299 63.4142848552
478 299 63.4142848552
479 299 63.4142848552
480 299 63.4142848552
481 299 63.4142848552
482 299 63.4142848552
483 299 63.4142848552
484 299 63.4142848552
485 299 63.4142848552
486 299 63.4142848552
487 299 63.4142848552
488 299 63.4142848552
489 299 63.4142848552
490 299 63.4142848552
491 300 57.3484200125
492 300 57.3484200125
493 300 57.3484200125
494 300 57.3484200125
495 300 57.3484200125
496 300 57.3484200125
497 300 57.3484200125
498 300 57.3484200125
499 300 57.3484200125
500 300 57.3484200125
501 300 57.3484200125
502 300 57.3484200125
503 300 57.3484200125
504 300 57.3484200125
505 300 57.3484200125
506 300 57.3484200125
507 300 57.3484200125
508 300 57.3484200125
509 300 57.3484200125
510 300 57.3484200125
511 300 57.3484200125
512 300 57.3484200125
513 300 57.3484200125
514 300 57.3484200125
515 300 57.3484200125
516 300 57.3484200125
517 300 57.3484200125
518 300 57.3484200125
519 300 57.3484200125
520 300 57.3484200125
521 300 57.3484200125
522 300 57.3484200125
523 300 57.3484200125
524 300 57.3484200125
525 300 57.3484200125
526 300 57.3484200125
527 300 57.3484200125
528 300 57.3484200125
529 300 57.3484200125
530 300 57.3484200125
531 300 57.3484200125
532 300 57.3484200125
533 300 57.3484200125
534 300 57.3484200125
535 300 57.3484200125
536 300 57.3484200125
537 300 57.3484200125
538 300 57.3484200125
539 300 57.3484200125
540 300 57.3484200125
541 300 57.3484200125
542 300 57.3484200125
543 300 57.3484200125
544 300 57.3484200125
545 300 57.3484200125
546 300 57.3484200125
547 300 57.3484200125
548 300 57.3484200125
549 300 57.3484200125
550 300 57.3484200125
551 300 57.3484200125
552 300 57.3484200125
553 300 57.3484200125
554 300 57.3484200125
555 300 57.3484200125
556 300 57.3484200125
557 300 57.3484200125
558 300 57.3484200125
559 300 57.3484200125
560 300 57.3484200125
561 300 57.3484200125
562 300 57.3484200125
563 300 57.3484200125
564 300 57.3484200125
565 300 57.3484200125
566 300 57.3484200125
567 300 57.3484200125
568 300 57.3484200125
569 300 57.3484200125
570 300 57.3484200125
571 300 57.3484200125
572 300 57.3484200125
573 300 57.3484200125
574 300 57.3484200125
575 301 57.8443339098
576 301 57.8443339098
577 301 57.8443339098
578 301 57.8443339098
579 301 57.8443339098
580 301 57.8443339098
581 301 57.8443339098
582 301 57.8443339098
583 301 57.8443339098
584 301 57.8443339098
585 301 57.8443339098
586 301 57.8443339098
587 301 57.8443339098
588 301 57.8443339098
589 301 57.8443339098
590 301 57.8443339098
591 301 57.8443339098
592 301 57.8443339098
593 301 57.8443339098
594 301 57.8443339098
595 301 57.8443339098
596 301 57.8443339098
597 301 57.8443339098
598 301 57.8443339098
599 301 57.8443339098
600 301 57.8443339098
601 301 57.8443339098
602 301 57.8443339098
603 301 57.8443339098
604 301 57.8443339098
605 301 57.8443339098
606 301 57.8443339098
607 301 57.8443339098
608 301 57.8443339098
609 301 57.8443339098
610 301 57.8443339098
611 301 57.8443339098
612 301 57.8443339098
613 301 57.8443339098
614 301 57.8443339098
615 301 57.8443339098
616 301 57.8443339098
617 301 57.8443339098
618 301 57.8443339098
619 301 57.8443339098
620 301 57.8443339098
621 301 57.8443339098
622 301 57.8443339098
623 301 57.8443339098
624 301 57.8443339098
625 301 57.8443339098
626 301 57.8443339098
627 301 57.8443339098
628 301 57.8443339098
629 301 57.8443339098
630 301 57.8443339098
631 301 57.8443339098
632 301 57.8443339098
633 301 57.8443339098
634 301 57.8443339098
635 301 57.8443339098
636 301 57.8443339098
637 301 57.8443339098
638 301 57.8443339098
639 301 57.8443339098
640 301 57.8443339098
641 301 57.8443339098
642 301 57.8443339098
643 301 57.8443339098
644 301 57.8443339098
645 301 57.8443339098
646 301 57.8443339098
647 301 57.8443339098
648 301 57.8443339098
649 301 57.8443339098
650 301 57.8443339098
651 301 57.8443339098
652 301 57.8443339098
653 301 57.8443339098
654 301 57.8443339098
655 301 57.8443339098
656 301 57.8443339098
657 301 57.8443339098
658 301 57.8443339098
659 302 48.3627626095
660 303 48.8160907388
661 304 51.4040781759
662 305 53.2708975506
663 306 53.48717642
664 307 54.4908129307
665 308 56.9597263698
666 309 58.3759630305
667 310 58.4066647841
668 311 60.0821049117
669 312 62.5891427991
670 313 63.4042229033
671 314 63.8123866125
672 315 65.6376875131
673 316 67.8227511364
674 317 67.3713328392
675 318 66.8157379679
676 319 67.4047124511
677 320 64.8729614042
678 321 62.451063335
679 322 62.6601651938
680 323 62.2608961319
681 324 59.3758602391
682 325 57.9241050798
683 326 58.658654249
684 327 58.071988462
685 328 54.6688772268
686 329 51.3190578559
687 330 52.6584667135
688 331 54.523213933
689 332 52.3070181868
690 333 52.9888285648
691 334 53.4052157038
692 335 54.8596720761
693 336 57.0646865352
694 337 57.8199621287
695 338 58.8025583825
696 339 60.6132088839
697 340 62.4006239479
698 341 62.8138085995
699 342 64.3782348249
700 343 66.604592553
701 344 67.0529737694
702 345 67.7646370078
703 346 71.0414664079
704 347 73.5534622734
705 348 74.0438634177
706 349 71.6000303883
707 350 72.6550167384
708 351 73.2077063011
709 352 72.3188517508
710 353 73.0858889537
711 354 72.7816627531
712 355 69.2366234733
713 356 68.9385979574
714 357 65.7632882449
715 358 64.2021012809
716 359 64.2013001849
717 360 64.1438915937
718 361 60.9514959594
719 362 59.9507340207
720 363 60.9278164378
721 364 58.869575227
722 365 55.636312302
723 366 56.7581367007
724 367 58.8951915635
725 368 57.7155636856
726 369 59.5654003976
727 370 61.5712230286
728 371 61.7771875887
729 372 62.6324009136
730 373 65.5568179383
731 374 66.5308921714
732 375 66.2798505752
733 376 68.6554047957
734 377 70.9048562509
735 378 70.672297144
736 379 70.9978406221
737 380 73.8825647174
738 381 73.2189046008
739 382 71.361173287
740 383 72.3449756733
741 384 70.6224179761
742 385 67.2880072984
743 386 67.8641785822
744 387 69.5977114663
745 388 67.012087449
746 389 63.9954538613
747 390 64.0189953062
748 391 62.8016526451
749 392 65.0273265027
750 393 66.6977427443
751 394 69.7946842345
752 395 71.4785539767
753 396 70.8084150458
754 397 71.2174108823
755 398 74.564564585
756 399 75.6844981715
757 400 74.4460244159
758 401 76.6502428902
759 402 79.6498452719
760 403 78.9320611731
761 404 78.2403776791
762 405 80.5859783279
763 406 83.4720885053
764 407 85.6574035593
765 408 83.9201420249
766 409 82.4736985178
767 410 80.8747429476
768 411 81.1905861562
769 412 79.4097529667
770 413 76.4686509618
771 414 76.751709452
772 415 76.7232705715
773 416 73.9196377309
774 417 72.1312197135
775 418 73.0280901176
776 419 71.4108699241
777 420 68.3404182465
778 421 68.6009054062
779 422 67.8891201432
780 423 64.8396286595
781 424 64.1456597746
782 425 65.4326286087
783 426 74.1323870595
784 426 74.1323870595
785 426 74.1323870595
786 426 74.1323870595
787 426 74.1323870595
788 426 74.1323870595
789 426 74.1323870595
790 426 74.1323870595
791 426 74.1323870595
792 426 74.1323870595
793 426 74.1323870595
794 426 74.1323870595
795 426 74.1323870595
796 426 74.1323870595
797 426 74.1323870595
798 426 74.1323870595
799 426 74.1323870595
800 426 74.1323870595
801 426 74.1323870595
802 426 74.1323870595
803 426 74.1323870595
804 426 74.1323870595
805 426 74.1323870595
806 426 74.1323870595
807 426 74.1323870595
808 426 74.1323870595
809 427 71.8715716919
810 428 70.2454161565
811 429 71.6259144112
812 430 71.9326153061
813 431 72.6333189662
814 432 75.6832586258
815 433 77.1561591781
816 434 76.5089276472
817 435 78.2429814865
818 436 80.836157187
819 437 81.6433389401
820 438 81.450089406
821 439 83.2235237667
822 440 83.8269976661
823 441 85.2975166268
824 442 87.3026451043
825 443 85.3710423383
826 444 82.1543524579
827 445 79.8537293746
828 446 76.5546591556
829 447 78.1605782912
830 448 79.557101802
831 449 76.465469327
832 450 74.5727193452
833 451 77.3045793823
834 452 77.8003428594
835 453 74.8239620153
836 454 86.9399901609
837 454 86.9399901609
838 454 86.9399901609
839 454 86.9399901609
840 454 86.9399901609
841 454 86.9399901609
842 454 86.9399901609
843 454 86.9399901609
844 454 86.9399901609
845 454 86.9399901609
846 454 86.9399901609
847 454 86.9399901609
848 454 86.9399901609
849 454 86.9399901609
850 454 86.9399901609
851 454 86.9399901609
852 454 86.9399901609
853 454 86.9399901609
854 454 86.9399901609
855 454 86.9399901609
856 454 86.9399901609
857 454 86.9399901609
858 454 86.9399901609
859 454 86.9399901609
860 454 86.9399901609
861 454 86.9399901609
862 454 86.9399901609
863 454 86.9399901609
864 454 86.9399901609
865 454 86.9399901609
866 454 86.9399901609
867 454 86.9399901609
868 454 86.9399901609
869 454 86.9399901609
870 454 86.9399901609
871 454 86.9399901609
872 454 86.9399901609
873 454 86.9399901609
874 454 86.9399901609
875 454 86.9399901609
876 454 86.9399901609
877 454 86.9399901609
878 454 86.9399901609
879 454 86.9399901609
880 454 86.9399901609
881 454 86.9399901609
882 454 86.9399901609
883 454 86.9399901609
884 454 86.9399901609
885 454 86.9399901609
886 454 86.9399901609
887 454 86.9399901609
888 454 86.9399901609
889 455 79.0675455832
890 455 79.0675455832
891 455 79.0675455832
892 455 79.0675455832
893 455 79.0675455832
894 455 79.0675455832
895 455 79.0675455832
896 455 79.0675455832
897 455 79.0675455832
898 455 79.0675455832
899 455 79.0675455832
900 455 79.0675455832
901 455 79.0675455832
902 455 79.0675455832
903 455 79.0675455832
904 455 79.0675455832
905 455 79.0675455832
906 455 79.0675455832
907 455 79.0675455832
908 455 79.0675455832
909 455 79.0675455832
910 455 79.0675455832
911 455 79.0675455832
912 455 79.0675455832
913 455 79.0675455832
914 455 79.0675455832
915 455 79.0675455832
916 455 79.0675455832
917 455 79.0675455832
918 455 79.0675455832
919 455 79.0675455832
920 455 79.0675455832
921 455 79.0675455832
922 455 79.0675455832
923 455 79.0675455832
924 455 79.0675455832
925 455 79.0675455832
926 455 79.0675455832
927 455 79.0675455832
928 455 79.0675455832
929 455 79.0675455832
930 455 79.0675455832
931 455 79.0675455832
932 455 79.0675455832
933 455 79.0675455832
934 455 79.0675455832
935 455 79.0675455832
936 455 79.0675455832
937 455 79.0675455832
938 455 79.0675455832
939 455 79.0675455832
940 455 79.0675455832
941 455 79.0675455832
942 456 82.7513391795
943 457 83.4676390093
944 458 82.933991846
945 459 84.3986367751
946 460 85.4479673816
947 461 84.8205129707
948 462 85.614456464
949 463 84.6787752606
950 464 84.9087008345
951 465 86.495764858
952 466 87.9483829058
953 467 87.5916160802
954 468 88.5561480006
955 469 89.5495511735
956 470 89.9816247781
957 471 90.1539424154
958 472 91.4276355724
959 473 92.5392253838
960 474 91.9531837703
961 475 91.4465157971
962 476 89.8041983565
963 477 90.3664822515
964 478 90.5577370936
965 478 90.5577370936
966 478 90.5577370936
967 478 90.5577370936
968 478 90.5577370936
969 478 90.5577370936
970 478 90.5577370936
971 478 90.5577370936
972 478 90.5577370936
973 478 90.5577370936
974 478 90.5577370936
975 478 90.5577370936
976 478 90.5577370936
977 478 90.5577370936
978 478 90.5577370936
979 478 90.5577370936
980 478 90.5577370936
981 478 90.5577370936
982 478 90.5577370936
983 478 90.5577370936
984 478 90.5577370936
985 478 90.5577370936
986 478 90.5577370936
987 478 90.5577370936
988 478 90.5577370936
989 478 90.5577370936
990 478 90.5577370936
991 478 90.5577370936
992 478 90.5577370936
993 478 90.5577370936
994 478 90.5577370936
995 478 90.5577370936
996 478 90.5577370936
997 478 90.5577370936
998 478 90.5577370936
999 478 90.5577370936
1000 479 89.9728595091
1001 480 88.5190711961
1002 481 87.0480584838
1003 482 85.2774633507
1004 483 84.4279578209
1005 484 82.7110186668
1006 485 81.5770216546
1007 486 80.038785319
1008 487 79.4449824632
1009 488 80.0110539907
1010 489 81.0152027577
1011 490 82.661084508
1012 491 83.9444134564
1013 492 85.7033490105
1014 493 86.3980849145
1015 494 87.6437811443
1016 495 86.4610728689
1017 496 85.2598411212
1018 497 86.5392011188
1019 498 86.9648842095
1020 499 85.224084951
1021 500 84.8538721051
1022 501 86.0593833333
1023 502 85.0677598485
1024 503 83.5223170183
1025 504 83.1249285169
1026 505 81.5631224356
1027 506 81.4190529008
1028 507 81.5658027894
1029 508 80.4522636259
1030 509 78.8238052205
1031 510 77.7923707417
1032 511 78.8830900724
1033 512 75.4414114052
1034 512 75.4414114052
1035 512 75.4414114052
1036 512 75.4414114052
1037 512 75.4414114052
1038 512 75.4414114052
