1 0 54.2921642715
2 1 55.5102487779
3 2 56.3201524595
4 3 59.2795684094
5 4 61.2005884489
6 5 61.25475264
7 6 64.2985679828
8 7 63.4061401278
9 8 64.5418871645
10 9 62.3068980975
11 10 59.031411423
12 11 57.7570431838
13 12 55.5405836114
14 13 54.6487900425
15 14 54.9477396458
16 15 54.4676636737
17 16 54.4998607399
18 17 56.247031127
19 18 54.8979908781
20 19 55.2539412636
21 20 54.1846160998
22 21 57.0417466883
23 22 58.4440635077
24 23 57.7001228741
25 24 58.955813306
26 25 58.9959154443
27 26 59.6628135177
28 27 60.168534701
29 28 61.292696846
30 29 64.3420664236
31 30 64.3776832832
32 31 64.6376248392
33 32 63.0766764704
34 33 63.1343708647
35 34 62.3126410555
36 35 61.4152070814
37 36 61.5368476311
38 37 59.5407877976
39 38 61.6340398768
40 39 60.5023515061
41 40 61.6541311169
42 41 61.0361797555
43 42 58.1868493173
44 43 59.4292135784
45 44 59.8357593482
46 45 63.0133551263
47 46 64.4661589488
48 47 65.6152260461
49 48 66.9494347123
50 49 66.7517928881
51 50 68.0182916715
52 51 67.9355232748
53 52 66.2131157916
54 53 65.2897159545
55 54 66.4494776179
56 55 63.67978269
57 56 61.2267826793
58 57 60.006779053
59 58 56.6944714127
60 59 55.5666644955
61 60 56.7046419577
62 61 55.9483696331
63 62 57.2296958796
64 63 57.5031499551
65 64 56.8306528914
66 65 59.1090613535
67 66 59.8797279905
68 67 61.4331920975
69 68 63.1153567082
70 69 62.9171764808
71 70 61.8846875271
72 71 60.5634159397
73 72 59.599841373
74 73 59.5258608395
75 74 58.278895875
76 75 59.6086660139
77 76 59.3511135178
78 77 62.0767277705
79 78 60.0895938986
80 79 61.1584168365
81 80 60.343142748
82 81 62.7657875022
83 82 62.9561799548
84 83 64.8254166971
85 84 65.8262277598
86 85 66.8365640658
87 86 69.9669361082
88 87 69.9739739759
89 88 73.2513660983
90 89 73.1562890706
91 90 72.8465263861
92 91 69.9606230603
93 92 70.0873709097
94 93 72.6886537838
95 94 71.0727372669
96 95 72.0471811654
97 96 69.8871374052
98 97 68.0136559794
99 98 69.3452415466
100 99 67.8538384355
101 100 67.1224510812
102 101 66.0357770742
103 102 64.6333902765
104 103 61.9927045356
105 104 62.2063560939
106 105 59.7825221135
107 106 57.9098529162
108 107 58.2954868956
109 108 56.8767596104
110 109 57.2879480957
111 110 55.8572786864
112 111 53.6427888501
113 112 52.928564053
114 113 54.1801745443
115 114 52.9271648179
116 115 54.2861480572
117 116 52.4429800666
118 117 51.6411359651
119 118 54.3924489784
120 119 53.2952749474
121 120 53.770728289
122 121 56.905257715
123 122 58.1237654235
124 123 55.9871933176
125 124 54.8793448857
126 125 53.1829241114
127 126 53.5708069849
128 127 52.0634868338
129 128 53.1954645949
130 129 53.0477248719
131 130 53.0805766846
132 131 50.0849602271
133 132 51.099118846
134 133 50.8631713063
135 134 53.424906025
136 135 53.9805546727
137 136 57.0979591679
138 137 58.351797684
139 138 61.1899503737
140 139 61.4357102864
141 140 64.1942564074
142 141 63.6235880862
143 142 66.8997365001
144 143 67.2824381287
145 144 65.540021257
146 145 66.4808540339
147 146 65.324431278
148 147 62.4960214633
149 148 60.9519118888
150 149 58.2026646722
151 150 55.668367888
152 151 53.1395516265
153 152 52.1293755521
154 153 49.0252691093
155 154 47.9657345594
156 155 46.0778873708
157 156 45.8191700089
158 157 45.8707932679
159 158 46.8113575958
160 159 48.6673733393
161 160 49.5724140888
162 161 52.8829422426
163 162 52.8458524733
164 163 51.5176921417
165 164 53.022658239
166 165 49.898408161
167 166 49.8160938357
168 167 48.7681160634
169 168 48.5272069704
170 169 47.9787077888
171 170 48.1560583657
172 171 47.1700452338
173 172 47.3911131374
174 173 45.3238898274
175 174 47.0043321499
176 175 45.64747742
177 176 47.9032088011
178 177 45.9714680637
179 178 44.3198416975
180 179 45.1381538155
181 180 46.9998869284
182 181 45.3476556997
183 182 45.6142355455
184 183 44.0230028983
185 184 45.1234521636
186 185 44.4040585142
187 186 45.4482427751
188 187 44.6745518473
189 188 41.424837169
190 189 40.7563827225
191 190 41.015012018
192 191 41.0472063736
193 192 41.6095481773
194 193 43.6687530803
195 194 44.024703279
196 195 46.4600912547
197 196 45.5006129249
198 197 46.7859725356
199 198 48.4099577483
200 199 50.0203370159
201 200 48.6827318617
202 201 46.8378533218
203 202 43.7270078994
204 203 41.4981209565
205 204 39.4049612469
206 205 37.5064451121
207 206 37.4015433963
208 207 36.6628078035
209 208 34.797656246
210 209 34.3070606086
211 210 37.3422451159
212 211 37.7660963229
213 212 41.0475284918
214 213 43.6713008708
215 214 43.3969391492
216 215 45.8143968875
217 216 45.3991295935
218 217 43.8814957056
219 218 44.3391922256
220 219 43.2428477357
221 220 42.5219325026
222 221 43.8650148242
223 222 41.624019064
224 223 42.7368583601
225 224 40.5644966712
226 225 38.3720658657
227 226 37.973487738
228 227 36.9893143767
229 228 38.6843430481
230 229 38.2310328291
231 230 39.8404943025
232 231 39.7118129836
233 232 40.6749636182
234 233 41.6797684803
235 234 41.2879985314
236 235 42.747876094
237 236 39.8799601278
238 237 39.8734050246
239 238 37.7586858557
240 239 38.0186176333
241 240 36.3222743155
242 241 35.9757128566
243 242 35.2508211272
244 243 34.5032464872
245 244 35.8187866806
246 245 35.2102954862
247 246 36.5211678763
248 247 34.983781729
249 248 20.0528131238
250 248 20.0528131238
251 248 20.0528131238
252 248 20.0528131238
253 248 20.0528131238
254 248 20.0528131238
255 248 20.0528131238
256 248 20.0528131238
257 248 20.0528131238
258 248 20.0528131238
259 249 23.2713897801
260 249 23.2713897801
261 249 23.2713897801
262 249 23.2713897801
263 249 23.2713897801
264 249 23.2713897801
265 249 23.2713897801
266 249 23.2713897801
267 249 23.2713897801
268 249 23.2713897801
269 250 30.9019979526
270 250 30.9019979526
271 250 30.9019979526
272 250 30.9019979526
273 250 30.9019979526
274 250 30.9019979526
275 250 30.9019979526
276 250 30.9019979526
277 250 30.9019979526
278 250 30.9019979526
279 251 30.9019979526
280 251 30.9019979526
281 251 30.9019979526
282 251 30.9019979526
283 251 30.9019979526
284 251 30.9019979526
285 251 30.9019979526
286 251 30.9019979526
287 251 30.9019979526
288 252 33.542380273
289 253 35.7984572549
290 254 36.3482193198
291 255 36.5688745254
292 256 36.0368064133
293 257 33.2210596828
294 258 33.0898461569
295 259 31.2312878013
296 260 31.7154344868
297 261 31.4287272691
298 262 32.179305201
299 263 33.3436610276
300 264 34.8094007716
301 265 36.3106014189
302 266 36.9455183786
303 267 40.0751969618
304 268 39.8765576413
305 269 42.3621794388
306 270 43.4829389994
307 271 43.1794198454
308 272 46.2042002427
309 273 46.1942351772
310 274 43.9968457544
311 275 45.0430184956
312 276 44.076260918
313 277 44.5299199374
314 278 46.594577034
315 279 44.0302904542
316 280 42.0664522681
317 281 40.2220886558
318 282 40.595782496
319 283 40.8355540928
320 284 42.50303276
321 285 42.5432163825
322 286 44.6450754191
323 287 44.9427705405
324 288 45.954396958
325 289 44.505219005
326 290 46.7418112599
327 291 44.4807101889
328 292 43.9433596345
329 293 40.8932084846
330 294 40.2185102446
331 295 37.5728807004
332 296 36.2430409367
333 297 33.9939634205
334 298 31.001665986
335 299 29.8551958442
336 300 28.0950363901
337 301 30.8304055878
338 302 30.3051916598
339 303 32.9329360014
340 304 33.0617023128
341 305 35.4913514245
342 306 36.3580928332
343 307 38.7032527747
344 308 40.6218922427
345 309 43.8414348698
346 310 45.8256341816
347 311 30.9019979526
348 311 30.9019979526
349 311 30.9019979526
