1 0 51.9456631855
2 1 52.0371738104
3 2 48.6134656974
4 3 46.0649520051
5 4 42.5561015105
6 5 41.0446470985
7 6 38.1389854255
8 7 38.6255217728
9 8 36.2998126149
10 9 37.0116422003
11 10 33.719669248
12 11 34.6011228591
13 12 32.6326125322
14 13 29.2561707253
15 14 28.6648000006
16 15 25.6099400689
17 16 26.0055304816
18 17 24.1448893305
19 18 23.7691545222
20 19 26.1023270044
21 20 28.4861377758
22 21 30.407005862
23 22 29.5155714217
24 23 29.6333668403
25 24 29.474656985
26 25 27.4407726363
27 26 27.5440860404
28 27 29.8477907898
29 28 29.9281923728
30 29 31.4659923106
31 30 31.4506527091
32 31 16.8987171736
33 31 16.8987171736
34 31 16.8987171736
35 31 16.8987171736
36 31 16.8987171736
37 31 16.8987171736
38 31 16.8987171736
39 31 16.8987171736
40 31 16.8987171736
41 31 16.8987171736
42 31 16.8987171736
43 31 16.8987171736
44 31 16.8987171736
45 31 16.8987171736
46 31 16.8987171736
47 31 16.8987171736
48 31 16.8987171736
49 31 16.8987171736
50 31 16.8987171736
51 31 16.8987171736
52 31 16.8987171736
53 31 16.8987171736
54 31 16.8987171736
55 31 16.8987171736
56 31 16.8987171736
57 31 16.8987171736
58 31 16.8987171736
59 31 16.8987171736
60 31 16.8987171736
61 31 16.8987171736
62 31 16.8987171736
63 31 16.8987171736
64 31 16.8987171736
65 31 16.8987171736
66 31 16.8987171736
67 31 16.8987171736
68 31 16.8987171736
69 31 16.8987171736
70 31 16.8987171736
71 31 16.8987171736
72 31 16.8987171736
73 31 16.8987171736
74 31 16.8987171736
75 31 16.8987171736
76 31 16.8987171736
77 31 16.8987171736
78 31 16.8987171736
79 31 16.8987171736
80 31 16.8987171736
81 31 16.8987171736
82 31 16.8987171736
83 31 16.8987171736
84 31 16.8987171736
85 31 16.8987171736
86 31 16.8987171736
87 31 16.8987171736
88 31 16.8987171736
89 31 16.8987171736
90 31 16.8987171736
91 31 16.8987171736
92 31 16.8987171736
93 31 16.8987171736
94 31 16.8987171736
95 31 16.8987171736
96 31 16.8987171736
97 31 16.8987171736
98 31 16.8987171736
99 31 16.8987171736
100 31 16.8987171736
101 31 16.8987171736
102 31 16.8987171736
103 31 16.8987171736
104 31 16.8987171736
105 31 16.8987171736
106 31 16.8987171736
107 31 16.8987171736
108 31 16.8987171736
109 31 16.8987171736
110 31 16.8987171736
111 31 16.8987171736
112 31 16.8987171736
113 31 16.8987171736
114 31 16.8987171736
115 31 16.8987171736
116 31 16.8987171736
117 31 16.8987171736
118 31 16.8987171736
119 31 16.8987171736
120 31 16.8987171736
121 31 16.8987171736
122 31 16.8987171736
123 31 16.8987171736
124 31 16.8987171736
125 31 16.8987171736
126 31 16.8987171736
127 31 16.8987171736
128 31 16.8987171736
129 32 10.157354091
130 32 10.157354091
131 32 10.157354091
132 32 10.157354091
133 32 10.157354091
134 32 10.157354091
135 32 10.157354091
136 32 10.157354091
137 32 10.157354091
138 32 10.157354091
139 32 10.157354091
140 32 10.157354091
141 32 10.157354091
142 32 10.157354091
143 32 10.157354091
144 32 10.157354091
145 32 10.157354091
146 32 10.157354091
147 32 10.157354091
148 32 10.157354091
149 32 10.157354091
150 32 10.157354091
151 32 10.157354091
152 32 10.157354091
153 32 10.157354091
154 32 10.157354091
155 32 10.157354091
156 32 10.157354091
157 32 10.157354091
158 32 10.157354091
159 32 10.157354091
160 32 10.157354091
161 32 10.157354091
162 32 10.157354091
163 32 10.157354091
164 32 10.157354091
165 32 10.157354091
166 32 10.157354091
167 32 10.157354091
168 32 10.157354091
169 32 10.157354091
170 32 10.157354091
171 32 10.157354091
172 32 10.157354091
173 32 10.157354091
174 32 10.157354091
175 32 10.157354091
176 32 10.157354091
177 32 10.157354091
178 32 10.157354091
179 32 10.157354091
180 32 10.157354091
181 32 10.157354091
182 32 10.157354091
183 32 10.157354091
184 32 10.157354091
185 32 10.157354091
186 32 10.157354091
187 32 10.157354091
188 32 10.157354091
189 32 10.157354091
190 32 10.157354091
191 32 10.157354091
192 32 10.157354091
193 32 10.157354091
194 32 10.157354091
195 32 10.157354091
196 32 10.157354091
197 32 10.157354091
198 32 10.157354091
199 32 10.157354091
200 32 10.157354091
201 32 10.157354091
202 32 10.157354091
203 32 10.157354091
204 32 10.157354091
205 32 10.157354091
206 32 10.157354091
207 32 10.157354091
208 32 10.157354091
209 32 10.157354091
210 32 10.157354091
211 32 10.157354091
212 32 10.157354091
213 32 10.157354091
214 32 10.157354091
215 32 10.157354091
216 32 10.157354091
217 32 10.157354091
218 32 10.157354091
219 32 10.157354091
220 32 10.157354091
221 32 10.157354091
222 32 10.157354091
223 32 10.157354091
224 32 10.157354091
225 32 10.157354091
226 33 13.35234919
227 33 13.35234919
228 33 13.35234919
229 33 13.35234919
230 33 13.35234919
231 33 13.35234919
232 33 13.35234919
233 33 13.35234919
234 33 13.35234919
235 33 13.35234919
236 33 13.35234919
237 33 13.35234919
238 33 13.35234919
239 33 13.35234919
240 33 13.35234919
241 33 13.35234919
242 33 13.35234919
243 33 13.35234919
244 33 13.35234919
245 33 13.35234919
246 33 13.35234919
247 33 13.35234919
248 33 13.35234919
249 33 13.35234919
250 33 13.35234919
251 33 13.35234919
252 33 13.35234919
253 33 13.35234919
254 33 13.35234919
255 33 13.35234919
256 33 13.35234919
257 33 13.35234919
258 33 13.35234919
259 33 13.35234919
260 33 13.35234919
261 33 13.35234919
262 33 13.35234919
263 33 13.35234919
264 33 13.35234919
265 33 13.35234919
266 33 13.35234919
267 33 13.35234919
268 33 13.35234919
269 33 13.35234919
270 33 13.35234919
271 33 13.35234919
272 33 13.35234919
273 33 13.35234919
274 33 13.35234919
275 33 13.35234919
276 33 13.35234919
277 33 13.35234919
278 33 13.35234919
279 33 13.35234919
280 33 13.35234919
281 33 13.35234919
282 33 13.35234919
283 33 13.35234919
284 33 13.35234919
285 33 13.35234919
286 33 13.35234919
287 33 13.35234919
288 33 13.35234919
289 33 13.35234919
290 33 13.35234919
291 33 13.35234919
292 33 13.35234919
293 33 13.35234919
294 33 13.35234919
295 33 13.35234919
296 33 13.35234919
297 33 13.35234919
298 33 13.35234919
299 33 13.35234919
300 33 13.35234919
301 33 13.35234919
302 33 13.35234919
303 33 13.35234919
304 33 13.35234919
305 33 13.35234919
306 33 13.35234919
307 33 13.35234919
308 33 13.35234919
309 33 13.35234919
310 33 13.35234919
311 33 13.35234919
312 33 13.35234919
313 33 13.35234919
314 33 13.35234919
315 33 13.35234919
316 33 13.35234919
317 33 13.35234919
318 33 13.35234919
319 33 13.35234919
320 33 13.35234919
321 33 13.35234919
322 34 18.1822222222
323 35 18.1028410584
324 36 16.8491519213
325 37 16.1867117183
326 38 16.0045186561
327 39 16.7673265828
328 40 16.7743345393
329 41 17.1369574686
330 42 18.4417510143
331 43 19.733101363
332 44 21.03412924
333 45 22.2273884491
334 46 23.6731118531
335 47 24.2828156415
336 48 23.3752413755
337 49 23.257086143
338 50 21.4112315728
339 51 21.0493182217
340 52 19.5247984434
341 53 18.086190047
342 54 17.489828402
343 55 16.9115546387
344 56 17.279769301
345 57 16.6437629579
346 58 16.822925262
347 59 16.4738537169
348 60 16.0260377123
349 61 16.8622841031
350 62 17.8888396279
351 63 19.3070464151
352 64 38.5666079792
353 64 38.5666079792
354 64 38.5666079792
355 64 38.5666079792
356 64 38.5666079792
357 64 38.5666079792
358 64 38.5666079792
359 64 38.5666079792
360 64 38.5666079792
361 64 38.5666079792
362 64 38.5666079792
363 64 38.5666079792
364 64 38.5666079792
365 64 38.5666079792
366 64 38.5666079792
367 64 38.5666079792
368 64 38.5666079792
369 64 38.5666079792
370 64 38.5666079792
371 64 38.5666079792
372 64 38.5666079792
373 64 38.5666079792
374 64 38.5666079792
375 64 38.5666079792
376 64 38.5666079792
377 64 38.5666079792
378 64 38.5666079792
379 64 38.5666079792
380 64 38.5666079792
381 64 38.5666079792
382 64 38.5666079792
383 64 38.5666079792
384 64 38.5666079792
385 64 38.5666079792
386 64 38.5666079792
387 64 38.5666079792
388 64 38.5666079792
389 64 38.5666079792
390 64 38.5666079792
391 64 38.5666079792
392 64 38.5666079792
393 64 38.5666079792
394 64 38.5666079792
395 64 38.5666079792
396 64 38.5666079792
397 64 38.5666079792
398 64 38.5666079792
399 64 38.5666079792
400 65 20.1201356999
401 66 19.8344188548
402 67 20.6047937242
403 68 21.6096236539
404 69 21.4025972754
405 70 19.9537309803
406 71 21.1583258502
407 72 22.2221022754
408 73 20.6231478228
409 74 20.6273013174
410 75 22.5158599856
411 76 22.656194516
412 77 23.3224076755
413 78 21.9488770223
414 79 21.957911999
415 80 22.1703338781
416 81 20.5531317496
417 82 19.0745570427
418 83 18.278593188
419 84 17.4351096247
420 85 18.0854204334
421 86 17.7656127378
422 87 18.8189445649
423 88 19.1204320373
424 89 20.3465138077
425 90 21.0281658365
426 91 19.6731353645
427 92 18.66216779
428 93 17.664448218
429 94 17.0200105214
430 95 16.6130104496
431 96 17.2182432059
432 97 17.2057827567
433 98 18.5249867602
434 99 19.6762164948
435 100 21.0116432043
436 101 22.8844723585
437 102 24.3666854347
438 103 25.3455617152
439 104 31.2308672751
440 104 31.2308672751
441 104 31.2308672751
442 104 31.2308672751
443 104 31.2308672751
444 104 31.2308672751
445 104 31.2308672751
446 104 31.2308672751
447 104 31.2308672751
448 104 31.2308672751
449 104 31.2308672751
450 104 31.2308672751
451 104 31.2308672751
452 104 31.2308672751
453 104 31.2308672751
454 104 31.2308672751
455 104 31.2308672751
456 104 31.2308672751
457 104 31.2308672751
458 104 31.2308672751
459 104 31.2308672751
460 104 31.2308672751
461 104 31.2308672751
462 104 31.2308672751
463 104 31.2308672751
464 104 31.2308672751
465 104 31.2308672751
466 104 31.2308672751
467 104 31.2308672751
468 104 31.2308672751
469 104 31.2308672751
470 104 31.2308672751
471 104 31.2308672751
472 104 31.2308672751
473 104 31.2308672751
474 104 31.2308672751
475 104 31.2308672751
476 104 31.2308672751
477 104 31.2308672751
478 104 31.2308672751
479 104 31.2308672751
480 104 31.2308672751
481 104 31.2308672751
482 104 31.2308672751
483 104 31.2308672751
484 104 31.2308672751
485 104 31.2308672751
486 104 31.2308672751
487 104 31.2308672751
488 104 31.2308672751
489 104 31.2308672751
490 104 31.2308672751
491 104 31.2308672751
492 104 31.2308672751
493 104 31.2308672751
494 104 31.2308672751
495 104 31.2308672751
496 104 31.2308672751
497 104 31.2308672751
498 104 31.2308672751
499 104 31.2308672751
500 104 31.2308672751
501 104 31.2308672751
502 104 31.2308672751
503 104 31.2308672751
504 104 31.2308672751
505 104 31.2308672751
506 104 31.2308672751
507 104 31.2308672751
508 104 31.2308672751
509 104 31.2308672751
510 104 31.2308672751
511 104 31.2308672751
512 104 31.2308672751
513 104 31.2308672751
514 104 31.2308672751
515 104 31.2308672751
516 104 31.2308672751
517 104 31.2308672751
518 104 31.2308672751
519 104 31.2308672751
520 104 31.2308672751
521 104 31.2308672751
522 104 31.2308672751
523 104 31.2308672751
524 104 31.2308672751
525 104 31.2308672751
526 104 31.2308672751
527 104 31.2308672751
528 104 31.2308672751
529 104 31.2308672751
530 104 31.2308672751
531 105 30.0043725737
532 106 31.7536734242
533 107 32.6713739083
534 108 33.6167735422
535 109 33.5931211656
536 110 35.8900743421
537 111 36.1777613183
538 112 39.5787170837
539 113 40.9814743142
540 114 43.3813387559
541 115 41.7644586486
542 116 42.7942561936
543 117 41.8701193456
544 118 38.7252511141
545 119 35.928156934
546 120 34.1119597009
547 121 36.299972421
548 122 35.5441426496
549 123 37.3265580208
550 124 39.1319308754
551 125 38.0510737049
552 126 34.6148083536
553 127 35.2607790518
554 128 36.1953563918
555 129 33.2406765855
556 130 31.3380042623
557 131 32.5956070251
558 132 32.0810455518
559 133 28.7765690264
560 134 27.9887153297
561 135 29.1047414837
562 136 27.3715603797
563 137 24.3066371249
564 138 24.7876769067
565 139 25.4032930324
566 140 22.4332669452
567 141 20.7528044277
568 142 19.2519646766
569 143 19.444214143
570 144 17.3440945403
571 145 19.2303254232
572 146 22.1792138365
573 147 21.1746559266
574 148 20.7381416953
575 149 23.8786902414
576 151 23.3543683228
577 152 22.8607330152
578 151 20.7625379017
579 151 20.7625379017
580 151 20.7625379017
581 151 20.7625379017
582 151 20.7625379017
583 151 20.7625379017
584 151 20.7625379017
585 151 20.7625379017
586 151 20.7625379017
587 151 20.7625379017
588 151 20.7625379017
589 151 20.7625379017
590 151 20.7625379017
591 151 20.7625379017
592 151 20.7625379017
593 151 20.7625379017
594 151 20.7625379017
595 151 20.7625379017
596 151 20.7625379017
597 151 20.7625379017
598 151 20.7625379017
599 151 20.7625379017
600 151 20.7625379017
601 151 20.7625379017
602 151 20.7625379017
603 151 20.7625379017
604 151 20.7625379017
605 151 20.7625379017
606 151 20.7625379017
607 151 20.7625379017
608 151 20.7625379017
609 151 20.7625379017
610 151 20.7625379017
611 151 20.7625379017
612 151 20.7625379017
613 151 20.7625379017
614 151 20.7625379017
615 151 20.7625379017
616 151 20.7625379017
617 151 20.7625379017
618 151 20.7625379017
619 151 20.7625379017
620 151 20.7625379017
621 151 20.7625379017
622 151 20.7625379017
623 151 20.7625379017
624 151 20.7625379017
625 151 20.7625379017
626 151 20.7625379017
627 151 20.7625379017
628 151 20.7625379017
629 151 20.7625379017
630 151 20.7625379017
631 151 20.7625379017
632 151 20.7625379017
633 151 20.7625379017
634 151 20.7625379017
635 151 20.7625379017
636 151 20.7625379017
637 151 20.7625379017
638 151 20.7625379017
639 151 20.7625379017
640 151 20.7625379017
641 151 20.7625379017
642 151 20.7625379017
643 151 20.7625379017
644 151 20.7625379017
645 151 20.7625379017
646 151 20.7625379017
647 151 20.7625379017
648 151 20.7625379017
649 151 20.7625379017
650 151 20.7625379017
651 151 20.7625379017
652 151 20.7625379017
653 151 20.7625379017
654 151 20.7625379017
655 151 20.7625379017
656 151 20.7625379017
657 151 20.7625379017
658 151 20.7625379017
659 151 20.7625379017
660 151 20.7625379017
661 151 20.7625379017
662 151 20.7625379017
663 151 20.7625379017
664 151 20.7625379017
665 151 20.7625379017
666 151 20.7625379017
667 151 20.7625379017
668 151 20.7625379017
669 153 20.2259723455
670 153 20.2259723455
671 153 20.2259723455
672 153 20.2259723455
673 153 20.2259723455
674 153 20.2259723455
675 153 20.2259723455
676 153 20.2259723455
677 153 20.2259723455
678 153 20.2259723455
679 153 20.2259723455
680 153 20.2259723455
681 153 20.2259723455
682 153 20.2259723455
683 153 20.2259723455
684 153 20.2259723455
685 153 20.2259723455
686 153 20.2259723455
687 153 20.2259723455
688 153 20.2259723455
689 153 20.2259723455
690 153 20.2259723455
691 153 20.2259723455
692 153 20.2259723455
693 153 20.2259723455
694 153 20.2259723455
695 153 20.2259723455
696 153 20.2259723455
697 153 20.2259723455
698 153 20.2259723455
699 153 20.2259723455
700 153 20.2259723455
701 153 20.2259723455
702 153 20.2259723455
703 153 20.2259723455
704 153 20.2259723455
705 153 20.2259723455
706 153 20.2259723455
707 153 20.2259723455
708 153 20.2259723455
709 153 20.2259723455
710 153 20.2259723455
711 153 20.2259723455
712 153 20.2259723455
713 153 20.2259723455
714 153 20.2259723455
715 153 20.2259723455
716 153 20.2259723455
717 153 20.2259723455
718 153 20.2259723455
719 153 20.2259723455
720 153 20.2259723455
721 153 20.2259723455
722 153 20.2259723455
723 153 20.2259723455
724 153 20.2259723455
725 153 20.2259723455
726 153 20.2259723455
727 153 20.2259723455
728 153 20.2259723455
729 153 20.2259723455
730 153 20.2259723455
731 153 20.2259723455
732 153 20.2259723455
733 153 20.2259723455
734 153 20.2259723455
735 153 20.2259723455
736 153 20.2259723455
737 153 20.2259723455
738 153 20.2259723455
739 153 20.2259723455
740 153 20.2259723455
741 153 20.2259723455
742 153 20.2259723455
743 153 20.2259723455
744 153 20.2259723455
745 153 20.2259723455
746 153 20.2259723455
747 153 20.2259723455
748 153 20.2259723455
749 153 20.2259723455
750 153 20.2259723455
751 153 20.2259723455
752 153 20.2259723455
753 153 20.2259723455
754 153 20.2259723455
755 153 20.2259723455
756 153 20.2259723455
757 153 20.2259723455
758 153 20.2259723455
759 153 20.2259723455
760 153 20.2259723455
761 153 20.2259723455
762 154 50.4314561482
763 154 50.4314561482
764 154 50.4314561482
765 154 50.4314561482
766 154 50.4314561482
767 154 50.4314561482
768 154 50.4314561482
769 154 50.4314561482
770 154 50.4314561482
771 154 50.4314561482
772 154 50.4314561482
773 154 50.4314561482
774 154 50.4314561482
775 154 50.4314561482
776 154 50.4314561482
777 154 50.4314561482
778 154 50.4314561482
779 154 50.4314561482
780 154 50.4314561482
781 154 50.4314561482
782 154 50.4314561482
783 154 50.4314561482
784 154 50.4314561482
785 154 50.4314561482
786 154 50.4314561482
787 154 50.4314561482
788 154 50.4314561482
789 154 50.4314561482
790 154 50.4314561482
791 154 50.4314561482
792 154 50.4314561482
793 154 50.4314561482
794 154 50.4314561482
795 154 50.4314561482
796 154 50.4314561482
797 154 50.4314561482
798 154 50.4314561482
799 154 50.4314561482
800 154 50.4314561482
801 154 50.4314561482
802 154 50.4314561482
803 154 50.4314561482
804 154 50.4314561482
805 154 50.4314561482
806 154 50.4314561482
807 154 50.4314561482
808 154 50.4314561482
809 154 50.4314561482
810 154 50.4314561482
811 154 50.4314561482
812 154 50.4314561482
813 154 50.4314561482
814 154 50.4314561482
815 154 50.4314561482
816 154 50.4314561482
817 154 50.4314561482
818 154 50.4314561482
819 154 50.4314561482
820 154 50.4314561482
821 154 50.4314561482
822 154 50.4314561482
823 154 50.4314561482
824 154 50.4314561482
825 154 50.4314561482
826 154 50.4314561482
827 154 50.4314561482
828 154 50.4314561482
829 154 50.4314561482
830 154 50.4314561482
831 154 50.4314561482
832 154 50.4314561482
833 154 50.4314561482
834 154 50.4314561482
835 154 50.4314561482
836 154 50.4314561482
837 154 50.4314561482
838 154 50.4314561482
839 154 50.4314561482
840 154 50.4314561482
841 154 50.4314561482
842 154 50.4314561482
843 154 50.4314561482
844 154 50.4314561482
845 154 50.4314561482
846 154 50.4314561482
847 154 50.4314561482
848 154 50.4314561482
849 154 50.4314561482
850 154 50.4314561482
851 154 50.4314561482
852 154 50.4314561482
853 154 50.4314561482
854 154 50.4314561482
855 155 47.9437070483
856 155 47.9437070483
857 155 47.9437070483
858 155 47.9437070483
859 155 47.9437070483
860 155 47.9437070483
861 155 47.9437070483
862 155 47.9437070483
863 155 47.9437070483
864 155 47.9437070483
865 155 47.9437070483
866 155 47.9437070483
867 155 47.9437070483
868 155 47.9437070483
869 155 47.9437070483
870 155 47.9437070483
871 155 47.9437070483
872 155 47.9437070483
873 155 47.9437070483
874 155 47.9437070483
875 155 47.9437070483
876 155 47.9437070483
877 155 47.9437070483
878 155 47.9437070483
879 155 47.9437070483
880 155 47.9437070483
881 155 47.9437070483
882 155 47.9437070483
883 155 47.9437070483
884 155 47.9437070483
885 155 47.9437070483
886 155 47.9437070483
887 155 47.9437070483
888 155 47.9437070483
889 155 47.9437070483
890 155 47.9437070483
891 155 47.9437070483
892 155 47.9437070483
893 155 47.9437070483
894 155 47.9437070483
895 155 47.9437070483
896 155 47.9437070483
897 155 47.9437070483
898 155 47.9437070483
899 155 47.9437070483
900 155 47.9437070483
901 155 47.9437070483
902 155 47.9437070483
903 155 47.9437070483
904 155 47.9437070483
905 155 47.9437070483
906 155 47.9437070483
907 155 47.9437070483
908 155 47.9437070483
909 155 47.9437070483
910 155 47.9437070483
911 155 47.9437070483
912 155 47.9437070483
913 155 47.9437070483
914 155 47.9437070483
915 155 47.9437070483
916 155 47.9437070483
917 155 47.9437070483
918 155 47.9437070483
919 155 47.9437070483
920 155 47.9437070483
921 155 47.9437070483
922 155 47.9437070483
923 155 47.9437070483
924 155 47.9437070483
925 155 47.9437070483
926 155 47.9437070483
927 155 47.9437070483
928 155 47.9437070483
929 155 47.9437070483
930 155 47.9437070483
931 155 47.9437070483
932 155 47.9437070483
933 155 47.9437070483
934 155 47.9437070483
935 155 47.9437070483
936 155 47.9437070483
937 155 47.9437070483
938 155 47.9437070483
939 155 47.9437070483
940 155 47.9437070483
941 155 47.9437070483
942 155 47.9437070483
943 155 47.9437070483
944 155 47.9437070483
945 155 47.9437070483
946 155 47.9437070483
947 155 47.9437070483
948 156 25.8974097027
949 156 25.8974097027
950 157 29.2282158339
951 158 26.8121983517
952 159 28.5358783651
953 160 26.8951014665
954 161 28.355603782
955 162 30.6099739461
956 163 33.5627545906
957 164 34.461279221
958 165 37.5446050417
959 166 37.8708548953
960 167 40.2508751357
961 168 39.1682796051
962 169 36.3773794136
963 170 35.9633798968
964 171 36.1383348231
965 172 34.2841982075
966 173 31.8121092969
967 174 31.1627021943
968 175 30.7748979167
969 176 29.0492172923
970 177 26.5688480104
971 178 26.4147999035
972 179 26.0947510051
973 180 23.9726123686
974 181 21.709026749
975 182 22.223226221
976 183 21.7817545921
977 184 25.0729102916
978 185 25.5709642121
979 186 28.2987628679
980 187 30.128877918
981 188 31.6735045003
982 189 34.6649685824
983 190 35.6691966502
984 191 36.8926046667
985 192 33.9089038188
986 193 32.5552875325
987 194 33.4945461949
988 195 33.8709979104
989 196 46.3642951569
990 196 46.3642951569
991 196 46.3642951569
992 196 46.3642951569
993 196 46.3642951569
994 196 46.3642951569
995 196 46.3642951569
996 196 46.3642951569
997 196 46.3642951569
998 196 46.3642951569
999 196 46.3642951569
1000 196 46.3642951569
1001 196 46.3642951569
1002 196 46.3642951569
1003 196 46.3642951569
1004 196 46.3642951569
1005 196 46.3642951569
1006 196 46.3642951569
1007 196 46.3642951569
1008 196 46.3642951569
1009 196 46.3642951569
1010 196 46.3642951569
1011 196 46.3642951569
1012 196 46.3642951569
1013 196 46.3642951569
1014 196 46.3642951569
1015 196 46.3642951569
1016 196 46.3642951569
1017 196 46.3642951569
1018 196 46.3642951569
1019 196 46.3642951569
1020 196 46.3642951569
1021 196 46.3642951569
1022 196 46.3642951569
1023 196 46.3642951569
1024 196 46.3642951569
1025 196 46.3642951569
1026 196 46.3642951569
1027 196 46.3642951569
1028 196 46.3642951569
1029 196 46.3642951569
1030 196 46.3642951569
1031 196 46.3642951569
1032 196 46.3642951569
1033 196 46.3642951569
1034 196 46.3642951569
1035 196 46.3642951569
1036 196 46.3642951569
1037 196 46.3642951569
1038 196 46.3642951569
1039 196 46.3642951569
1040 196 46.3642951569
1041 196 46.3642951569
1042 196 46.3642951569
1043 196 46.3642951569
1044 196 46.3642951569
1045 196 46.3642951569
1046 196 46.3642951569
1047 196 46.3642951569
1048 196 46.3642951569
1049 196 46.3642951569
1050 196 46.3642951569
1051 196 46.3642951569
1052 196 46.3642951569
1053 196 46.3642951569
1054 196 46.3642951569
1055 196 46.3642951569
1056 196 46.3642951569
1057 196 46.3642951569
1058 196 46.3642951569
1059 196 46.3642951569
1060 196 46.3642951569
1061 196 46.3642951569
1062 196 46.3642951569
1063 196 46.3642951569
1064 196 46.3642951569
1065 196 46.3642951569
1066 196 46.3642951569
1067 196 46.3642951569
1068 196 46.3642951569
1069 196 46.3642951569
1070 196 46.3642951569
1071 196 46.3642951569
1072 196 46.3642951569
1073 196 46.3642951569
1074 196 46.3642951569
1075 196 46.3642951569
1076 196 46.3642951569
1077 196 46.3642951569
1078 196 46.3642951569
1079 196 46.3642951569
1080 196 46.3642951569
1081 196 46.3642951569
1082 196 46.3642951569
1083 197 28.9495710006
1084 198 30.4894791327
1085 199 33.2713441046
1086 200 33.0001842939
1087 201 32.9353285098
1088 202 35.1731706872
1089 203 37.2652862077
1090 204 36.8758943521
1091 205 37.4867035268
1092 206 40.0828919242
1093 207 41.395670935
1094 208 41.6234216195
1095 209 44.4276361662
1096 210 44.4505137111
1097 211 44.6897145115
1098 212 42.2102798494
1099 213 40.2736764004
1100 214 40.9977861173
1101 215 40.6621037838
1102 216 37.9777172332
1103 217 35.6296528893
1104 218 33.4882483346
1105 219 35.8026326641
1106 220 37.3721939262
1107 221 35.446344012
1108 222 32.4586936742
1109 223 32.9929524536
1110 224 34.6131461169
1111 225 32.9101503723
1112 226 35.6473258246
1113 227 36.5572967772
1114 228 37.495879572
1115 229 40.5084120585
1116 230 41.498640644
1117 231 40.7362164562
1118 232 41.7518515547
1119 233 44.6041594896
1120 234 45.569585522
1121 235 44.7966181053
1122 236 46.038935506
1123 237 48.8046365257
1124 238 48.5566311778
1125 239 48.4156312236
1126 240 45.4832158222
1127 241 45.9572766279
1128 242 46.5168860595
1129 243 43.6880038583
1130 244 41.9177214408
1131 245 43.6252948252
1132 246 43.2307129354
1133 247 39.8829607672
1134 248 40.1407617
1135 249 41.9810429357
1136 250 40.1138600636
1137 251 37.357139177
1138 252 38.9112139687
1139 253 40.4377760732
1140 254 37.7823029763
1141 255 51.4805879225
1142 255 51.4805879225
1143 255 51.4805879225
1144 255 51.4805879225
1145 255 51.4805879225
1146 255 51.4805879225
