1 0 18.6112529897
2 0 18.6112529897
3 0 18.6112529897
4 0 18.6112529897
5 0 18.6112529897
6 0 18.6112529897
7 0 18.6112529897
8 0 18.6112529897
9 0 18.6112529897
10 0 18.6112529897
11 0 18.6112529897
12 0 18.6112529897
13 0 18.6112529897
14 0 18.6112529897
15 0 18.6112529897
16 0 18.6112529897
17 0 18.6112529897
18 0 18.6112529897
19 0 18.6112529897
20 0 18.6112529897
21 0 18.6112529897
22 0 18.6112529897
23 0 18.6112529897
24 0 18.6112529897
25 0 18.6112529897
26 0 18.6112529897
27 0 18.6112529897
28 0 18.6112529897
29 0 18.6112529897
30 0 18.6112529897
31 0 18.6112529897
32 0 18.6112529897
33 0 18.6112529897
34 0 18.6112529897
35 0 18.6112529897
36 0 18.6112529897
37 0 18.6112529897
38 0 18.6112529897
39 0 18.6112529897
40 0 18.6112529897
41 0 18.6112529897
42 0 18.6112529897
43 0 18.6112529897
44 0 18.6112529897
45 1 15.5858074073
46 2 13.0628224932
47 3 12.9192890837
48 4 10.4270614647
49 5 8.10694774504
50 6 6.5610326622
51 7 5.27612473439
52 8 7.49133696546
53 9 9.96354996347
54 10 11.8808917633
55 11 13.5014958921
56 12 16.5754938551
57 13 17.8652780967
58 14 17.3079486333
59 15 19.3365959926
60 16 19.6300267238
61 17 20.9097445167
62 18 23.5184260588
63 19 23.2329071167
64 20 20.1433294151
65 21 19.1783024158
66 22 16.4843649566
67 23 16.3400632993
68 24 16.2202118101
69 25 16.4280615736
70 26 15.0504742021
71 27 16.214425175
72 28 14.6750257363
73 29 15.9468055494
74 30 15.0478858364
75 31 16.9966854773
76 32 14.6080248232
77 33 15.0679556263
78 34 13.1212817168
79 35 14.0800481046
80 36 12.4358506205
81 37 13.8109258123
82 38 13.2939969937
83 39 14.634265779
84 40 13.1063886515
85 41 10.3539819951
86 42 9.89557818103
87 43 11.8390401889
88 44 19.1206787663
89 44 19.1206787663
90 44 19.1206787663
91 44 19.1206787663
92 44 19.1206787663
93 44 19.1206787663
94 44 19.1206787663
95 44 19.1206787663
96 44 19.1206787663
97 44 19.1206787663
98 44 19.1206787663
99 44 19.1206787663
100 44 19.1206787663
101 44 19.1206787663
102 44 19.1206787663
103 44 19.1206787663
104 44 19.1206787663
105 44 19.1206787663
106 44 19.1206787663
107 44 19.1206787663
108 44 19.1206787663
109 44 19.1206787663
110 44 19.1206787663
111 44 19.1206787663
112 44 19.1206787663
113 44 19.1206787663
114 44 19.1206787663
115 44 19.1206787663
116 44 19.1206787663
117 44 19.1206787663
118 44 19.1206787663
119 44 19.1206787663
120 44 19.1206787663
121 44 19.1206787663
122 44 19.1206787663
123 44 19.1206787663
124 45 9.95387836532
125 46 12.2768855164
126 47 12.0470736642
127 48 14.9527197436
128 49 15.9313137965
129 50 18.8422396342
130 51 19.3119398297
131 52 23.3808043331
132 52 23.3808043331
133 52 23.3808043331
134 52 23.3808043331
135 52 23.3808043331
136 52 23.3808043331
137 52 23.3808043331
138 52 23.3808043331
139 52 23.3808043331
140 52 23.3808043331
141 52 23.3808043331
142 52 23.3808043331
143 52 23.3808043331
144 52 23.3808043331
145 52 23.3808043331
146 52 23.3808043331
147 52 23.3808043331
148 52 23.3808043331
149 53 19.0628051641
150 54 20.4634154118
151 55 18.9783194791
152 56 19.675398763
153 57 20.4290877076
154 58 21.6324451472
155 59 20.8433968968
156 60 22.423380702
157 61 22.6799271169
158 62 25.4270453787
159 63 24.9274183269
160 64 26.9000826849
161 65 26.2766649473
162 66 23.2122187669
163 67 21.7840086664
164 68 23.4706146652
165 69 22.3907689354
166 70 23.7931863732
167 71 22.6145466245
168 72 22.7571181161
169 73 21.5994648788
170 74 23.3752496846
171 75 24.8418734637
172 76 25.0409801885
173 77 25.1999230744
174 78 28.0252207967
175 79 27.3707420734
176 80 26.5800716535
177 81 24.5184575059
178 82 23.8109055181
179 83 21.473888652
180 84 21.1635547026
181 85 18.3768934621
182 86 18.1312181461
183 87 18.5287590008
184 88 17.1954730616
185 89 19.9825347005
186 90 19.1916589698
187 91 21.8482277582
188 92 22.4709116307
189 93 24.946468556
190 94 24.3806431114
191 95 25.6256851766
192 96 23.7036795146
193 97 25.3238677751
194 98 27.2042859045
195 99 27.4197940876
196 100 29.8615636607
197 101 30.6426795211
198 102 31.178681906
199 103 32.090472522
200 104 32.5018528891
201 105 30.1420923435
202 106 27.0492235166
203 107 26.4928643867
204 108 25.0256539442
205 109 25.1372054055
206 110 26.1111187624
207 111 27.7505062255
208 112 28.8593641783
209 113 31.7755453338
210 114 31.9034188266
211 115 34.0405400215
212 116 34.6344849469
213 117 32.9627676961
214 118 32.7743562708
215 119 30.7518671472
216 120 29.474213736
217 121 30.0744334324
218 122 30.0875658135
219 123 32.3469635217
220 124 33.6061949322
221 125 34.3983194075
222 126 33.684378383
223 127 34.208250673
224 128 34.7649891089
225 129 33.8462591276
226 130 34.9084318858
227 131 33.2007450442
228 132 36.1071023893
229 133 37.7532145784
230 134 37.5799342902
231 135 38.2382098098
232 136 39.4095799965
233 137 37.9466242549
234 138 37.8628647571
235 139 38.5209035014
236 140 38.3234214509
237 141 35.3943162437
238 142 35.1282869261
239 143 32.2153773341
240 144 29.9143548096
241 145 29.5115901828
242 146 26.3492984523
243 147 26.573605856
244 148 28.8343208417
245 149 29.0999899765
246 150 31.5284358148
247 151 32.8888786864
248 152 32.3894487009
249 153 35.2503110669
250 154 36.8132181202
251 155 35.3999155957
252 156 38.0137348035
253 157 36.7890525027
254 158 33.8685744094
255 159 32.3450571295
256 160 31.1942036842
257 161 29.145845027
258 162 29.4210625132
259 163 28.6897491643
260 164 31.6331578236
261 165 30.114297032
262 166 31.9843523169
263 167 32.0380086575
264 168 34.7221853801
265 169 35.8623100804
266 170 37.6189194127
267 171 39.4142254428
268 172 39.7436005078
269 173 42.4225584714
270 174 42.9104938986
271 175 42.3349287569
272 176 41.8216844852
273 177 52.054199902
274 177 52.054199902
275 177 52.054199902
276 177 52.054199902
277 177 52.054199902
278 177 52.054199902
279 177 52.054199902
280 177 52.054199902
281 177 52.054199902
282 177 52.054199902
283 177 52.054199902
284 177 52.054199902
285 178 40.286831565
286 179 41.1904398271
287 180 38.8997970178
288 181 36.7395058602
289 182 34.5456909519
290 183 33.1715547791
291 184 29.9883918217
292 185 29.5224493341
293 186 26.9901839664
294 187 27.5559341771
295 188 30.6440664773
296 189 32.8089999349
297 190 33.1968218387
298 191 33.0453369694
299 192 30.056396055
300 193 28.1808865775
301 194 27.9141144699
302 195 25.1332832695
303 196 26.7760777133
304 197 26.5733303468
305 198 24.0238718452
306 199 24.3605989994
307 200 26.4546097807
308 201 26.5645576278
309 202 28.8736955292
310 203 28.6610790143
311 204 29.8330560057
312 205 31.80923295
313 206 32.3113755555
314 207 34.3602698996
315 208 33.6936844401
316 209 30.7058891371
317 210 29.4206124454
318 211 26.2795458043
319 212 25.5424844165
320 213 22.8173502332
321 214 22.6899348701
322 215 21.3055076583
323 216 22.047308154
324 217 19.3124833496
325 218 21.0774618775
326 219 22.1094566972
327 220 25.0534901813
328 221 26.7914460684
329 222 29.9709378634
330 223 32.7453333831
331 224 35.0156728686
332 225 36.8227388303
333 226 38.5114148017
334 227 19.9796666951
335 227 19.9796666951
336 227 19.9796666951
337 227 19.9796666951
338 227 19.9796666951
339 227 19.9796666951
340 227 19.9796666951
341 227 19.9796666951
342 227 19.9796666951
343 227 19.9796666951
344 227 19.9796666951
345 227 19.9796666951
346 227 19.9796666951
347 227 19.9796666951
348 227 19.9796666951
349 227 19.9796666951
350 227 19.9796666951
351 227 19.9796666951
352 227 19.9796666951
353 227 19.9796666951
354 227 19.9796666951
355 227 19.9796666951
356 228 34.6869735886
357 229 32.7601020825
358 230 29.630307831
359 231 28.7625300262
360 232 25.6922927896
361 233 23.3828550915
362 234 20.3637107047
363 235 18.2681744627
364 236 15.0499384287
365 237 14.8899221115
366 238 13.4463919199
367 239 15.619052314
368 240 17.8945954172
369 241 18.2611708156
370 242 18.6274108382
371 243 19.9938686278
372 244 21.0443987348
373 245 22.3495857279
374 246 23.9995599636
375 247 22.9183671099
376 248 25.4182630356
377 249 25.5512008365
378 250 23.2148568084
379 251 24.5075371662
380 252 21.5540557695
381 253 22.0213877274
382 254 22.995946501
383 255 21.0349436949
384 256 21.4881983113
385 257 19.1271809585
386 258 17.6852231608
387 259 15.4772495263
388 260 14.5792789308
389 261 14.0733057744
390 262 11.688974361
391 263 10.0379692662
392 264 10.5117791403
393 265 12.4155324467
394 266 13.9755463632
395 267 15.0236463733
396 268 18.0301483337
397 269 16.9646320024
398 270 15.2821825779
399 271 11.9859364242
400 272 9.55242055374
401 273 10.7509034109
402 274 13.3155286312
403 275 15.8895828913
404 276 17.263775733
405 277 17.7630907062
406 278 19.3868053684
407 279 20.9898967674
408 280 22.4823350498
409 281 25.407808832
410 282 26.2304351952
411 283 23.9197555557
412 284 22.3498979223
413 285 19.1133672347
414 286 17.1768084501
415 287 15.6727420985
416 288 14.439977945
417 289 13.3029177283
418 290 11.0830301642
419 291 10.6004226499
420 292 7.51954254332
421 293 8.00306514483
422 294 10.3330100453
423 295 12.1180581131
424 296 11.8234751413
425 297 14.5635041778
426 298 15.1481769383
427 299 21.7250915337
428 299 21.7250915337
429 299 21.7250915337
430 299 21.7250915337
431 299 21.7250915337
432 299 21.7250915337
433 299 21.7250915337
434 299 21.7250915337
435 299 21.7250915337
436 299 21.7250915337
437 299 21.7250915337
438 299 21.7250915337
439 299 21.7250915337
440 299 21.7250915337
441 299 21.7250915337
442 299 21.7250915337
443 299 21.7250915337
444 299 21.7250915337
445 299 21.7250915337
446 299 21.7250915337
447 299 21.7250915337
448 299 21.7250915337
449 299 21.7250915337
450 299 21.7250915337
451 299 21.7250915337
452 299 21.7250915337
453 299 21.7250915337
454 299 21.7250915337
455 299 21.7250915337
456 299 21.7250915337
457 299 21.7250915337
458 299 21.7250915337
459 299 21.7250915337
460 299 21.7250915337
461 299 21.7250915337
462 299 21.7250915337
463 299 21.7250915337
464 299 21.7250915337
465 299 21.7250915337
466 299 21.7250915337
467 299 21.7250915337
468 299 21.7250915337
469 299 21.7250915337
470 299 21.7250915337
471 299 21.7250915337
472 299 21.7250915337
473 299 21.7250915337
474 299 21.7250915337
475 299 21.7250915337
476 299 21.7250915337
477 299 21.7250915337
478 299 21.7250915337
479 299 21.7250915337
480 299 21.7250915337
481 299 21.7250915337
482 299 21.7250915337
483 299 21.7250915337
484 299 21.7250915337
485 299 21.7250915337
486 299 21.7250915337
487 299 21.7250915337
488 299 21.7250915337
489 299 21.7250915337
490 299 21.7250915337
491 300 24.4228539465
492 300 24.4228539465
493 300 24.4228539465
494 300 24.4228539465
495 300 24.4228539465
496 300 24.4228539465
497 300 24.4228539465
498 300 24.4228539465
499 300 24.4228539465
500 300 24.4228539465
501 300 24.4228539465
502 300 24.4228539465
503 300 24.4228539465
504 300 24.4228539465
505 300 24.4228539465
506 300 24.4228539465
507 300 24.4228539465
508 300 24.4228539465
509 300 24.4228539465
510 300 24.4228539465
511 300 24.4228539465
512 300 24.4228539465
513 300 24.4228539465
514 300 24.4228539465
515 300 24.4228539465
516 300 24.4228539465
517 300 24.4228539465
518 300 24.4228539465
519 300 24.4228539465
520 300 24.4228539465
521 300 24.4228539465
522 300 24.4228539465
523 300 24.4228539465
524 300 24.4228539465
525 300 24.4228539465
526 300 24.4228539465
527 300 24.4228539465
528 300 24.4228539465
529 300 24.4228539465
530 300 24.4228539465
531 300 24.4228539465
532 300 24.4228539465
533 300 24.4228539465
534 300 24.4228539465
535 300 24.4228539465
536 300 24.4228539465
537 300 24.4228539465
538 300 24.4228539465
539 300 24.4228539465
540 300 24.4228539465
541 300 24.4228539465
542 300 24.4228539465
543 300 24.4228539465
544 300 24.4228539465
545 300 24.4228539465
546 300 24.4228539465
547 300 24.4228539465
548 300 24.4228539465
549 300 24.4228539465
550 300 24.4228539465
551 300 24.4228539465
552 300 24.4228539465
553 300 24.4228539465
554 300 24.4228539465
555 300 24.4228539465
556 300 24.4228539465
557 300 24.4228539465
558 300 24.4228539465
559 300 24.4228539465
560 300 24.4228539465
561 300 24.4228539465
562 300 24.4228539465
563 300 24.4228539465
564 300 24.4228539465
565 300 24.4228539465
566 300 24.4228539465
567 300 24.4228539465
568 300 24.4228539465
569 300 24.4228539465
570 300 24.4228539465
571 300 24.4228539465
572 300 24.4228539465
573 300 24.4228539465
574 300 24.4228539465
575 301 20.4002011863
576 301 20.4002011863
577 301 20.4002011863
578 301 20.4002011863
579 301 20.4002011863
580 301 20.4002011863
581 301 20.4002011863
582 301 20.4002011863
583 301 20.4002011863
584 301 20.4002011863
585 301 20.4002011863
586 301 20.4002011863
587 301 20.4002011863
588 301 20.4002011863
589 301 20.4002011863
590 301 20.4002011863
591 301 20.4002011863
592 301 20.4002011863
593 301 20.4002011863
594 301 20.4002011863
595 301 20.4002011863
596 301 20.4002011863
597 301 20.4002011863
598 301 20.4002011863
599 301 20.4002011863
600 301 20.4002011863
601 301 20.4002011863
602 301 20.4002011863
603 301 20.4002011863
604 301 20.4002011863
605 301 20.4002011863
606 301 20.4002011863
607 301 20.4002011863
608 301 20.4002011863
609 301 20.4002011863
610 301 20.4002011863
611 301 20.4002011863
612 301 20.4002011863
613 301 20.4002011863
614 301 20.4002011863
615 301 20.4002011863
616 301 20.4002011863
617 301 20.4002011863
618 301 20.4002011863
619 301 20.4002011863
620 301 20.4002011863
621 301 20.4002011863
622 301 20.4002011863
623 301 20.4002011863
624 301 20.4002011863
625 301 20.4002011863
626 301 20.4002011863
627 301 20.4002011863
628 301 20.4002011863
629 301 20.4002011863
630 301 20.4002011863
631 301 20.4002011863
632 301 20.4002011863
633 301 20.4002011863
634 301 20.4002011863
635 301 20.4002011863
636 301 20.4002011863
637 301 20.4002011863
638 301 20.4002011863
639 301 20.4002011863
640 301 20.4002011863
641 301 20.4002011863
642 301 20.4002011863
643 301 20.4002011863
644 301 20.4002011863
645 301 20.4002011863
646 301 20.4002011863
647 301 20.4002011863
648 301 20.4002011863
649 301 20.4002011863
650 301 20.4002011863
651 301 20.4002011863
652 301 20.4002011863
653 301 20.4002011863
654 301 20.4002011863
655 301 20.4002011863
656 301 20.4002011863
657 301 20.4002011863
658 301 20.4002011863
659 302 38.7489281039
660 303 37.8561025099
661 304 36.6102716725
662 305 34.104416747
663 306 34.3930249217
664 307 35.2571895342
665 308 33.0294745531
666 309 31.4975561815
667 310 33.1220483063
668 311 32.8510943344
669 312 30.3586896281
670 313 30.6497008153
671 314 32.3957527438
672 315 30.8290205524
673 316 29.4657038828
674 317 27.9333382538
675 318 27.4475502693
676 319 25.9850480468
677 320 27.1605346916
678 321 28.3909202807
679 322 27.0922966324
680 323 27.0563264764
681 324 29.1094288831
682 325 29.265712749
683 326 27.8693089233
684 327 28.7161388905
685 328 30.8605764476
686 329 32.5295971485
687 330 32.2488397309
688 331 30.0985462852
689 332 30.7391545646
690 333 29.6030068906
691 334 30.7442776503
692 335 30.488888861
693 336 28.3082769399
694 337 28.409914711
695 338 29.3465049671
696 339 27.6723869753
697 340 26.5470266712
698 341 28.0222768255
699 342 27.8219688811
700 343 26.0937827217
701 344 26.9124474038
702 345 28.2669309641
703 346 27.1744274614
704 347 28.7151972909
705 348 29.7530625969
706 349 28.2074299009
707 350 26.358141058
708 351 25.4373583588
709 352 24.4576586656
710 353 23.8130865331
711 354 23.4739484986
712 355 23.9644431367
713 356 23.6058667274
714 357 24.2882550549
715 358 24.6923705773
716 359 24.2121020279
717 360 24.1123715133
718 361 25.2840110821
719 362 25.2333659749
720 363 24.4216817655
721 364 25.4748174365
722 365 26.46974369
723 366 25.6106122516
724 367 24.4686005317
725 368 24.4287753219
726 369 23.7045097215
727 370 23.8290446599
728 371 23.8685994877
729 372 23.4805537808
730 373 23.3789575061
731 374 23.6070782371
732 375 23.3643649132
733 376 23.5017328012
734 377 23.8696046926
735 378 23.6878538912
736 379 23.5142306582
737 380 24.2219953775
738 381 24.4588341721
739 382 24.1715555624
740 383 25.1425462948
741 384 25.4786332368
742 385 24.5026896856
743 386 24.3295833311
744 387 25.5966062862
745 388 25.8900571348
746 389 24.7884129284
747 390 24.1050849594
748 391 24.5331644767
749 392 24.5628846992
750 393 24.2794214917
751 394 25.5454825289
752 395 25.8873412629
753 396 25.0812978891
754 397 25.3294488921
755 398 26.9188773292
756 399 26.8866127653
757 400 25.7812974811
758 401 27.0349884405
759 402 28.4735696818
760 403 27.4580519894
761 404 26.5731480109
762 405 28.0820350417
763 406 29.6251965187
764 407 31.0993190573
765 408 30.6557899391
766 409 31.1885609974
767 410 30.0359980684
768 411 31.6112779139
769 412 31.1414857895
770 413 28.853308177
771 414 29.2940462581
772 415 30.8167969574
773 416 29.4085552108
774 417 27.8440648705
775 418 29.2382533602
776 419 29.9383829671
777 420 27.9636769975
778 421 27.6756702917
779 422 29.0904854207
780 423 28.1582184055
781 424 26.5031985833
782 425 26.5318344017
783 426 32.9017064598
784 426 32.9017064598
785 426 32.9017064598
786 426 32.9017064598
787 426 32.9017064598
788 426 32.9017064598
789 426 32.9017064598
790 426 32.9017064598
791 426 32.9017064598
792 426 32.9017064598
793 426 32.9017064598
794 426 32.9017064598
795 426 32.9017064598
796 426 32.9017064598
797 426 32.9017064598
798 426 32.9017064598
799 426 32.9017064598
800 426 32.9017064598
801 426 32.9017064598
802 426 32.9017064598
803 426 32.9017064598
804 426 32.9017064598
805 426 32.9017064598
806 426 32.9017064598
807 426 32.9017064598
808 426 32.9017064598
809 427 31.1534770885
810 428 29.5781532688
811 429 29.3613658116
812 430 28.4021781206
813 431 29.4161708268
814 432 31.5504598048
815 433 31.1364874493
816 434 30.1236363034
817 435 32.1967535861
818 436 33.6489897109
819 437 32.8040775522
820 438 32.8928719615
821 439 35.3578738956
822 440 36.5410711979
823 441 39.0732269749
824 442 40.3766714933
825 443 40.0308772313
826 444 38.9978658909
827 445 36.2181524338
828 446 34.375974421
829 447 35.0488460987
830 448 37.6552161962
831 449 36.7719835238
832 450 35.1276471682
833 451 37.5761662015
834 452 37.9580110396
835 453 36.900711896
836 454 51.4103496597
837 454 51.4103496597
838 454 51.4103496597
839 454 51.4103496597
840 454 51.4103496597
841 454 51.4103496597
842 454 51.4103496597
843 454 51.4103496597
844 454 51.4103496597
845 454 51.4103496597
846 454 51.4103496597
847 454 51.4103496597
848 454 51.4103496597
849 454 51.4103496597
850 454 51.4103496597
851 454 51.4103496597
852 454 51.4103496597
853 454 51.4103496597
854 454 51.4103496597
855 454 51.4103496597
856 454 51.4103496597
857 454 51.4103496597
858 454 51.4103496597
859 454 51.4103496597
860 454 51.4103496597
861 454 51.4103496597
862 454 51.4103496597
863 454 51.4103496597
864 454 51.4103496597
865 454 51.4103496597
866 454 51.4103496597
867 454 51.4103496597
868 454 51.4103496597
869 454 51.4103496597
870 454 51.4103496597
871 454 51.4103496597
872 454 51.4103496597
873 454 51.4103496597
874 454 51.4103496597
875 454 51.4103496597
876 454 51.4103496597
877 454 51.4103496597
878 454 51.4103496597
879 454 51.4103496597
880 454 51.4103496597
881 454 51.4103496597
882 454 51.4103496597
883 454 51.4103496597
884 454 51.4103496597
885 454 51.4103496597
886 454 51.4103496597
887 454 51.4103496597
888 454 51.4103496597
889 455 69.6835825027
890 455 69.6835825027
891 455 69.6835825027
892 455 69.6835825027
893 455 69.6835825027
894 455 69.6835825027
895 455 69.6835825027
896 455 69.6835825027
897 455 69.6835825027
898 455 69.6835825027
899 455 69.6835825027
900 455 69.6835825027
901 455 69.6835825027
902 455 69.6835825027
903 455 69.6835825027
904 455 69.6835825027
905 455 69.6835825027
906 455 69.6835825027
907 455 69.6835825027
908 455 69.6835825027
909 455 69.6835825027
910 455 69.6835825027
911 455 69.6835825027
912 455 69.6835825027
913 455 69.6835825027
914 455 69.6835825027
915 455 69.6835825027
916 455 69.6835825027
917 455 69.6835825027
918 455 69.6835825027
919 455 69.6835825027
920 455 69.6835825027
921 455 69.6835825027
922 455 69.6835825027
923 455 69.6835825027
924 455 69.6835825027
925 455 69.6835825027
926 455 69.6835825027
927 455 69.6835825027
928 455 69.6835825027
929 455 69.6835825027
930 455 69.6835825027
931 455 69.6835825027
932 455 69.6835825027
933 455 69.6835825027
934 455 69.6835825027
935 455 69.6835825027
936 455 69.6835825027
937 455 69.6835825027
938 455 69.6835825027
939 455 69.6835825027
940 455 69.6835825027
941 455 69.6835825027
942 456 80.1822761984
943 457 81.6064248074
944 458 80.3955614212
945 459 83.3779993776
946 460 85.7743315444
947 461 84.5910819235
948 462 86.2290464171
949 463 84.3154736182
950 464 84.9770731372
951 465 88.3347010757
952 466 91.242136934
953 467 90.3427005731
954 468 92.3384463481
955 469 94.2802811276
956 470 95.2322607484
957 471 95.6609968061
958 472 98.2283644212
959 473 100.447818458
960 474 99.399115607
961 475 98.4874209295
962 476 95.2252454994
963 477 96.7346738297
964 478 96.5443206203
965 478 96.5443206203
966 478 96.5443206203
967 478 96.5443206203
968 478 96.5443206203
969 478 96.5443206203
970 478 96.5443206203
971 478 96.5443206203
972 478 96.5443206203
973 478 96.5443206203
974 478 96.5443206203
975 478 96.5443206203
976 478 96.5443206203
977 478 96.5443206203
978 478 96.5443206203
979 478 96.5443206203
980 478 96.5443206203
981 478 96.5443206203
982 478 96.5443206203
983 478 96.5443206203
984 478 96.5443206203
985 478 96.5443206203
986 478 96.5443206203
987 478 96.5443206203
988 478 96.5443206203
989 478 96.5443206203
990 478 96.5443206203
991 478 96.5443206203
992 478 96.5443206203
993 478 96.5443206203
994 478 96.5443206203
995 478 96.5443206203
996 478 96.5443206203
997 478 96.5443206203
998 478 96.5443206203
999 478 96.5443206203
1000 479 95.5373223227
1001 480 92.5334281874
1002 481 89.7509381845
1003 482 86.0244372795
1004 483 84.0992138767
1005 484 80.5922365983
1006 485 77.8355169082
1007 486 74.6552447923
1008 487 73.0645846308
1009 488 74.7580122195
1010 489 76.6084330511
1011 490 80.253438288
1012 491 82.7063609168
1013 492 86.3781154238
1014 493 87.7776063507
1015 494 90.1274529692
1016 495 87.5490376197
1017 496 84.8755181039
1018 497 87.2695757605
1019 498 88.0555368447
1020 499 84.4141182699
1021 500 83.2379403077
1022 501 85.3935429408
1023 502 83.4495065543
1024 503 80.1818565988
1025 504 79.3731523294
1026 505 76.3023851128
1027 506 76.5245212876
1028 507 76.9943655934
1029 508 74.839881274
1030 509 71.2862702207
1031 510 68.9636101794
1032 511 71.1154338048
1033 512 67.1223972582
1034 512 67.1223972582
1035 512 67.1223972582
1036 512 67.1223972582
1037 512 67.1223972582
1038 512 67.1223972582
