1 0 53.5045631803
2 1 55.3524294914
3 2 56.5590789113
4 3 59.4160298129
5 4 61.8196724228
6 5 61.9605103491
7 6 65.2399283575
8 7 65.3231416708
9 8 67.2843369813
10 9 65.9767940719
11 10 62.7876669459
12 11 60.7657581914
13 12 59.1801792053
14 13 57.1740585724
15 14 56.0177706932
16 15 54.4884186308
17 16 52.9840077862
18 17 53.3693287082
19 18 50.79286472
20 19 50.4125141548
21 20 50.8120919878
22 21 53.3426799736
23 22 55.6093803443
24 23 56.3011035969
25 24 58.4733698113
26 25 59.8051050196
27 26 61.7191291596
28 27 63.2816999514
29 28 65.6122795538
30 29 67.9111052996
31 30 67.7846783763
32 31 66.6021979425
33 32 64.0083960526
34 33 63.0838629631
35 34 61.0339926765
36 35 59.6756141824
37 36 58.6203239024
38 37 56.4373787495
39 38 58.0124123243
40 39 56.0446940385
41 40 57.7084203148
42 41 58.2538595642
43 42 55.569721057
44 43 57.4776232956
45 44 58.0647970718
46 45 61.1726542974
47 46 62.9543333973
48 47 63.2083385558
49 48 65.3270534789
50 49 66.4265857351
51 50 68.3782340919
52 51 69.6505757021
53 52 68.2396067123
54 53 68.9781605066
55 54 71.4827790786
56 55 69.3761726152
57 56 66.4555772247
58 57 64.1108704741
59 58 61.2461583257
60 59 59.0788303809
61 60 58.4442695785
62 61 56.2554202927
63 62 55.6254069266
64 63 54.8411225635
65 64 52.3847357016
66 65 53.1473919292
67 66 52.5691563091
68 67 55.3702979044
69 68 57.1512750915
70 69 58.3726053216
71 70 59.0234870572
72 71 59.4659104712
73 72 60.23408772
74 73 61.7598134308
75 74 62.4276880324
76 75 64.8580990758
77 76 66.3522769078
78 77 68.9301651413
79 78 67.5163117774
80 79 66.6453843474
81 80 64.0960847703
82 81 64.7751742429
83 82 63.0404511377
84 83 63.5354379548
85 84 62.6643984758
86 85 62.9393985485
87 86 65.1011200413
88 87 64.1748745253
89 88 67.2488866731
90 89 68.6407137786
91 90 68.9258063441
92 91 66.8378699675
93 92 68.2239723132
94 93 70.6519621084
95 94 69.9905005283
96 95 70.0721477193
97 96 67.0166612283
98 97 65.7977951724
99 98 67.3527583517
100 99 67.2817008629
101 100 65.8721036451
102 101 66.6368399703
103 102 67.3243183208
104 103 66.1772432027
105 104 68.4661527167
106 105 67.35689671
107 106 66.3910034672
108 107 68.6973460341
109 108 67.0916610375
110 109 65.8313426005
111 110 62.9551807411
112 111 60.2452293278
113 112 58.0682248593
114 113 57.7043847269
115 114 54.9236171378
116 115 54.3948781722
117 116 52.0671800909
118 117 49.3365409181
119 118 50.0100751162
120 119 48.0584218184
121 120 50.4006891237
122 121 52.8656695904
123 122 55.4074966639
124 123 55.5398577538
125 124 56.3171439045
126 125 56.9448293499
127 126 58.904004876
128 127 59.5637883859
129 128 61.9719244515
130 129 63.855547327
131 130 64.7821079948
132 131 61.7047656213
133 132 61.508326633
134 133 59.0074586958
135 134 59.8927948848
136 135 58.0902667959
137 136 59.4507246802
138 137 58.3304797266
139 138 59.2192097614
140 139 58.5551199927
141 140 59.1837697824
142 141 57.8006439269
143 142 60.1040795459
144 143 62.6126867206
145 144 62.0890104193
146 145 64.7519893547
147 146 63.789302773
148 147 62.7674429724
149 148 62.6409994744
150 149 62.1112844543
151 150 59.276611338
152 151 59.2768681453
153 152 60.7211716918
154 153 59.3588569262
155 154 60.5933216346
156 155 58.2304447598
157 156 59.9241968243
158 157 62.3470981869
159 158 64.2913250186
160 159 64.2108020757
161 160 66.1576700202
162 161 68.6292053579
163 162 67.8137681835
164 163 64.8306861896
165 164 64.2464209132
166 165 61.0346425063
167 166 60.4398183881
168 167 57.9216797756
169 168 56.8941603616
170 169 54.5116051076
171 170 53.3494294952
172 171 50.6509069615
173 172 49.5893332496
174 173 46.5834103708
175 174 45.8780197168
176 175 43.4560075838
177 176 43.5216458427
178 177 41.4432902852
179 178 42.7004151889
180 179 45.1927520442
181 180 47.8922218652
182 181 48.6655954193
183 182 49.9806462282
184 183 50.1674643509
185 184 52.8497848298
186 185 53.37064472
187 186 56.1668189547
188 187 56.1999734769
189 188 53.9291955877
190 189 53.2595611406
191 190 51.3697757506
192 191 51.2434024283
193 192 49.7637095806
194 193 51.0952748373
195 194 49.630807705
196 195 50.6389397849
197 196 50.7343576691
198 197 50.2716007588
199 198 53.4714390707
200 199 53.5750936324
201 200 55.030206558
202 201 54.0349919379
203 202 53.3304322083
204 203 52.3091933389
205 204 49.2031441175
206 205 48.4860129717
207 206 49.0975933037
208 207 47.3059175705
209 208 47.781945895
210 209 47.2227714727
211 210 49.2216442072
212 211 50.6962633199
213 212 52.864740747
214 213 54.0981516311
215 214 52.2891076478
216 215 53.0128128536
217 216 51.2331446582
218 217 49.2514801746
219 218 47.8012928376
220 219 45.8543134362
221 220 43.4473909186
222 221 42.5579955268
223 222 40.0877810689
224 223 38.8038105772
225 224 36.0383594764
226 225 36.253369578
227 226 36.7553216846
228 227 38.469233802
229 228 40.9541453145
230 229 41.5485939057
231 230 44.2938590213
232 231 44.7894075974
233 232 47.1679734479
234 233 48.2035951701
235 234 49.6520805855
236 235 51.549013285
237 236 49.6242033114
238 237 47.7738840313
239 238 45.6562016041
240 239 44.5857525794
241 240 43.655269176
242 241 42.0252631075
243 242 42.12021822
244 243 40.1636251362
245 244 41.5859141072
246 245 40.0469437569
247 246 41.1267523366
248 247 39.8034768881
249 248 42.2318453382
250 248 42.2318453382
251 248 42.2318453382
252 248 42.2318453382
253 248 42.2318453382
254 248 42.2318453382
255 248 42.2318453382
256 248 42.2318453382
257 248 42.2318453382
258 248 42.2318453382
259 248 42.2318453382
260 248 42.2318453382
261 248 42.2318453382
262 248 42.2318453382
263 248 42.2318453382
264 248 42.2318453382
265 248 42.2318453382
266 248 42.2318453382
267 248 42.2318453382
268 248 42.2318453382
269 248 42.2318453382
270 248 42.2318453382
271 248 42.2318453382
272 248 42.2318453382
273 248 42.2318453382
274 248 42.2318453382
275 248 42.2318453382
276 248 42.2318453382
277 248 42.2318453382
278 248 42.2318453382
279 248 42.2318453382
280 248 42.2318453382
281 248 42.2318453382
282 248 42.2318453382
283 248 42.2318453382
284 248 42.2318453382
285 248 42.2318453382
286 248 42.2318453382
287 248 42.2318453382
288 249 49.856732156
289 250 49.6742609493
290 251 47.2780771083
291 252 44.59933609
292 253 43.959525832
293 254 42.358198501
294 255 42.6705066573
295 256 40.5507231971
296 257 40.9106881484
297 258 38.6065344822
298 259 39.2959094341
299 260 41.2614221863
300 261 41.5300657283
301 262 43.259006294
302 263 42.3106150985
303 264 45.3129511747
304 265 46.142319547
305 266 49.0607569676
306 267 50.4276010756
307 268 49.0722473371
308 269 51.5353959819
309 270 50.2081824578
310 271 47.6479576178
311 272 46.9897700708
312 273 44.7224059905
313 274 43.4626658435
314 275 43.9555543893
315 276 41.011593189
316 277 41.0693494279
317 278 39.0823917561
318 279 40.6608691814
319 280 42.4360741294
320 281 44.5910174795
321 282 45.9851957209
322 283 48.2394476027
323 284 49.5750502342
324 285 50.8880227921
325 286 48.6221320979
326 287 49.9933400595
327 288 47.3474356172
328 289 46.3847915696
329 290 43.4344930051
330 291 41.8706536424
331 292 39.6703813386
332 293 37.4096429471
333 294 35.7145618598
334 295 33.1123013165
335 296 31.1278952676
336 297 31.5935000582
337 298 34.1519781644
338 299 35.075158698
339 300 36.7739223668
340 301 36.3724948499
341 302 38.3431756753
342 303 37.9296494776
343 304 40.2891762197
344 305 42.6494977205
345 306 45.3898119483
346 307 47.6800160104
347 308 38.2347574199
348 308 38.2347574199
349 308 38.2347574199
