1 0 101.755647411
2 0 101.755647411
3 0 101.755647411
4 0 101.755647411
5 0 101.755647411
6 0 101.755647411
7 0 101.755647411
8 0 101.755647411
9 0 101.755647411
10 0 101.755647411
11 0 101.755647411
12 0 101.755647411
13 0 101.755647411
14 0 101.755647411
15 0 101.755647411
16 0 101.755647411
17 0 101.755647411
18 0 101.755647411
19 0 101.755647411
20 0 101.755647411
21 0 101.755647411
22 0 101.755647411
23 0 101.755647411
24 0 101.755647411
25 0 101.755647411
26 0 101.755647411
27 0 101.755647411
28 0 101.755647411
29 0 101.755647411
30 0 101.755647411
31 0 101.755647411
32 0 101.755647411
33 0 101.755647411
34 0 101.755647411
35 0 101.755647411
36 0 101.755647411
37 0 101.755647411
38 0 101.755647411
39 0 101.755647411
40 0 101.755647411
41 0 101.755647411
42 0 101.755647411
43 0 101.755647411
44 0 101.755647411
45 1 98.847568833
46 2 97.9420331676
47 3 99.3626026656
48 4 99.1396842094
49 5 98.4121816356
50 6 98.4355839816
51 7 97.4979216442
52 8 98.8092187755
53 9 99.5173355847
54 10 100.84072383
55 11 102.709327766
56 12 104.638679201
57 13 106.125754384
58 14 106.030968227
59 15 107.489169224
60 16 107.458846813
61 17 108.789686094
62 18 110.054667929
63 19 110.159356918
64 20 107.911754558
65 21 106.167575753
66 22 104.44514742
67 23 105.507101335
68 24 105.532438701
69 25 106.136056762
70 26 104.8460549
71 27 105.273026295
72 28 103.477536179
73 29 103.168845402
74 30 102.290757266
75 31 104.424053981
76 32 103.841112414
77 33 105.034161313
78 34 104.208908752
79 35 105.004144906
80 36 103.490170702
81 37 103.598348288
82 38 102.201915523
83 39 101.927996152
84 40 101.760999864
85 41 100.392945768
86 42 101.436416741
87 43 103.576495308
88 44 95.2388685795
89 44 95.2388685795
90 44 95.2388685795
91 44 95.2388685795
92 44 95.2388685795
93 44 95.2388685795
94 44 95.2388685795
95 44 95.2388685795
96 44 95.2388685795
97 44 95.2388685795
98 44 95.2388685795
99 44 95.2388685795
100 44 95.2388685795
101 44 95.2388685795
102 44 95.2388685795
103 44 95.2388685795
104 44 95.2388685795
105 44 95.2388685795
106 44 95.2388685795
107 44 95.2388685795
108 44 95.2388685795
109 44 95.2388685795
110 44 95.2388685795
111 44 95.2388685795
112 44 95.2388685795
113 44 95.2388685795
114 44 95.2388685795
115 44 95.2388685795
116 44 95.2388685795
117 44 95.2388685795
118 44 95.2388685795
119 44 95.2388685795
120 44 95.2388685795
121 44 95.2388685795
122 44 95.2388685795
123 44 95.2388685795
124 45 102.725392096
125 46 104.628495145
126 47 103.916455294
127 48 105.509676663
128 49 105.071876103
129 50 106.848743105
130 51 105.868849988
131 52 110.332191501
132 52 110.332191501
133 52 110.332191501
134 52 110.332191501
135 52 110.332191501
136 52 110.332191501
137 52 110.332191501
138 52 110.332191501
139 52 110.332191501
140 52 110.332191501
141 52 110.332191501
142 52 110.332191501
143 52 110.332191501
144 52 110.332191501
145 52 110.332191501
146 52 110.332191501
147 52 110.332191501
148 52 110.332191501
149 53 103.835880193
150 54 105.372880972
151 55 105.154994688
152 56 106.74829748
153 57 107.292812086
154 58 108.819688601
155 59 108.875381597
156 60 110.224127679
157 61 110.797366859
158 62 113.028408752
159 63 112.625305659
160 64 114.583698233
161 65 114.504834157
162 66 112.185437346
163 67 110.682086449
164 68 111.445335354
165 69 110.092447013
166 70 110.32320502
167 71 108.662270055
168 72 108.032102723
169 73 106.215176829
170 74 106.103065756
171 75 107.792379332
172 76 109.182222118
173 77 109.652749684
174 78 111.814388969
175 79 112.400594934
176 80 112.708419836
177 81 111.82583398
178 82 112.087767238
179 83 110.962287881
180 84 111.276682351
181 85 109.272419627
182 86 109.757217261
183 87 110.319361365
184 88 108.693072851
185 89 110.435670404
186 90 110.468648042
187 91 112.101336145
188 92 112.514893266
189 93 113.384265819
190 94 111.923166428
191 95 113.25885227
192 96 112.428451127
193 97 114.084583597
194 98 114.717111774
195 99 114.001885779
196 100 115.033241711
197 101 114.646498652
198 102 115.298120387
199 103 115.064756246
200 104 114.280748203
201 105 112.483340537
202 106 110.713771179
203 107 111.302876206
204 108 110.27164641
205 109 110.985832966
206 110 112.231848257
207 111 113.496072898
208 112 114.68821345
209 113 116.741847277
210 114 116.616067872
211 115 118.598423801
212 116 119.374034129
213 117 118.399816211
214 118 117.783057267
215 119 115.97980872
216 120 114.487512888
217 121 114.273465579
218 122 113.585999233
219 123 114.471069264
220 124 115.496027213
221 125 116.785590727
222 126 116.911422902
223 127 117.715951256
224 128 118.697974832
225 129 118.483486592
226 130 119.801087035
227 131 119.081050967
228 132 121.45117568
229 133 122.234093061
230 134 121.430486464
231 135 121.552144401
232 136 121.869352268
233 137 120.251056929
234 138 119.9042574
235 139 119.78857481
236 140 119.351797837
237 141 116.988338675
238 142 116.086851512
239 143 113.922122366
240 144 112.669659517
241 145 113.123375074
242 146 110.958875199
243 147 111.618857292
244 148 113.553680633
245 149 113.793405839
246 150 115.643640355
247 151 116.146670072
248 152 115.59664833
249 153 117.257837475
250 154 118.987460535
251 155 118.547380643
252 156 120.588225896
253 157 119.378317788
254 158 117.212712017
255 159 115.809691716
256 160 114.87090479
257 161 113.056221413
258 162 112.836800274
259 163 111.688899268
260 164 113.758905376
261 165 112.892991327
262 166 114.615621709
263 167 115.008724278
264 168 117.16893519
265 169 118.223901543
266 170 119.830994536
267 171 121.432234339
268 172 122.103953108
269 173 124.201053659
270 174 124.120422713
271 175 123.427099992
272 176 122.705696944
273 177 128.468348027
274 177 128.468348027
275 177 128.468348027
276 177 128.468348027
277 177 128.468348027
278 177 128.468348027
279 177 128.468348027
280 177 128.468348027
281 177 128.468348027
282 177 128.468348027
283 177 128.468348027
284 177 128.468348027
285 178 121.513154518
286 179 121.973011518
287 180 120.088327729
288 181 118.362656947
289 182 116.575693534
290 183 115.336138892
291 184 113.017529338
292 185 112.412981755
293 186 110.562057692
294 187 110.509429907
295 188 112.820778512
296 189 114.516555381
297 190 114.344613332
298 191 113.617051141
299 192 111.47394969
300 193 109.83172283
301 194 110.028189175
302 195 108.521087401
303 196 110.280593782
304 197 110.679340077
305 198 109.025420288
306 199 109.681104989
307 200 111.223334816
308 201 111.263531122
309 202 112.638902897
310 203 111.821381138
311 204 112.565471432
312 205 113.148014742
313 206 113.38506832
314 207 115.184908767
315 208 115.479396607
316 209 113.191428777
317 210 112.75237182
318 211 110.547990778
319 212 110.1314914
320 213 108.133502264
321 214 107.746703634
322 215 106.263385047
323 216 106.736063657
324 217 105.0728081
325 218 106.457060697
326 219 107.319352466
327 220 109.306915404
328 221 110.373765574
329 222 112.719930689
330 223 114.543284746
331 224 116.5940217
332 225 117.531043535
333 226 118.240390259
334 227 108.132496794
335 227 108.132496794
336 227 108.132496794
337 227 108.132496794
338 227 108.132496794
339 227 108.132496794
340 227 108.132496794
341 227 108.132496794
342 227 108.132496794
343 227 108.132496794
344 227 108.132496794
345 227 108.132496794
346 227 108.132496794
347 227 108.132496794
348 227 108.132496794
349 227 108.132496794
350 227 108.132496794
351 227 108.132496794
352 227 108.132496794
353 227 108.132496794
354 227 108.132496794
355 227 108.132496794
356 228 116.201967534
357 229 114.454345551
358 230 112.20373528
359 231 111.061966249
360 232 108.952041537
361 233 107.711521128
362 234 105.5413954
363 235 104.203526274
364 236 101.946586086
365 237 102.071450463
366 238 100.747058993
367 239 102.103816187
368 240 103.962403137
369 241 104.764573457
370 242 105.343864314
371 243 106.505555016
372 244 106.986428386
373 245 107.848738379
374 246 108.390607388
375 247 107.212061869
376 248 108.806249057
377 249 107.652947404
378 250 105.61699652
379 251 106.826720623
380 252 104.990586996
381 253 104.98149736
382 254 106.399249836
383 255 105.736933306
384 256 106.054580822
385 257 105.092340824
386 258 104.438157082
387 259 103.16082467
388 260 102.290058383
389 261 101.530470904
390 262 99.6953385585
391 263 99.101254745
392 264 99.3980792816
393 265 100.534387791
394 266 101.080343688
395 267 100.859348494
396 268 103.060766334
397 269 103.29988575
398 270 102.644992161
399 271 100.607975595
400 272 99.2263654261
401 273 99.8650494272
402 274 101.944492184
403 275 103.790573224
404 276 105.156836321
405 277 105.447717315
406 278 106.668990757
407 279 107.180553953
408 280 108.208774028
409 281 109.749136728
410 282 109.247790479
411 283 107.013163907
412 284 106.541738701
413 285 104.577479334
414 286 103.709534328
415 287 103.687108038
416 288 103.090910155
417 289 102.622346126
418 290 100.750054999
419 291 99.8168256862
420 292 98.0544962666
421 293 99.0702228572
422 294 100.697873853
423 295 101.279375468
424 296 99.9147096108
425 297 100.633167266
426 298 100.465548545
427 299 94.6319010817
428 299 94.6319010817
429 299 94.6319010817
430 299 94.6319010817
431 299 94.6319010817
432 299 94.6319010817
433 299 94.6319010817
434 299 94.6319010817
435 299 94.6319010817
436 299 94.6319010817
437 299 94.6319010817
438 299 94.6319010817
439 299 94.6319010817
440 299 94.6319010817
441 299 94.6319010817
442 299 94.6319010817
443 299 94.6319010817
444 299 94.6319010817
445 299 94.6319010817
446 299 94.6319010817
447 299 94.6319010817
448 299 94.6319010817
449 299 94.6319010817
450 299 94.6319010817
451 299 94.6319010817
452 299 94.6319010817
453 299 94.6319010817
454 299 94.6319010817
455 299 94.6319010817
456 299 94.6319010817
457 299 94.6319010817
458 299 94.6319010817
459 299 94.6319010817
460 299 94.6319010817
461 299 94.6319010817
462 299 94.6319010817
463 299 94.6319010817
464 299 94.6319010817
465 299 94.6319010817
466 299 94.6319010817
467 299 94.6319010817
468 299 94.6319010817
469 299 94.6319010817
470 299 94.6319010817
471 299 94.6319010817
472 299 94.6319010817
473 299 94.6319010817
474 299 94.6319010817
475 299 94.6319010817
476 299 94.6319010817
477 299 94.6319010817
478 299 94.6319010817
479 299 94.6319010817
480 299 94.6319010817
481 299 94.6319010817
482 299 94.6319010817
483 299 94.6319010817
484 299 94.6319010817
485 299 94.6319010817
486 299 94.6319010817
487 299 94.6319010817
488 299 94.6319010817
489 299 94.6319010817
490 299 94.6319010817
491 300 68.7561594885
492 300 68.7561594885
493 300 68.7561594885
494 300 68.7561594885
495 300 68.7561594885
496 300 68.7561594885
497 300 68.7561594885
498 300 68.7561594885
499 300 68.7561594885
500 300 68.7561594885
501 300 68.7561594885
502 300 68.7561594885
503 300 68.7561594885
504 300 68.7561594885
505 300 68.7561594885
506 300 68.7561594885
507 300 68.7561594885
508 300 68.7561594885
509 300 68.7561594885
510 300 68.7561594885
511 300 68.7561594885
512 300 68.7561594885
513 300 68.7561594885
514 300 68.7561594885
515 300 68.7561594885
516 300 68.7561594885
517 300 68.7561594885
518 300 68.7561594885
519 300 68.7561594885
520 300 68.7561594885
521 300 68.7561594885
522 300 68.7561594885
523 300 68.7561594885
524 300 68.7561594885
525 300 68.7561594885
526 300 68.7561594885
527 300 68.7561594885
528 300 68.7561594885
529 300 68.7561594885
530 300 68.7561594885
531 300 68.7561594885
532 300 68.7561594885
533 300 68.7561594885
534 300 68.7561594885
535 300 68.7561594885
536 300 68.7561594885
537 300 68.7561594885
538 300 68.7561594885
539 300 68.7561594885
540 300 68.7561594885
541 300 68.7561594885
542 300 68.7561594885
543 300 68.7561594885
544 300 68.7561594885
545 300 68.7561594885
546 300 68.7561594885
547 300 68.7561594885
548 300 68.7561594885
549 300 68.7561594885
550 300 68.7561594885
551 300 68.7561594885
552 300 68.7561594885
553 300 68.7561594885
554 300 68.7561594885
555 300 68.7561594885
556 300 68.7561594885
557 300 68.7561594885
558 300 68.7561594885
559 300 68.7561594885
560 300 68.7561594885
561 300 68.7561594885
562 300 68.7561594885
563 300 68.7561594885
564 300 68.7561594885
565 300 68.7561594885
566 300 68.7561594885
567 300 68.7561594885
568 300 68.7561594885
569 300 68.7561594885
570 300 68.7561594885
571 300 68.7561594885
572 300 68.7561594885
573 300 68.7561594885
574 300 68.7561594885
575 301 71.4172020586
576 301 71.4172020586
577 301 71.4172020586
578 301 71.4172020586
579 301 71.4172020586
580 301 71.4172020586
581 301 71.4172020586
582 301 71.4172020586
583 301 71.4172020586
584 301 71.4172020586
585 301 71.4172020586
586 301 71.4172020586
587 301 71.4172020586
588 301 71.4172020586
589 301 71.4172020586
590 301 71.4172020586
591 301 71.4172020586
592 301 71.4172020586
593 301 71.4172020586
594 301 71.4172020586
595 301 71.4172020586
596 301 71.4172020586
597 301 71.4172020586
598 301 71.4172020586
599 301 71.4172020586
600 301 71.4172020586
601 301 71.4172020586
602 301 71.4172020586
603 301 71.4172020586
604 301 71.4172020586
605 301 71.4172020586
606 301 71.4172020586
607 301 71.4172020586
608 301 71.4172020586
609 301 71.4172020586
610 301 71.4172020586
611 301 71.4172020586
612 301 71.4172020586
613 301 71.4172020586
614 301 71.4172020586
615 301 71.4172020586
616 301 71.4172020586
617 301 71.4172020586
618 301 71.4172020586
619 301 71.4172020586
620 301 71.4172020586
621 301 71.4172020586
622 301 71.4172020586
623 301 71.4172020586
624 301 71.4172020586
625 301 71.4172020586
626 301 71.4172020586
627 301 71.4172020586
628 301 71.4172020586
629 301 71.4172020586
630 301 71.4172020586
631 301 71.4172020586
632 301 71.4172020586
633 301 71.4172020586
634 301 71.4172020586
635 301 71.4172020586
636 301 71.4172020586
637 301 71.4172020586
638 301 71.4172020586
639 301 71.4172020586
640 301 71.4172020586
641 301 71.4172020586
642 301 71.4172020586
643 301 71.4172020586
644 301 71.4172020586
645 301 71.4172020586
646 301 71.4172020586
647 301 71.4172020586
648 301 71.4172020586
649 301 71.4172020586
650 301 71.4172020586
651 301 71.4172020586
652 301 71.4172020586
653 301 71.4172020586
654 301 71.4172020586
655 301 71.4172020586
656 301 71.4172020586
657 301 71.4172020586
658 301 71.4172020586
659 302 56.4693048758
660 303 56.7857747368
661 304 58.534063703
662 305 57.602306198
663 306 57.4160861998
664 307 59.5265478048
665 308 60.1325910107
666 309 59.0687324203
667 310 60.076815662
668 311 62.181023535
669 312 61.7916186381
670 313 61.325675236
671 314 63.388958432
672 315 64.6182320472
673 316 63.8182621103
674 317 62.9044866041
675 318 60.7799982111
676 319 60.2820188165
677 320 60.5678015527
678 321 59.1836289103
679 322 57.4616814563
680 323 57.7719167222
681 324 57.9069849425
682 325 56.1873766892
683 326 55.1181217524
684 327 55.8040458223
685 328 55.1885872396
686 329 53.7953813622
687 330 54.7184951382
688 331 53.900967742
689 332 52.3522249508
690 333 51.3501342521
691 334 52.2978578435
692 335 53.7480252566
693 336 53.4019965473
694 337 53.1388352465
695 338 54.8765861622
696 339 55.3215114071
697 340 54.5011638698
698 341 55.419426106
699 342 57.1694598622
700 343 56.6157933977
701 344 56.0864334451
702 345 58.013160492
703 346 58.6315216746
704 347 59.9723776362
705 348 62.0954252272
706 349 60.9526516359
707 350 60.4992674788
708 351 58.7908113475
709 352 58.989732893
710 353 57.5885763164
711 354 58.5071867071
712 355 57.583176911
713 356 55.8007173047
714 357 55.2834057724
715 358 54.478440987
716 359 52.972984322
717 360 52.8856710361
718 361 52.7885382623
719 362 51.6757469254
720 363 50.8213520294
721 364 50.888985018
722 365 50.0467648539
723 366 49.6596494113
724 367 49.2964793325
725 368 48.4116893588
726 369 48.0067887582
727 370 48.6695019555
728 371 49.4203522972
729 372 49.0857262768
730 373 49.1392086029
731 374 50.2442591181
732 375 50.7357869114
733 376 50.4714659672
734 377 51.0212413593
735 378 52.2946304547
736 379 52.4521005672
737 380 52.2655989597
738 381 51.8577578754
739 382 50.5222362195
740 383 49.8379199075
741 384 49.9005501566
742 385 49.3074998251
743 386 48.5386625613
744 387 48.403818563
745 388 48.4519057513
746 389 48.1130157503
747 390 47.5410807256
748 391 47.1448701746
749 392 46.983546709
750 393 47.2860462145
751 394 47.2989553765
752 395 47.7242266765
753 396 48.2059415195
754 397 48.0752625489
755 398 48.2124011401
756 399 49.0511440201
757 400 49.4665185662
758 401 49.5265855651
759 402 50.0046486291
760 403 50.9238311528
761 404 51.4200956469
762 405 51.4658226143
763 406 51.9685197004
764 407 52.3396481977
765 408 51.9138726177
766 409 50.8292803177
767 410 49.9408476442
768 411 49.1815784653
769 412 49.5556971467
770 413 49.1878064563
771 414 48.3405341498
772 415 48.2105986262
773 416 48.4863660326
774 417 47.8019816558
775 418 47.4025098734
776 419 47.7358290252
777 420 47.5691645505
778 421 47.089452871
779 422 47.3224316692
780 423 47.5279354246
781 424 47.0764803805
782 425 46.9571102803
783 426 41.1642163977
784 426 41.1642163977
785 426 41.1642163977
786 426 41.1642163977
787 426 41.1642163977
788 426 41.1642163977
789 426 41.1642163977
790 426 41.1642163977
791 426 41.1642163977
792 426 41.1642163977
793 426 41.1642163977
794 426 41.1642163977
795 426 41.1642163977
796 426 41.1642163977
797 426 41.1642163977
798 426 41.1642163977
799 426 41.1642163977
800 426 41.1642163977
801 426 41.1642163977
802 426 41.1642163977
803 426 41.1642163977
804 426 41.1642163977
805 426 41.1642163977
806 426 41.1642163977
807 426 41.1642163977
808 426 41.1642163977
809 427 47.1625042116
810 428 46.9763012981
811 429 46.9103868272
812 430 46.8608500642
813 431 46.9283822134
814 432 46.8900589851
815 433 47.0311227183
816 434 47.2899687336
817 435 47.3534424468
818 436 47.2751678195
819 437 47.8453382296
820 438 48.1708324829
821 439 47.9519595326
822 440 47.4083391979
823 441 47.3120576956
824 442 47.9304672537
825 443 48.3219582535
826 444 48.1258725654
827 445 48.0001425726
828 446 47.632656292
829 447 47.1784547009
830 448 47.4655695224
831 449 47.89257064
832 450 47.5269675922
833 451 47.5310894653
834 452 47.4578172034
835 453 48.0107890929
836 454 43.8492268928
837 454 43.8492268928
838 454 43.8492268928
839 454 43.8492268928
840 454 43.8492268928
841 454 43.8492268928
842 454 43.8492268928
843 454 43.8492268928
844 454 43.8492268928
845 454 43.8492268928
846 454 43.8492268928
847 454 43.8492268928
848 454 43.8492268928
849 454 43.8492268928
850 454 43.8492268928
851 454 43.8492268928
852 454 43.8492268928
853 454 43.8492268928
854 454 43.8492268928
855 454 43.8492268928
856 454 43.8492268928
857 454 43.8492268928
858 454 43.8492268928
859 454 43.8492268928
860 454 43.8492268928
861 454 43.8492268928
862 454 43.8492268928
863 454 43.8492268928
864 454 43.8492268928
865 454 43.8492268928
866 454 43.8492268928
867 454 43.8492268928
868 454 43.8492268928
869 454 43.8492268928
870 454 43.8492268928
871 454 43.8492268928
872 454 43.8492268928
873 454 43.8492268928
874 454 43.8492268928
875 454 43.8492268928
876 454 43.8492268928
877 454 43.8492268928
878 454 43.8492268928
879 454 43.8492268928
880 454 43.8492268928
881 454 43.8492268928
882 454 43.8492268928
883 454 43.8492268928
884 454 43.8492268928
885 454 43.8492268928
886 454 43.8492268928
887 454 43.8492268928
888 454 43.8492268928
889 455 40.3780201121
890 455 40.3780201121
891 455 40.3780201121
892 455 40.3780201121
893 455 40.3780201121
894 455 40.3780201121
895 455 40.3780201121
896 455 40.3780201121
897 455 40.3780201121
898 455 40.3780201121
899 455 40.3780201121
900 455 40.3780201121
901 455 40.3780201121
902 455 40.3780201121
903 455 40.3780201121
904 455 40.3780201121
905 455 40.3780201121
906 455 40.3780201121
907 455 40.3780201121
908 455 40.3780201121
909 455 40.3780201121
910 455 40.3780201121
911 455 40.3780201121
912 455 40.3780201121
913 455 40.3780201121
914 455 40.3780201121
915 455 40.3780201121
916 455 40.3780201121
917 455 40.3780201121
918 455 40.3780201121
919 455 40.3780201121
920 455 40.3780201121
921 455 40.3780201121
922 455 40.3780201121
923 455 40.3780201121
924 455 40.3780201121
925 455 40.3780201121
926 455 40.3780201121
927 455 40.3780201121
928 455 40.3780201121
929 455 40.3780201121
930 455 40.3780201121
931 455 40.3780201121
932 455 40.3780201121
933 455 40.3780201121
934 455 40.3780201121
935 455 40.3780201121
936 455 40.3780201121
937 455 40.3780201121
938 455 40.3780201121
939 455 40.3780201121
940 455 40.3780201121
941 455 40.3780201121
942 456 51.1690214578
943 457 51.7250542791
944 458 49.4272671678
945 459 50.9433167933
946 460 51.7293563787
947 461 50.4936228505
948 462 53.0412136521
949 463 53.7402843912
950 464 55.8510789282
951 465 57.8351750312
952 466 58.5522874449
953 467 56.2483390099
954 468 55.5338211979
955 469 56.8490678287
956 470 59.4021023299
957 471 59.2618879938
958 472 59.0825014525
959 473 61.4127390918
960 474 62.6415567537
961 475 63.7456175289
962 476 62.1875939924
963 477 64.9578652251
964 478 68.0445459265
965 478 68.0445459265
966 478 68.0445459265
967 478 68.0445459265
968 478 68.0445459265
969 478 68.0445459265
970 478 68.0445459265
971 478 68.0445459265
972 478 68.0445459265
973 478 68.0445459265
974 478 68.0445459265
975 478 68.0445459265
976 478 68.0445459265
977 478 68.0445459265
978 478 68.0445459265
979 478 68.0445459265
980 478 68.0445459265
981 478 68.0445459265
982 478 68.0445459265
983 478 68.0445459265
984 478 68.0445459265
985 478 68.0445459265
986 478 68.0445459265
987 478 68.0445459265
988 478 68.0445459265
989 478 68.0445459265
990 478 68.0445459265
991 478 68.0445459265
992 478 68.0445459265
993 478 68.0445459265
994 478 68.0445459265
995 478 68.0445459265
996 478 68.0445459265
997 478 68.0445459265
998 478 68.0445459265
999 478 68.0445459265
1000 479 63.8404112706
1001 480 61.343608324
1002 481 60.9532826592
1003 482 58.7154490036
1004 483 58.2021920858
1005 484 56.7092147301
1006 485 55.2467883637
1007 486 54.4362021474
1008 487 51.8406699051
1009 488 53.0641714236
1010 489 52.4782166149
1011 490 54.5866094307
1012 491 54.8536610011
1013 492 56.5985009611
1014 493 58.7366954292
1015 494 58.5722552562
1016 495 55.6627122217
1017 496 55.489517021
1018 497 57.5721615726
1019 498 55.9347699485
1020 499 53.5965638617
1021 500 54.8413632995
1022 501 55.40018775
1023 502 52.6027424857
1024 503 51.9520143154
1025 504 53.5096402129
1026 505 51.2281679969
1027 506 50.7051526318
1028 507 48.8775205518
1029 508 47.8770382563
1030 509 45.784433375
1031 510 46.25247873
1032 511 48.0570701101
1033 512 42.7573367208
1034 512 42.7573367208
1035 512 42.7573367208
1036 512 42.7573367208
1037 512 42.7573367208
1038 512 42.7573367208
