1 0 13.7568469438
2 0 13.7568469438
3 0 13.7568469438
4 0 13.7568469438
5 0 13.7568469438
6 0 13.7568469438
7 0 13.7568469438
8 0 13.7568469438
9 0 13.7568469438
10 0 13.7568469438
11 0 13.7568469438
12 0 13.7568469438
13 0 13.7568469438
14 0 13.7568469438
15 0 13.7568469438
16 0 13.7568469438
17 0 13.7568469438
18 0 13.7568469438
19 0 13.7568469438
20 0 13.7568469438
21 0 13.7568469438
22 0 13.7568469438
23 0 13.7568469438
24 0 13.7568469438
25 0 13.7568469438
26 0 13.7568469438
27 0 13.7568469438
28 0 13.7568469438
29 0 13.7568469438
30 0 13.7568469438
31 0 13.7568469438
32 0 13.7568469438
33 0 13.7568469438
34 0 13.7568469438
35 0 13.7568469438
36 0 13.7568469438
37 0 13.7568469438
38 0 13.7568469438
39 0 13.7568469438
40 0 13.7568469438
41 0 13.7568469438
42 0 13.7568469438
43 0 13.7568469438
44 0 13.7568469438
45 0 13.7568469438
46 0 13.7568469438
47 0 13.7568469438
48 0 13.7568469438
49 0 13.7568469438
50 0 13.7568469438
51 0 13.7568469438
52 0 13.7568469438
53 0 13.7568469438
54 0 13.7568469438
55 0 13.7568469438
56 0 13.7568469438
57 0 13.7568469438
58 0 13.7568469438
59 0 13.7568469438
60 0 13.7568469438
61 0 13.7568469438
62 0 13.7568469438
63 0 13.7568469438
64 1 12.0158811148
65 1 12.0158811148
66 1 12.0158811148
67 1 12.0158811148
68 1 12.0158811148
69 1 12.0158811148
70 1 12.0158811148
71 1 12.0158811148
72 1 12.0158811148
73 1 12.0158811148
74 1 12.0158811148
75 1 12.0158811148
76 1 12.0158811148
77 1 12.0158811148
78 1 12.0158811148
79 1 12.0158811148
80 1 12.0158811148
81 1 12.0158811148
82 1 12.0158811148
83 1 12.0158811148
84 1 12.0158811148
85 1 12.0158811148
86 1 12.0158811148
87 1 12.0158811148
88 1 12.0158811148
89 1 12.0158811148
90 1 12.0158811148
91 1 12.0158811148
92 1 12.0158811148
93 1 12.0158811148
94 1 12.0158811148
95 1 12.0158811148
96 1 12.0158811148
97 1 12.0158811148
98 1 12.0158811148
99 1 12.0158811148
100 1 12.0158811148
101 1 12.0158811148
102 1 12.0158811148
103 1 12.0158811148
104 1 12.0158811148
105 1 12.0158811148
106 1 12.0158811148
107 1 12.0158811148
108 1 12.0158811148
109 1 12.0158811148
110 1 12.0158811148
111 1 12.0158811148
112 1 12.0158811148
113 1 12.0158811148
114 1 12.0158811148
115 1 12.0158811148
116 1 12.0158811148
117 1 12.0158811148
118 1 12.0158811148
119 1 12.0158811148
120 1 12.0158811148
121 1 12.0158811148
122 1 12.0158811148
123 1 12.0158811148
124 1 12.0158811148
125 1 12.0158811148
126 1 12.0158811148
127 2 21.8931312413
128 3 21.4569310805
129 4 22.6596692059
130 5 25.0357389057
131 6 25.582675998
132 7 28.5119601883
133 8 27.9531305548
134 9 31.3615082437
135 10 34.5309041123
136 11 37.6288423726
137 12 40.90725953
138 13 42.9382505041
139 14 45.2835911834
140 15 43.9523048738
141 16 41.0530400791
142 17 40.894420826
143 18 38.0562750334
144 19 35.2995772781
145 20 32.769889736
146 21 30.1170674458
147 22 28.1841371565
148 23 28.0888969872
149 24 29.4232272986
150 25 27.0303161209
151 26 27.2135935045
152 27 29.8971283211
153 28 28.7270932189
154 29 31.6852140969
155 30 32.8340638013
156 31 35.8890610745
157 32 38.0885475479
158 33 40.8629061662
159 34 43.5807732853
160 35 46.8645574161
161 36 48.0421473976
162 37 46.2677584108
163 38 42.7399082531
164 39 40.6964431764
165 40 37.590950831
166 41 35.7384970448
167 42 32.89071897
168 43 30.7882272327
169 44 28.297441182
170 45 30.3721619968
171 46 33.1754054062
172 47 35.2855075798
173 48 31.2072198864
174 48 31.2072198864
175 48 31.2072198864
176 48 31.2072198864
177 48 31.2072198864
178 48 31.2072198864
179 48 31.2072198864
180 48 31.2072198864
181 48 31.2072198864
182 48 31.2072198864
183 48 31.2072198864
184 48 31.2072198864
185 48 31.2072198864
186 48 31.2072198864
187 48 31.2072198864
188 48 31.2072198864
189 48 31.2072198864
190 48 31.2072198864
191 48 31.2072198864
192 48 31.2072198864
193 48 31.2072198864
194 48 31.2072198864
195 48 31.2072198864
196 48 31.2072198864
197 48 31.2072198864
198 48 31.2072198864
199 48 31.2072198864
200 48 31.2072198864
201 49 37.148972358
202 50 39.3928181472
203 51 41.8779701425
204 52 43.7464868041
205 53 46.3851268169
206 54 48.738604051
207 55 47.8777172176
208 56 50.5669126595
209 57 52.691524125
210 58 50.5186697027
211 59 47.4219738166
212 60 44.3354424109
213 61 42.1176740122
214 62 39.1847436336
215 63 37.6299693277
216 64 35.0934487168
217 65 32.2744862693
218 66 30.5410646095
219 67 33.5702602174
220 68 33.2989007512
221 69 32.1550952018
222 70 32.4419195706
223 71 35.7023657417
224 72 35.9896046002
225 73 37.7322008431
226 74 37.8088830081
227 75 38.8837902536
228 76 40.6497008823
229 77 42.4472890467
230 78 45.5226894134
231 79 48.0843450051
232 80 50.1029884945
233 81 47.4423755216
234 82 46.7207049856
235 83 43.6049769253
236 84 44.0330340425
237 85 41.9713971978
238 86 42.5487417271
239 87 41.2730201618
240 88 40.3662081995
241 89 39.5546450657
242 90 42.6770825164
243 91 45.540464998
244 92 48.6619975389
245 93 51.498329223
246 94 50.376037697
247 95 46.7780233761
248 96 44.8524849653
249 97 46.8284183518
250 98 46.7366886797
251 99 44.898809197
252 100 45.422614146
253 101 46.6136797204
254 102 46.994231361
255 103 47.6777142976
256 104 44.3825403507
257 105 45.5503056863
258 106 48.6102678209
259 107 48.1446676242
260 108 46.4328706604
261 109 42.9976146304
262 110 40.9533179562
263 111 37.7105040666
264 112 35.9661661286
265 113 32.507508465
266 114 31.2214297893
267 115 28.5283066793
268 116 26.1644694068
269 117 24.8946238161
270 118 26.4216709414
271 119 28.4077952127
272 120 31.5560356237
273 121 32.4068431041
274 122 33.9959261436
275 123 34.5514952753
276 124 37.5677500747
277 125 38.5659876953
278 126 42.0515018508
279 127 44.9189065869
280 128 45.2443783648
281 129 42.5390171993
282 130 40.1969807901
283 131 37.4748146716
284 132 37.687581712
285 133 35.4757816956
286 134 36.992449368
287 135 35.6385200795
288 136 37.0083732361
289 137 36.9331746584
290 138 38.9682225899
291 139 41.8327467733
292 140 41.1071927189
293 141 38.800553709
294 142 35.8212000829
295 143 32.5670544698
296 144 30.478024612
297 145 28.6899946801
298 146 29.5242490043
299 147 31.4962713597
300 148 34.6260284087
301 149 35.831851988
302 150 37.165297359
303 151 36.3422238563
304 152 38.9908274144
305 153 38.7656591641
306 154 39.9931361012
307 155 43.4695421964
308 156 44.1736782309
309 157 43.2148062738
310 158 39.7747183464
311 159 39.1159599338
312 160 35.738640172
313 161 33.3164045252
314 162 29.923471683
315 163 27.3435681655
316 164 24.3502067898
317 165 22.9322176563
318 166 19.9505721715
319 167 20.611958327
320 168 37.0575453702
321 168 37.0575453702
322 168 37.0575453702
323 168 37.0575453702
324 168 37.0575453702
325 168 37.0575453702
326 168 37.0575453702
327 168 37.0575453702
328 168 37.0575453702
329 168 37.0575453702
330 168 37.0575453702
331 168 37.0575453702
332 168 37.0575453702
333 168 37.0575453702
334 168 37.0575453702
335 168 37.0575453702
336 168 37.0575453702
337 168 37.0575453702
338 169 30.6738612815
339 170 27.3467893385
340 171 26.0715857166
341 172 28.1432014847
342 173 30.1782716581
343 174 33.6294715016
344 175 35.4224295758
345 176 38.7451927367
346 177 41.9879803274
347 178 41.9709783082
348 179 39.9753291891
349 180 37.0085170761
350 181 33.8885575545
351 182 32.7721477214
352 183 29.4906655401
353 184 29.5177522039
354 185 27.365940309
355 186 28.5815005419
356 187 28.2513836152
357 188 29.4060605911
358 189 32.7984822169
359 190 32.8170592052
360 191 31.4628940914
361 192 28.3446657409
362 193 29.9012320396
363 194 32.9183565116
364 195 33.0503769667
365 196 36.0867905098
366 197 36.1404596715
367 198 39.1254073983
368 199 39.8880757377
369 200 43.3289685032
370 201 43.7078511428
371 202 41.7242005673
372 203 38.3377573404
373 204 38.384748575
374 205 34.9380661944
375 206 31.7972440164
376 207 28.5508884903
377 208 25.3907572635
378 209 22.857286419
379 210 20.2599929749
380 211 18.1096596364
381 212 19.3309166427
382 213 21.388323226
383 214 24.1022793831
384 215 26.8912410123
385 216 29.4329292899
386 217 32.8669841983
387 218 35.497160786
388 219 38.9996300636
389 220 42.394245933
390 221 42.4651083683
391 222 40.5299684908
392 223 37.7780690112
393 224 34.3787846818
394 225 32.6611754182
395 226 29.2896216358
396 227 28.5616711425
397 228 25.7616061544
398 229 25.0955697178
399 230 23.3820898419
400 231 25.8685961805
401 232 28.1843239256
402 233 30.1533193772
403 234 31.1698831843
404 235 35.2042362854
405 235 35.2042362854
406 235 35.2042362854
407 235 35.2042362854
408 235 35.2042362854
409 235 35.2042362854
410 235 35.2042362854
411 235 35.2042362854
412 235 35.2042362854
413 235 35.2042362854
414 235 35.2042362854
415 235 35.2042362854
416 235 35.2042362854
417 235 35.2042362854
418 235 35.2042362854
419 235 35.2042362854
420 235 35.2042362854
421 235 35.2042362854
422 235 35.2042362854
423 235 35.2042362854
424 235 35.2042362854
425 235 35.2042362854
426 235 35.2042362854
427 235 35.2042362854
428 235 35.2042362854
429 235 35.2042362854
430 235 35.2042362854
431 235 35.2042362854
432 235 35.2042362854
433 235 35.2042362854
434 236 29.1960227958
435 237 32.1306113605
436 238 34.0746945668
437 239 33.7185824532
438 240 36.7628097565
439 241 38.2068455477
440 242 38.9075279629
441 243 42.3730215727
442 244 42.5305051115
443 245 41.9948460875
444 246 38.5218024553
445 247 38.1322293256
446 248 34.6573382543
447 249 31.5460880119
448 250 28.3994349596
449 251 25.0983983204
450 252 23.3194962449
451 253 20.653774764
452 254 19.1562912777
453 255 19.0310146042
454 256 19.9301507468
455 257 23.092629594
456 258 25.3662465651
457 259 27.8636551975
458 260 29.2487900277
459 261 29.3816443978
460 262 27.1804345409
461 263 24.5845938723
462 264 26.1862258857
463 265 28.8446666613
464 266 27.6827166502
465 267 30.2781091351
466 268 32.210803337
467 269 35.2598931204
468 270 38.7213259111
469 271 42.2018151033
470 272 41.792993995
471 273 39.9866270967
472 274 37.1123869179
473 275 33.8042175347
474 276 31.9783075531
475 277 28.5605543672
476 278 27.8607242859
477 279 25.2628249189
478 280 23.5466186578
479 281 23.5247207611
480 282 26.5302829317
481 283 28.3213064251
482 284 29.8990778808
483 285 30.3046045186
484 286 28.0327430202
485 287 29.730474711
486 288 32.8050179807
487 289 33.2592963581
488 290 36.2651721748
489 291 35.9500193136
490 292 39.4149984442
491 293 39.93962944
492 294 42.3372670009
493 295 41.8404204143
494 296 38.8112531161
495 297 39.2309318316
496 298 36.020753877
497 299 32.5280590665
498 300 30.1004004661
499 301 26.6830184749
500 302 24.871322652
501 303 22.0977688758
502 304 20.535934442
503 305 21.4991448641
504 306 21.8228149523
505 307 24.793642918
506 308 27.3470870097
507 309 30.7525090257
508 310 33.7205721884
509 311 37.1125115522
510 312 39.7343696878
511 313 43.2475601672
512 314 42.6842367944
513 315 39.887967786
514 316 36.5999295036
515 317 33.5116815069
516 318 30.2160755229
517 319 27.653482858
518 320 24.2947584395
519 321 22.5694147233
520 322 19.8009637389
521 323 29.603950356
522 323 29.603950356
523 323 29.603950356
524 323 29.603950356
525 323 29.603950356
526 323 29.603950356
527 323 29.603950356
528 323 29.603950356
529 323 29.603950356
530 323 29.603950356
531 323 29.603950356
532 323 29.603950356
533 323 29.603950356
534 323 29.603950356
535 323 29.603950356
536 323 29.603950356
537 323 29.603950356
538 323 29.603950356
539 323 29.603950356
540 323 29.603950356
541 323 29.603950356
542 323 29.603950356
543 323 29.603950356
544 323 29.603950356
545 323 29.603950356
546 323 29.603950356
547 323 29.603950356
548 323 29.603950356
549 323 29.603950356
550 323 29.603950356
551 323 29.603950356
552 323 29.603950356
553 323 29.603950356
554 323 29.603950356
555 323 29.603950356
556 323 29.603950356
557 323 29.603950356
558 323 29.603950356
559 323 29.603950356
560 323 29.603950356
561 323 29.603950356
562 323 29.603950356
563 323 29.603950356
564 324 17.5444030216
565 324 17.5444030216
566 324 17.5444030216
567 324 17.5444030216
568 324 17.5444030216
569 324 17.5444030216
570 324 17.5444030216
571 324 17.5444030216
572 324 17.5444030216
573 324 17.5444030216
574 324 17.5444030216
575 324 17.5444030216
576 324 17.5444030216
577 324 17.5444030216
578 324 17.5444030216
579 324 17.5444030216
580 324 17.5444030216
581 324 17.5444030216
582 324 17.5444030216
583 324 17.5444030216
584 324 17.5444030216
585 324 17.5444030216
586 324 17.5444030216
587 324 17.5444030216
588 324 17.5444030216
589 324 17.5444030216
590 324 17.5444030216
591 324 17.5444030216
592 324 17.5444030216
593 324 17.5444030216
594 324 17.5444030216
595 324 17.5444030216
596 324 17.5444030216
597 324 17.5444030216
598 324 17.5444030216
599 324 17.5444030216
600 324 17.5444030216
601 324 17.5444030216
602 324 17.5444030216
603 324 17.5444030216
604 324 17.5444030216
605 324 17.5444030216
606 324 17.5444030216
607 324 17.5444030216
608 324 17.5444030216
609 324 17.5444030216
610 324 17.5444030216
611 324 17.5444030216
612 324 17.5444030216
613 324 17.5444030216
614 324 17.5444030216
615 324 17.5444030216
616 324 17.5444030216
617 324 17.5444030216
618 324 17.5444030216
619 324 17.5444030216
620 324 17.5444030216
621 324 17.5444030216
622 324 17.5444030216
623 324 17.5444030216
624 324 17.5444030216
625 324 17.5444030216
626 324 17.5444030216
627 324 17.5444030216
628 324 17.5444030216
629 324 17.5444030216
630 324 17.5444030216
631 324 17.5444030216
632 324 17.5444030216
633 324 17.5444030216
634 324 17.5444030216
635 324 17.5444030216
636 324 17.5444030216
637 324 17.5444030216
638 324 17.5444030216
639 324 17.5444030216
640 324 17.5444030216
641 324 17.5444030216
642 324 17.5444030216
643 324 17.5444030216
644 324 17.5444030216
645 324 17.5444030216
646 324 17.5444030216
647 324 17.5444030216
648 324 17.5444030216
649 324 17.5444030216
650 324 17.5444030216
651 324 17.5444030216
652 324 17.5444030216
653 324 17.5444030216
654 324 17.5444030216
655 324 17.5444030216
656 324 17.5444030216
657 324 17.5444030216
658 324 17.5444030216
659 324 17.5444030216
660 324 17.5444030216
661 324 17.5444030216
662 324 17.5444030216
663 325 24.2779452796
664 325 24.2779452796
665 325 24.2779452796
666 325 24.2779452796
667 325 24.2779452796
668 325 24.2779452796
669 325 24.2779452796
670 325 24.2779452796
671 325 24.2779452796
672 325 24.2779452796
673 325 24.2779452796
674 325 24.2779452796
675 325 24.2779452796
676 325 24.2779452796
677 325 24.2779452796
678 325 24.2779452796
679 325 24.2779452796
680 325 24.2779452796
681 325 24.2779452796
682 325 24.2779452796
683 325 24.2779452796
684 325 24.2779452796
685 325 24.2779452796
686 325 24.2779452796
687 325 24.2779452796
688 325 24.2779452796
689 325 24.2779452796
690 325 24.2779452796
691 325 24.2779452796
692 325 24.2779452796
693 325 24.2779452796
694 325 24.2779452796
695 325 24.2779452796
696 325 24.2779452796
697 325 24.2779452796
698 325 24.2779452796
699 325 24.2779452796
700 325 24.2779452796
701 325 24.2779452796
702 325 24.2779452796
703 325 24.2779452796
704 325 24.2779452796
705 325 24.2779452796
706 325 24.2779452796
707 325 24.2779452796
708 325 24.2779452796
709 325 24.2779452796
710 325 24.2779452796
711 325 24.2779452796
712 325 24.2779452796
713 325 24.2779452796
714 325 24.2779452796
715 325 24.2779452796
716 325 24.2779452796
717 325 24.2779452796
718 325 24.2779452796
719 325 24.2779452796
720 325 24.2779452796
721 325 24.2779452796
722 325 24.2779452796
723 325 24.2779452796
724 325 24.2779452796
725 325 24.2779452796
726 325 24.2779452796
727 325 24.2779452796
728 325 24.2779452796
729 325 24.2779452796
730 325 24.2779452796
731 325 24.2779452796
732 325 24.2779452796
733 325 24.2779452796
734 325 24.2779452796
735 325 24.2779452796
736 325 24.2779452796
737 325 24.2779452796
738 325 24.2779452796
739 325 24.2779452796
740 325 24.2779452796
741 325 24.2779452796
742 325 24.2779452796
743 325 24.2779452796
744 325 24.2779452796
745 325 24.2779452796
746 325 24.2779452796
747 325 24.2779452796
748 325 24.2779452796
749 325 24.2779452796
750 325 24.2779452796
751 325 24.2779452796
752 325 24.2779452796
753 325 24.2779452796
754 325 24.2779452796
755 325 24.2779452796
756 325 24.2779452796
757 325 24.2779452796
758 325 24.2779452796
759 325 24.2779452796
760 325 24.2779452796
761 325 24.2779452796
762 326 30.5236811557
763 326 30.5236811557
764 326 30.5236811557
765 326 30.5236811557
766 326 30.5236811557
767 326 30.5236811557
768 326 30.5236811557
769 326 30.5236811557
770 326 30.5236811557
771 326 30.5236811557
772 326 30.5236811557
773 326 30.5236811557
774 326 30.5236811557
775 326 30.5236811557
776 326 30.5236811557
777 326 30.5236811557
778 326 30.5236811557
779 326 30.5236811557
780 326 30.5236811557
781 326 30.5236811557
782 326 30.5236811557
783 326 30.5236811557
784 326 30.5236811557
785 326 30.5236811557
786 326 30.5236811557
787 326 30.5236811557
788 326 30.5236811557
789 326 30.5236811557
790 326 30.5236811557
791 326 30.5236811557
792 326 30.5236811557
793 326 30.5236811557
794 326 30.5236811557
795 326 30.5236811557
796 326 30.5236811557
797 326 30.5236811557
798 326 30.5236811557
799 326 30.5236811557
800 326 30.5236811557
801 326 30.5236811557
802 326 30.5236811557
803 326 30.5236811557
804 326 30.5236811557
805 326 30.5236811557
806 326 30.5236811557
807 326 30.5236811557
808 326 30.5236811557
809 326 30.5236811557
810 326 30.5236811557
811 326 30.5236811557
812 326 30.5236811557
813 326 30.5236811557
814 326 30.5236811557
815 326 30.5236811557
816 326 30.5236811557
817 326 30.5236811557
818 326 30.5236811557
819 326 30.5236811557
820 326 30.5236811557
821 326 30.5236811557
822 326 30.5236811557
823 326 30.5236811557
824 326 30.5236811557
825 326 30.5236811557
826 326 30.5236811557
827 326 30.5236811557
828 326 30.5236811557
829 326 30.5236811557
830 326 30.5236811557
831 326 30.5236811557
832 326 30.5236811557
833 326 30.5236811557
834 326 30.5236811557
835 326 30.5236811557
836 326 30.5236811557
837 326 30.5236811557
838 326 30.5236811557
839 326 30.5236811557
840 326 30.5236811557
841 326 30.5236811557
842 326 30.5236811557
843 326 30.5236811557
844 326 30.5236811557
845 326 30.5236811557
846 326 30.5236811557
847 326 30.5236811557
848 326 30.5236811557
849 326 30.5236811557
850 326 30.5236811557
851 326 30.5236811557
852 326 30.5236811557
853 326 30.5236811557
854 326 30.5236811557
855 326 30.5236811557
856 326 30.5236811557
857 326 30.5236811557
858 326 30.5236811557
859 326 30.5236811557
860 326 30.5236811557
861 327 31.684610608
862 327 31.684610608
863 327 31.684610608
864 327 31.684610608
865 327 31.684610608
866 327 31.684610608
867 327 31.684610608
868 327 31.684610608
869 327 31.684610608
870 327 31.684610608
871 327 31.684610608
872 327 31.684610608
873 327 31.684610608
874 327 31.684610608
875 327 31.684610608
876 327 31.684610608
877 327 31.684610608
878 327 31.684610608
879 327 31.684610608
880 327 31.684610608
881 327 31.684610608
882 327 31.684610608
883 327 31.684610608
884 327 31.684610608
885 327 31.684610608
886 327 31.684610608
887 327 31.684610608
888 327 31.684610608
889 327 31.684610608
890 327 31.684610608
891 327 31.684610608
892 327 31.684610608
893 327 31.684610608
894 327 31.684610608
895 327 31.684610608
896 327 31.684610608
897 327 31.684610608
898 327 31.684610608
899 327 31.684610608
900 327 31.684610608
901 327 31.684610608
902 327 31.684610608
903 327 31.684610608
904 327 31.684610608
905 327 31.684610608
906 327 31.684610608
907 327 31.684610608
908 327 31.684610608
909 327 31.684610608
910 327 31.684610608
911 327 31.684610608
912 327 31.684610608
913 327 31.684610608
914 327 31.684610608
915 327 31.684610608
916 327 31.684610608
917 327 31.684610608
918 327 31.684610608
919 327 31.684610608
920 327 31.684610608
921 327 31.684610608
922 327 31.684610608
923 327 31.684610608
924 327 31.684610608
925 327 31.684610608
926 327 31.684610608
927 327 31.684610608
928 327 31.684610608
929 327 31.684610608
930 327 31.684610608
931 327 31.684610608
932 327 31.684610608
933 327 31.684610608
934 327 31.684610608
935 327 31.684610608
936 327 31.684610608
937 327 31.684610608
938 327 31.684610608
939 327 31.684610608
940 327 31.684610608
941 327 31.684610608
942 327 31.684610608
943 327 31.684610608
944 327 31.684610608
945 327 31.684610608
946 327 31.684610608
947 327 31.684610608
948 327 31.684610608
949 327 31.684610608
950 327 31.684610608
951 327 31.684610608
952 327 31.684610608
953 327 31.684610608
954 327 31.684610608
955 327 31.684610608
956 327 31.684610608
957 327 31.684610608
958 327 31.684610608
959 327 31.684610608
960 328 43.1985483015
961 328 43.1985483015
962 328 43.1985483015
963 328 43.1985483015
964 328 43.1985483015
965 328 43.1985483015
966 328 43.1985483015
967 328 43.1985483015
968 328 43.1985483015
969 328 43.1985483015
970 328 43.1985483015
971 328 43.1985483015
972 328 43.1985483015
973 328 43.1985483015
974 328 43.1985483015
975 328 43.1985483015
976 328 43.1985483015
977 328 43.1985483015
978 328 43.1985483015
979 328 43.1985483015
980 328 43.1985483015
981 328 43.1985483015
982 328 43.1985483015
983 328 43.1985483015
984 328 43.1985483015
985 328 43.1985483015
986 328 43.1985483015
987 328 43.1985483015
988 328 43.1985483015
989 328 43.1985483015
990 328 43.1985483015
991 328 43.1985483015
992 328 43.1985483015
993 328 43.1985483015
994 328 43.1985483015
995 328 43.1985483015
996 328 43.1985483015
997 328 43.1985483015
998 328 43.1985483015
999 328 43.1985483015
1000 328 43.1985483015
1001 328 43.1985483015
1002 328 43.1985483015
1003 328 43.1985483015
1004 328 43.1985483015
1005 328 43.1985483015
1006 328 43.1985483015
1007 328 43.1985483015
1008 328 43.1985483015
1009 328 43.1985483015
1010 328 43.1985483015
1011 328 43.1985483015
1012 328 43.1985483015
1013 328 43.1985483015
1014 328 43.1985483015
1015 328 43.1985483015
1016 328 43.1985483015
1017 328 43.1985483015
1018 328 43.1985483015
1019 328 43.1985483015
1020 328 43.1985483015
1021 328 43.1985483015
1022 328 43.1985483015
1023 328 43.1985483015
1024 328 43.1985483015
1025 328 43.1985483015
1026 328 43.1985483015
1027 328 43.1985483015
1028 328 43.1985483015
1029 328 43.1985483015
1030 328 43.1985483015
1031 328 43.1985483015
1032 328 43.1985483015
1033 328 43.1985483015
1034 328 43.1985483015
1035 328 43.1985483015
1036 328 43.1985483015
1037 328 43.1985483015
1038 328 43.1985483015
1039 328 43.1985483015
1040 328 43.1985483015
1041 328 43.1985483015
1042 328 43.1985483015
1043 328 43.1985483015
1044 328 43.1985483015
1045 328 43.1985483015
1046 328 43.1985483015
1047 328 43.1985483015
1048 328 43.1985483015
1049 328 43.1985483015
1050 328 43.1985483015
1051 328 43.1985483015
1052 328 43.1985483015
1053 328 43.1985483015
1054 328 43.1985483015
1055 328 43.1985483015
1056 328 43.1985483015
1057 328 43.1985483015
1058 328 43.1985483015
1059 329 55.2327660567
1060 329 55.2327660567
1061 329 55.2327660567
1062 329 55.2327660567
1063 329 55.2327660567
1064 329 55.2327660567
1065 329 55.2327660567
1066 329 55.2327660567
1067 329 55.2327660567
1068 329 55.2327660567
1069 329 55.2327660567
1070 329 55.2327660567
1071 329 55.2327660567
1072 329 55.2327660567
1073 329 55.2327660567
1074 329 55.2327660567
1075 329 55.2327660567
1076 329 55.2327660567
1077 329 55.2327660567
1078 329 55.2327660567
1079 329 55.2327660567
1080 329 55.2327660567
1081 329 55.2327660567
1082 329 55.2327660567
1083 329 55.2327660567
1084 329 55.2327660567
1085 329 55.2327660567
1086 329 55.2327660567
1087 329 55.2327660567
1088 329 55.2327660567
1089 329 55.2327660567
1090 329 55.2327660567
1091 329 55.2327660567
1092 329 55.2327660567
1093 329 55.2327660567
1094 329 55.2327660567
1095 329 55.2327660567
1096 329 55.2327660567
1097 329 55.2327660567
1098 329 55.2327660567
1099 329 55.2327660567
1100 329 55.2327660567
1101 329 55.2327660567
1102 329 55.2327660567
1103 329 55.2327660567
1104 329 55.2327660567
1105 329 55.2327660567
1106 329 55.2327660567
1107 329 55.2327660567
1108 329 55.2327660567
1109 329 55.2327660567
1110 329 55.2327660567
1111 329 55.2327660567
1112 329 55.2327660567
1113 329 55.2327660567
1114 329 55.2327660567
1115 329 55.2327660567
1116 329 55.2327660567
1117 329 55.2327660567
1118 329 55.2327660567
1119 329 55.2327660567
1120 329 55.2327660567
1121 329 55.2327660567
1122 329 55.2327660567
1123 329 55.2327660567
1124 329 55.2327660567
1125 329 55.2327660567
1126 329 55.2327660567
1127 329 55.2327660567
1128 329 55.2327660567
1129 329 55.2327660567
1130 329 55.2327660567
1131 329 55.2327660567
1132 329 55.2327660567
1133 329 55.2327660567
1134 329 55.2327660567
1135 329 55.2327660567
1136 329 55.2327660567
1137 329 55.2327660567
1138 329 55.2327660567
1139 329 55.2327660567
1140 329 55.2327660567
1141 329 55.2327660567
1142 329 55.2327660567
1143 329 55.2327660567
1144 329 55.2327660567
1145 329 55.2327660567
1146 329 55.2327660567
1147 329 55.2327660567
1148 329 55.2327660567
1149 329 55.2327660567
1150 329 55.2327660567
1151 329 55.2327660567
1152 329 55.2327660567
1153 329 55.2327660567
1154 329 55.2327660567
1155 329 55.2327660567
1156 330 54.8380772177
1157 330 54.8380772177
1158 330 54.8380772177
1159 330 54.8380772177
1160 330 54.8380772177
1161 330 54.8380772177
1162 330 54.8380772177
1163 330 54.8380772177
1164 330 54.8380772177
1165 330 54.8380772177
1166 330 54.8380772177
1167 330 54.8380772177
1168 330 54.8380772177
1169 330 54.8380772177
1170 330 54.8380772177
1171 330 54.8380772177
1172 330 54.8380772177
1173 330 54.8380772177
1174 330 54.8380772177
1175 330 54.8380772177
1176 330 54.8380772177
1177 330 54.8380772177
1178 330 54.8380772177
1179 330 54.8380772177
1180 330 54.8380772177
1181 330 54.8380772177
1182 330 54.8380772177
1183 330 54.8380772177
1184 330 54.8380772177
1185 330 54.8380772177
1186 330 54.8380772177
1187 330 54.8380772177
1188 330 54.8380772177
1189 330 54.8380772177
1190 330 54.8380772177
1191 330 54.8380772177
1192 330 54.8380772177
1193 330 54.8380772177
1194 330 54.8380772177
1195 330 54.8380772177
1196 330 54.8380772177
1197 330 54.8380772177
1198 330 54.8380772177
1199 330 54.8380772177
1200 330 54.8380772177
1201 330 54.8380772177
1202 330 54.8380772177
1203 330 54.8380772177
1204 330 54.8380772177
1205 330 54.8380772177
1206 330 54.8380772177
1207 330 54.8380772177
1208 330 54.8380772177
1209 330 54.8380772177
1210 330 54.8380772177
1211 330 54.8380772177
1212 330 54.8380772177
1213 330 54.8380772177
1214 330 54.8380772177
1215 330 54.8380772177
1216 330 54.8380772177
1217 330 54.8380772177
1218 331 41.0105204845
1219 331 41.0105204845
1220 331 41.0105204845
1221 331 41.0105204845
1222 331 41.0105204845
1223 331 41.0105204845
1224 331 41.0105204845
1225 331 41.0105204845
1226 331 41.0105204845
1227 331 41.0105204845
1228 331 41.0105204845
1229 331 41.0105204845
1230 331 41.0105204845
1231 331 41.0105204845
1232 331 41.0105204845
1233 331 41.0105204845
1234 331 41.0105204845
1235 331 41.0105204845
1236 331 41.0105204845
1237 331 41.0105204845
1238 331 41.0105204845
1239 331 41.0105204845
1240 331 41.0105204845
1241 331 41.0105204845
1242 331 41.0105204845
1243 331 41.0105204845
1244 331 41.0105204845
1245 331 41.0105204845
1246 331 41.0105204845
1247 331 41.0105204845
1248 331 41.0105204845
1249 331 41.0105204845
1250 331 41.0105204845
1251 331 41.0105204845
1252 331 41.0105204845
1253 331 41.0105204845
1254 331 41.0105204845
1255 331 41.0105204845
1256 331 41.0105204845
1257 331 41.0105204845
1258 331 41.0105204845
1259 331 41.0105204845
1260 331 41.0105204845
1261 331 41.0105204845
1262 331 41.0105204845
1263 331 41.0105204845
1264 331 41.0105204845
1265 331 41.0105204845
1266 331 41.0105204845
1267 331 41.0105204845
1268 331 41.0105204845
1269 331 41.0105204845
1270 331 41.0105204845
1271 331 41.0105204845
1272 331 41.0105204845
1273 331 41.0105204845
1274 331 41.0105204845
1275 331 41.0105204845
1276 331 41.0105204845
1277 331 41.0105204845
1278 331 41.0105204845
1279 331 41.0105204845
1280 332 53.4991948234
1281 333 52.4112892364
1282 334 52.3025044611
1283 335 51.6826006352
1284 336 52.3057366313
1285 337 51.8654806298
1286 338 51.6168260111
1287 339 52.3516157914
1288 340 52.0057148098
1289 341 52.0144310245
1290 342 51.368443304
1291 343 51.4385630404
1292 344 51.0683496837
1293 345 50.9759923882
1294 346 51.1777400843
1295 347 50.7124060501
1296 348 50.5945707366
1297 349 50.9907096501
1298 350 50.8546673633
1299 351 50.6158167174
1300 352 50.9641634281
1301 353 50.6887296865
1302 354 50.7956664545
1303 355 50.5293959252
1304 356 50.5578282737
1305 357 50.6072773966
1306 358 50.4687087287
1307 359 50.5762639704
1308 360 50.6852823281
1309 361 50.7403654829
1310 362 51.2486208826
1311 363 51.125002101
1312 364 51.2897573702
1313 365 50.9915044274
1314 366 50.8869536339
1315 367 50.6442081566
1316 368 50.4438072257
1317 369 50.4862884201
1318 370 50.8084621986
1319 371 50.9228488545
1320 372 50.9117241967
1321 373 51.239129622
1322 374 51.6382054615
1323 375 51.7801871266
1324 376 52.1016916548
1325 377 52.5938317622
1326 378 53.7033705145
1327 379 53.3871239071
1328 380 53.1515416717
1329 381 52.4778978544
1330 382 52.3439073302
1331 383 51.9975866514
1332 384 52.4397441055
1333 385 53.0228904839
1334 386 53.0980238803
1335 387 52.7633682968
1336 388 53.1645663923
1337 389 52.4335137122
1338 390 52.1112845971
1339 391 51.4151051211
1340 392 50.9549399017
1341 393 50.5961711837
