1 0 44.6511888085
2 1 40.4688184906
3 2 38.8044315529
4 3 39.2883527353
5 4 37.1991113
6 5 36.1319677156
7 6 37.8083646055
8 7 35.9388292311
9 8 33.5996784116
10 9 31.818724125
11 10 31.1523142416
12 11 33.5553511247
13 12 33.2745949596
14 13 35.7921890754
15 14 37.9727651857
16 15 40.3366252408
17 16 42.8311122813
18 17 45.5661824221
19 18 47.1840465568
20 19 48.0776924945
21 20 45.4425490272
22 21 46.9688930922
23 22 46.1594538672
24 23 43.2458496483
25 24 41.7782462896
26 25 38.8829227033
27 26 37.3309994927
28 27 34.6923479692
29 28 32.6142448781
30 29 34.2029092895
31 30 36.1220183302
32 31 38.5936567856
33 32 40.2814156888
34 33 41.4771583554
35 34 43.9438011975
36 35 44.4591873092
37 36 46.7343363943
38 37 45.6764940558
39 38 47.6525312666
40 39 46.8193963333
41 40 44.7148152113
42 41 45.8562780049
43 42 45.2657679172
44 43 46.1671974193
45 44 44.8012990602
46 45 46.8963831645
47 46 45.4774037062
48 47 42.8986430169
49 48 42.9727278301
50 49 41.6247816258
51 50 41.4996465182
52 51 39.0629613815
53 52 36.7480368202
54 53 34.3966012279
55 54 33.6222348169
56 55 35.9034575539
57 56 34.8359305243
58 57 37.1753390818
59 58 40.1465251777
60 59 42.3289619422
61 60 45.1702341511
62 61 47.692444862
63 62 49.4967843422
64 63 51.6011050953
65 64 54.0139081062
66 65 53.2792180409
67 66 53.095063076
68 67 50.6553291945
69 68 48.7180658118
70 69 45.632135627
71 70 43.8264632348
72 71 41.0435984144
73 72 38.9352018729
74 73 36.5137102366
75 74 34.1643771404
76 75 36.1213517756
77 76 37.6721762455
78 77 40.2917181962
79 78 41.8790111934
80 79 43.6602313992
81 80 46.1591566725
82 81 47.0436715009
83 82 49.6861550325
84 83 50.9091982548
85 84 53.8792050184
86 85 55.0809734126
87 86 52.5881055766
88 87 51.2340096719
89 88 49.071928702
90 89 48.78045431
91 90 47.4057671602
92 91 49.6788363059
93 92 48.2685666919
94 93 45.7208724118
95 94 44.7435819775
96 95 42.8023663159
97 96 42.8009477337
98 97 39.758547872
99 98 37.6750863111
100 99 35.3256295369
101 100 34.687939297
102 101 36.7029492843
103 102 35.2974445016
104 103 37.5429376528
105 104 40.5931396512
106 105 42.1949240758
107 106 45.2322875483
108 107 46.4014192251
109 108 47.7007207968
110 109 50.4185644286
111 110 52.2725328788
112 111 51.4580956761
113 112 52.5314750812
114 113 50.6020351903
115 114 48.4029940815
116 115 45.5614122979
117 116 43.1754058589
118 117 41.0870015229
119 118 38.2334870256
120 119 36.7063794473
121 120 34.0359259488
122 121 35.8522019043
123 122 36.2940501657
124 123 39.1209461428
125 124 40.6403690576
126 125 43.3338125259
127 126 45.6313268386
128 127 47.4720539182
129 128 50.2176422727
130 129 52.1020069277
131 130 54.7900069565
132 131 57.3881287427
133 132 57.0345318778
134 133 54.1454493208
135 134 52.1823980637
136 135 50.6622070118
137 136 50.7600892838
138 137 48.0262311173
139 138 47.1641886138
140 139 44.5899574416
141 140 43.0344689477
142 141 40.4978302686
143 142 38.8405688824
144 143 35.843295057
145 144 34.1527804426
146 145 31.9621458448
147 146 33.1466425092
148 147 34.6483991965
149 148 33.5562635351
150 149 35.595034662
151 150 38.3192989865
152 151 39.6639556266
153 152 42.4988803806
154 153 42.9701182583
155 154 45.0443849895
156 155 47.9999902043
157 156 48.6737681861
158 157 49.9867505577
159 158 34.7039172442
160 158 34.7039172442
161 158 34.7039172442
162 158 34.7039172442
163 158 34.7039172442
164 158 34.7039172442
165 158 34.7039172442
166 159 54.6590817778
167 160 53.9128012892
168 161 52.1645092244
169 162 50.8103239363
170 163 49.1025567317
171 164 47.5577735918
172 165 44.5088073275
173 166 42.0502853564
174 167 39.0117627689
175 168 37.2053489927
176 169 34.1092564342
177 170 32.7370580727
178 171 30.1402514581
179 172 30.6977432239
180 173 29.675816899
181 174 32.4025912381
182 175 34.2046503237
183 176 37.202821695
184 177 39.8648895281
185 178 42.5709594731
186 179 45.4828312304
187 180 48.1273026734
188 181 50.0298355044
189 182 53.0632816455
190 183 53.6190912253
191 184 51.0838192047
192 185 51.6711751323
193 186 48.6924228009
194 187 46.1302465281
195 188 45.022950848
196 189 42.3680920021
197 190 42.2961074781
198 191 39.2799203028
199 192 36.548355921
200 193 34.1065583658
201 194 31.3667816566
202 195 28.8146198856
203 196 27.4002628485
204 197 25.3070450796
205 198 25.5942293606
206 199 27.8625820145
207 200 29.8951627505
208 201 30.3287338921
209 202 32.7746973191
210 203 34.6626112072
211 204 36.6849149342
212 205 38.769577063
213 206 39.3417855606
214 207 42.3229638273
215 208 41.9630056995
216 209 44.3832416554
217 210 43.1104621744
218 211 42.5850387858
219 212 40.0162775684
220 213 39.9184777413
221 214 37.4051131774
222 215 36.240726983
223 216 33.5602080972
224 217 31.9198176129
225 218 29.5981388556
226 219 27.3869251471
227 220 25.0702572255
228 221 23.5516731287
229 222 23.5367054261
230 223 25.3425718329
231 224 28.1458819002
232 225 29.661867241
233 226 32.0795665004
234 227 34.0990291673
235 228 36.0525485886
236 229 38.5659823778
237 230 40.2311801439
238 231 42.3357734429
239 232 44.1743424631
240 233 43.7694266247
241 234 41.0721436671
242 235 38.1969187168
243 236 36.3793504533
244 237 33.7323966785
245 238 31.1280214378
246 239 29.5264658766
247 240 27.1749597567
248 241 27.7600025805
249 242 24.867293551
250 243 22.4256475246
251 244 20.6320459664
252 245 21.0605398646
253 246 22.1877188742
254 247 20.5721131834
255 248 21.9178326645
256 249 24.1056293207
257 250 26.9477750212
258 251 29.2817907212
259 252 31.9275632433
260 253 33.1117088508
261 254 35.8859574929
262 255 37.6144922355
263 256 39.45439286
264 257 42.4630995389
265 258 42.1388215572
266 259 39.8023810493
267 260 38.2463191332
268 261 36.176007413
269 262 34.2554866918
270 263 33.3020671285
271 264 30.7082576934
272 265 29.6849067723
273 266 26.7068904541
274 267 24.726024813
275 268 23.9563259788
276 269 26.904664369
277 270 27.5998444771
278 271 29.9629506776
279 272 29.649964756
280 273 31.914344302
281 274 31.6486259147
282 275 33.2104243648
283 276 32.9780786806
284 277 32.1419079979
285 278 32.5960611449
286 279 30.1062137536
287 280 31.7161658706
288 281 29.4554043997
289 282 29.5352835488
290 283 28.8497285577
291 284 29.6715082155
292 285 32.7515007842
293 286 32.8588563619
294 287 31.0351957022
295 288 28.2870025084
296 289 26.83712046
297 290 27.5518785715
