1 0 46.9280362959
2 0 46.9280362959
3 0 46.9280362959
4 0 46.9280362959
5 0 46.9280362959
6 0 46.9280362959
7 0 46.9280362959
8 0 46.9280362959
9 0 46.9280362959
10 0 46.9280362959
11 0 46.9280362959
12 0 46.9280362959
13 0 46.9280362959
14 0 46.9280362959
15 0 46.9280362959
16 0 46.9280362959
17 0 46.9280362959
18 0 46.9280362959
19 0 46.9280362959
20 0 46.9280362959
21 0 46.9280362959
22 0 46.9280362959
23 0 46.9280362959
24 0 46.9280362959
25 0 46.9280362959
26 0 46.9280362959
27 0 46.9280362959
28 0 46.9280362959
29 0 46.9280362959
30 0 46.9280362959
31 0 46.9280362959
32 0 46.9280362959
33 0 46.9280362959
34 0 46.9280362959
35 0 46.9280362959
36 0 46.9280362959
37 0 46.9280362959
38 0 46.9280362959
39 0 46.9280362959
40 0 46.9280362959
41 0 46.9280362959
42 0 46.9280362959
43 0 46.9280362959
44 0 46.9280362959
45 0 46.9280362959
46 0 46.9280362959
47 0 46.9280362959
48 0 46.9280362959
49 0 46.9280362959
50 0 46.9280362959
51 0 46.9280362959
52 0 46.9280362959
53 0 46.9280362959
54 1 32.1154260547
55 2 30.6756135206
56 3 32.3090644068
57 4 33.7664945296
58 5 35.7917900923
59 6 36.5676201588
60 7 39.0371731907
61 8 39.7091773565
62 9 38.089302717
63 10 39.0401781353
64 11 37.7911085945
65 12 38.1339336377
66 13 36.9786347288
67 14 34.7607967447
68 15 35.8570459544
69 16 33.3821989855
70 17 35.1686046992
71 18 34.1182067478
72 19 35.9835589823
73 20 37.17692085
74 21 39.1557152684
75 22 40.6700343249
76 23 43.2937751105
77 24 44.1728026661
78 25 46.8632351355
79 26 46.5558182536
80 27 45.4529912952
81 28 43.8191726351
82 29 41.6885373671
83 30 43.3568449006
84 31 41.4592608731
85 32 41.1775298331
86 33 39.31853809
87 34 38.5459749321
88 35 37.1433551059
89 36 35.3314964095
90 37 37.2066386913
91 38 39.1403753561
92 39 40.8856343979
93 40 41.4394420844
94 41 42.4830290155
95 42 43.8134075422
96 43 43.7049750362
97 44 44.8494717096
98 45 42.8074881974
99 46 43.8414969787
100 47 46.2021718146
101 48 44.8970322478
102 49 46.5970855113
103 50 47.3033582634
104 51 47.49819735
105 52 46.5259889164
106 53 45.7484725356
107 54 47.4069217851
108 55 46.9073662536
109 56 45.3483036595
110 57 44.7226902551
111 58 43.560052267
112 59 42.5405779482
113 60 40.9776574155
114 61 39.2794252142
115 62 37.0736627685
116 63 35.9143150034
117 64 37.1706703336
118 65 35.2608187041
119 66 36.9022564677
120 67 39.3607490967
121 68 40.7465933817
122 69 43.2069885173
123 70 45.1008010675
124 71 46.7165386365
125 72 48.1626479364
126 73 50.006902372
127 74 49.6250645573
128 75 48.4615208517
129 76 46.8812786021
130 77 44.3086348524
131 78 42.7217766426
132 79 40.5800162648
133 80 38.6535730458
134 81 37.4514992194
135 82 35.3888324122
136 83 37.3952975215
137 84 37.3634894793
138 85 40.0347761947
139 86 41.1857901392
140 87 43.3085869831
141 88 45.1595477114
142 89 46.9259831521
143 90 48.9467923437
144 91 48.3470120095
145 92 51.0295245983
146 93 51.8644988411
147 94 49.6455100731
148 95 49.5309676997
149 96 47.1029057198
150 97 48.1400463174
151 98 48.7875846203
152 99 46.7900730003
153 100 44.8318757806
154 101 43.2688757323
155 102 40.6733523365
156 103 39.6730516529
157 104 37.1009057322
158 105 35.4253774517
159 106 33.855171124
160 107 34.0054242355
161 108 35.2070765651
162 109 33.60395791
163 110 35.3849376875
164 111 37.9168302637
165 112 38.8115759087
166 113 41.4619422402
167 114 42.5976260223
168 115 43.6984396536
169 116 46.0084243172
170 117 46.3730291276
171 118 46.5968267295
172 119 44.0970376778
173 120 42.0072824949
174 121 39.3898867978
175 122 37.6988807559
176 123 35.0178114561
177 124 33.6372793733
178 125 31.3486859966
179 126 32.5617389346
180 127 31.5167237939
181 128 34.0983001806
182 129 35.9696778268
183 130 38.6279844648
184 131 40.9881329253
185 132 43.1952542372
186 133 45.8294426048
187 134 47.2880810382
188 135 49.5740243742
189 136 49.2211070663
190 137 48.8262745255
191 138 46.1932358903
192 139 45.6101140671
193 140 43.1214572399
194 141 43.6243257987
195 142 41.0950285406
196 143 38.4486428959
197 144 36.4347691327
198 145 34.2033207097
199 146 31.8465467098
200 147 30.2094398619
201 148 27.7910256698
202 149 27.6553855098
203 150 29.3917528157
204 151 31.1381190913
205 152 30.771034773
206 153 32.6302569441
207 154 34.7716727513
208 155 35.9650003126
209 156 38.0703117345
210 157 37.754587497
211 158 39.2077577611
212 159 40.069622806
213 160 40.8027179067
214 161 41.247355908
215 162 41.7740436919
216 163 39.018008265
217 164 37.0594214844
218 165 34.3091990754
219 166 32.8365691167
220 167 30.2937575532
221 168 28.7733537699
222 169 26.4123384422
223 170 26.0032961702
224 171 25.1901071872
225 172 27.4608400508
226 173 29.8073988857
227 174 32.0775963093
228 175 34.3651826324
229 176 36.6516206269
230 177 39.3822548367
231 178 41.3786731748
232 179 42.3777557327
233 180 40.23570255
234 181 38.554860454
235 182 36.1468946859
236 183 35.0482189656
237 184 35.8549176375
238 185 33.1974229664
239 186 30.7572272336
240 187 28.7548422036
241 188 26.0622777401
242 189 25.0139278619
243 190 22.3284160206
244 191 22.2732438244
245 192 20.7557164836
246 193 21.7968601986
247 194 24.4327570209
248 195 26.4693707379
249 196 27.8949392314
250 197 29.8465969322
251 198 30.9211788028
252 199 32.657458716
253 200 33.9038529978
254 201 33.8326969393
255 202 36.4181707676
256 203 36.1121094759
257 204 34.3163255703
258 205 35.1253189015
259 206 35.9271429049
260 207 36.0017644731
261 208 34.4672248635
262 209 32.289607758
263 210 31.2107545006
264 211 29.0368814625
265 212 27.7973965468
266 213 26.3003540376
267 214 24.5139722574
268 215 22.9095514081
269 216 20.8841621584
270 217 21.6283717411
271 218 22.1347526464
272 219 24.604530653
273 220 25.244432969
274 221 27.2726034362
275 222 28.4287468826
276 223 29.8509045581
277 224 32.2913403243
278 225 32.8978654009
279 226 26.1603284411
280 226 26.1603284411
281 226 26.1603284411
282 226 26.1603284411
283 226 26.1603284411
284 226 26.1603284411
285 226 26.1603284411
286 226 26.1603284411
287 226 26.1603284411
288 226 26.1603284411
289 226 26.1603284411
290 227 30.1318263835
291 228 29.1493567991
292 229 26.8691967721
293 230 25.8403082026
294 231 26.060803806
295 232 24.0877800707
296 233 22.7200214613
297 234 22.6172875613
298 235 20.7198189642
299 236 21.2789323725
300 237 22.0761957624
301 238 20.6273405076
302 239 22.2313196882
303 240 23.5881776014
304 241 25.3953256137
305 242 27.894607607
306 243 29.2087367557
307 244 29.2107890899
308 245 31.4740863285
309 246 32.2309282624
310 247 33.8046768421
311 248 36.2793276706
312 249 35.7499452103
313 250 33.0269343718
314 251 31.287785477
315 252 31.2126584009
316 252 31.2126584009
317 252 31.2126584009
318 252 31.2126584009
319 252 31.2126584009
320 252 31.2126584009
321 252 31.2126584009
322 252 31.2126584009
323 252 31.2126584009
324 252 31.2126584009
325 253 29.8093701217
326 254 29.6577367909
327 255 29.6368324855
328 256 28.2492524725
329 257 28.0611476631
330 258 26.4802415722
331 259 25.8158283949
332 260 24.5326784489
333 261 27.1167373707
334 262 26.7753356852
335 263 28.2187296038
336 264 26.8878907713
337 265 27.9069662896
338 266 26.5076408926
339 267 26.3475250863
340 268 28.4812194389
341 269 27.3872996685
342 270 24.6591813286
343 271 24.8098176134
344 272 22.3178785766
345 273 19.8595532544
346 273 19.8595532544
347 273 19.8595532544
348 273 19.8595532544
349 273 19.8595532544
350 273 19.8595532544
351 273 19.8595532544
352 273 19.8595532544
353 273 19.8595532544
354 273 19.8595532544
355 273 19.8595532544
356 273 19.8595532544
357 273 19.8595532544
358 273 19.8595532544
359 273 19.8595532544
360 273 19.8595532544
361 273 19.8595532544
362 273 19.8595532544
363 273 19.8595532544
364 273 19.8595532544
365 273 19.8595532544
366 273 19.8595532544
367 273 19.8595532544
368 273 19.8595532544
369 273 19.8595532544
370 273 19.8595532544
371 273 19.8595532544
372 273 19.8595532544
373 273 19.8595532544
374 273 19.8595532544
375 273 19.8595532544
376 273 19.8595532544
377 273 19.8595532544
378 273 19.8595532544
379 273 19.8595532544
380 273 19.8595532544
381 273 19.8595532544
382 273 19.8595532544
383 273 19.8595532544
384 273 19.8595532544
385 273 19.8595532544
386 273 19.8595532544
387 273 19.8595532544
388 273 19.8595532544
389 273 19.8595532544
390 274 23.1257521772
391 275 24.7371589507
392 276 26.0190982636
393 277 26.0231020416
394 278 28.2416314882
395 279 28.5071714525
396 280 31.1360802554
397 281 30.4643145323
398 282 31.7801134236
399 283 29.5650098053
400 284 28.6177826814
401 285 29.8880787349
402 286 30.915495755
403 287 32.6911971267
404 288 33.6845684728
405 289 36.1526226316
406 290 36.9275721935
407 291 37.2893141305
408 292 39.4109294103
409 293 41.8967421099
410 294 40.9874169612
411 295 38.8236841723
412 296 37.5214513218
413 297 35.7642115645
414 298 35.9565441231
415 299 33.9200615646
416 300 34.062670873
417 301 32.3361676053
418 302 32.3495795524
419 303 33.9004547587
420 304 35.5697243893
421 305 36.1470929426
422 306 35.7875033582
423 307 37.1599500316
424 308 36.2383015665
425 309 25.5782614919
426 309 25.5782614919
427 309 25.5782614919
428 309 25.5782614919
429 309 25.5782614919
430 310 7.21603842314
431 311 8.78068945116
432 312 7.91387892247
433 313 8.29699708108
434 314 10.5832560241
435 315 11.5733251103
436 316 11.3579796887
437 317 12.0655533334
438 318 14.3276075218
439 319 14.9257432337
440 320 14.3979084078
441 321 15.4475889003
442 322 17.5060617041
443 323 18.5524583462
444 324 19.3460008435
445 325 17.404822503
446 326 15.7031116017
447 327 16.7310251557
448 328 15.7208852833
449 329 17.1233503559
450 330 16.3357597665
451 331 14.6244213027
452 332 14.8449432863
453 333 13.5443586903
454 334 12.5923763806
455 335 13.5726406085
456 336 13.9234641599
457 337 14.7001410708
458 338 14.321321265
459 339 16.0222809403
460 340 15.0276139705
461 341 16.7161281335
462 342 16.4567524903
463 343 18.2747155011
464 344 20.6327429553
465 345 20.422915995
466 346 22.1610894379
467 347 22.4617189687
468 348 24.1649684852
469 349 25.2785770955
470 350 23.1699807371
471 351 20.9738314356
472 352 20.1954855184
473 353 17.6295173554
474 354 17.0848083926
475 355 15.7212595463
476 356 16.0453912093
477 357 13.7304406804
478 358 13.7400648272
479 359 11.4820072409
480 360 11.6315830531
481 361 9.77535879481
482 362 10.0629511124
483 363 9.83771856412
484 364 8.38524963716
485 365 6.52495366419
486 366 4.99625052107
487 367 5.33893640235
488 368 5.51796606786
489 369 7.78935764718
490 370 7.86425694089
491 371 6.90478750522
492 372 8.30291106485
493 373 10.6787710527
494 374 11.028884744
495 375 13.3953029591
496 376 14.9239992173
497 377 17.225811978
498 378 18.3068173741
499 379 17.6004371208
500 380 18.9568723979
501 381 18.6235664701
502 382 16.5254591007
503 383 16.2179714317
504 384 15.9541451781
505 385 13.6658606748
506 386 12.984339134
507 387 13.5128830263
508 388 12.0944263759
509 389 9.89320830291
510 390 9.99220172042
511 391 9.96068008491
512 392 8.38829903652
513 393 6.62970120277
514 394 6.86143372784
515 395 6.68740893941
516 396 4.69837989539
517 397 4.11048725628
518 398 4.74660677689
519 399 5.00401391523
520 400 3.73500716297
521 401 3.18400401021
522 402 4.25878373203
523 403 3.67653009878
524 404 3.43711920702
525 405 3.72991002149
526 406 3.25684365288
527 407 4.64665008874
528 408 5.2593188309
529 409 7.59006148719
530 410 8.40132447395
531 411 6.92231808929
532 412 7.5147695016
533 413 9.86502018931
534 414 9.46988560322
535 415 7.89328258732
536 416 9.68083344015
537 417 14.3006235755
538 417 14.3006235755
539 417 14.3006235755
540 417 14.3006235755
541 417 14.3006235755
542 417 14.3006235755
543 417 14.3006235755
544 417 14.3006235755
545 417 14.3006235755
546 417 14.3006235755
547 417 14.3006235755
548 417 14.3006235755
549 417 14.3006235755
550 417 14.3006235755
551 417 14.3006235755
552 417 14.3006235755
553 417 14.3006235755
554 417 14.3006235755
555 417 14.3006235755
556 417 14.3006235755
557 417 14.3006235755
558 417 14.3006235755
559 417 14.3006235755
560 417 14.3006235755
561 417 14.3006235755
562 417 14.3006235755
563 417 14.3006235755
564 417 14.3006235755
565 417 14.3006235755
566 417 14.3006235755
567 417 14.3006235755
568 417 14.3006235755
569 417 14.3006235755
570 417 14.3006235755
571 417 14.3006235755
572 417 14.3006235755
573 417 14.3006235755
574 417 14.3006235755
575 417 14.3006235755
576 417 14.3006235755
577 417 14.3006235755
578 417 14.3006235755
579 417 14.3006235755
580 417 14.3006235755
581 417 14.3006235755
582 417 14.3006235755
583 417 14.3006235755
584 417 14.3006235755
585 417 14.3006235755
586 417 14.3006235755
587 417 14.3006235755
588 417 14.3006235755
589 417 14.3006235755
590 417 14.3006235755
591 417 14.3006235755
592 417 14.3006235755
593 417 14.3006235755
594 417 14.3006235755
595 417 14.3006235755
596 417 14.3006235755
597 417 14.3006235755
598 417 14.3006235755
599 417 14.3006235755
600 417 14.3006235755
601 417 14.3006235755
602 417 14.3006235755
603 417 14.3006235755
604 417 14.3006235755
605 417 14.3006235755
606 417 14.3006235755
607 417 14.3006235755
608 417 14.3006235755
609 417 14.3006235755
610 417 14.3006235755
611 417 14.3006235755
612 417 14.3006235755
613 417 14.3006235755
614 417 14.3006235755
615 417 14.3006235755
616 418 22.7687424112
617 418 22.7687424112
618 418 22.7687424112
619 418 22.7687424112
620 418 22.7687424112
621 418 22.7687424112
622 418 22.7687424112
623 418 22.7687424112
624 418 22.7687424112
625 418 22.7687424112
626 418 22.7687424112
627 418 22.7687424112
628 418 22.7687424112
629 418 22.7687424112
630 418 22.7687424112
631 418 22.7687424112
632 418 22.7687424112
633 418 22.7687424112
634 418 22.7687424112
635 418 22.7687424112
636 418 22.7687424112
637 418 22.7687424112
638 418 22.7687424112
639 418 22.7687424112
640 418 22.7687424112
641 418 22.7687424112
642 418 22.7687424112
643 418 22.7687424112
644 418 22.7687424112
645 418 22.7687424112
646 418 22.7687424112
647 418 22.7687424112
648 418 22.7687424112
649 418 22.7687424112
650 418 22.7687424112
651 418 22.7687424112
652 418 22.7687424112
653 418 22.7687424112
654 418 22.7687424112
655 418 22.7687424112
656 418 22.7687424112
657 418 22.7687424112
658 418 22.7687424112
659 418 22.7687424112
660 418 22.7687424112
661 418 22.7687424112
662 418 22.7687424112
663 418 22.7687424112
664 418 22.7687424112
665 418 22.7687424112
666 418 22.7687424112
667 418 22.7687424112
668 418 22.7687424112
669 418 22.7687424112
670 418 22.7687424112
671 418 22.7687424112
672 418 22.7687424112
673 418 22.7687424112
674 418 22.7687424112
675 418 22.7687424112
676 418 22.7687424112
677 418 22.7687424112
678 418 22.7687424112
679 418 22.7687424112
680 418 22.7687424112
681 418 22.7687424112
682 418 22.7687424112
683 418 22.7687424112
684 418 22.7687424112
685 418 22.7687424112
686 418 22.7687424112
687 418 22.7687424112
688 418 22.7687424112
689 418 22.7687424112
690 418 22.7687424112
691 418 22.7687424112
692 418 22.7687424112
693 418 22.7687424112
694 418 22.7687424112
695 419 24.6534662358
696 419 24.6534662358
697 419 24.6534662358
698 419 24.6534662358
699 419 24.6534662358
700 419 24.6534662358
701 419 24.6534662358
702 419 24.6534662358
703 419 24.6534662358
704 419 24.6534662358
705 419 24.6534662358
706 419 24.6534662358
707 419 24.6534662358
708 419 24.6534662358
709 419 24.6534662358
710 419 24.6534662358
711 419 24.6534662358
712 419 24.6534662358
713 419 24.6534662358
714 419 24.6534662358
715 419 24.6534662358
716 419 24.6534662358
717 419 24.6534662358
718 419 24.6534662358
719 419 24.6534662358
720 419 24.6534662358
721 419 24.6534662358
722 419 24.6534662358
723 419 24.6534662358
724 419 24.6534662358
725 419 24.6534662358
726 419 24.6534662358
727 419 24.6534662358
728 419 24.6534662358
729 419 24.6534662358
730 419 24.6534662358
731 419 24.6534662358
732 419 24.6534662358
733 419 24.6534662358
734 419 24.6534662358
735 419 24.6534662358
736 419 24.6534662358
737 419 24.6534662358
738 419 24.6534662358
739 419 24.6534662358
740 419 24.6534662358
741 419 24.6534662358
742 419 24.6534662358
743 419 24.6534662358
744 419 24.6534662358
745 419 24.6534662358
746 419 24.6534662358
747 419 24.6534662358
748 419 24.6534662358
749 419 24.6534662358
750 419 24.6534662358
751 419 24.6534662358
752 419 24.6534662358
753 419 24.6534662358
754 419 24.6534662358
755 419 24.6534662358
756 419 24.6534662358
757 419 24.6534662358
758 419 24.6534662358
759 419 24.6534662358
760 419 24.6534662358
761 419 24.6534662358
762 419 24.6534662358
763 419 24.6534662358
764 419 24.6534662358
765 419 24.6534662358
766 419 24.6534662358
767 419 24.6534662358
768 419 24.6534662358
769 419 24.6534662358
770 419 24.6534662358
771 419 24.6534662358
772 419 24.6534662358
773 420 35.1997489775
774 420 35.1997489775
775 420 35.1997489775
776 420 35.1997489775
777 420 35.1997489775
778 420 35.1997489775
779 420 35.1997489775
780 420 35.1997489775
781 420 35.1997489775
782 420 35.1997489775
783 420 35.1997489775
784 420 35.1997489775
785 420 35.1997489775
786 420 35.1997489775
787 420 35.1997489775
788 420 35.1997489775
789 420 35.1997489775
790 420 35.1997489775
791 420 35.1997489775
792 420 35.1997489775
793 420 35.1997489775
794 420 35.1997489775
795 420 35.1997489775
796 420 35.1997489775
797 420 35.1997489775
798 420 35.1997489775
799 420 35.1997489775
800 420 35.1997489775
801 420 35.1997489775
802 420 35.1997489775
803 420 35.1997489775
804 420 35.1997489775
805 420 35.1997489775
806 420 35.1997489775
807 420 35.1997489775
808 420 35.1997489775
809 420 35.1997489775
810 420 35.1997489775
811 420 35.1997489775
812 420 35.1997489775
813 420 35.1997489775
814 420 35.1997489775
815 420 35.1997489775
816 420 35.1997489775
817 420 35.1997489775
818 420 35.1997489775
819 420 35.1997489775
820 420 35.1997489775
821 420 35.1997489775
822 420 35.1997489775
823 420 35.1997489775
824 420 35.1997489775
825 420 35.1997489775
826 421 23.4702331522
827 421 23.4702331522
828 421 23.4702331522
829 421 23.4702331522
830 421 23.4702331522
831 421 23.4702331522
832 421 23.4702331522
833 421 23.4702331522
834 421 23.4702331522
835 421 23.4702331522
836 421 23.4702331522
837 421 23.4702331522
838 421 23.4702331522
839 421 23.4702331522
840 421 23.4702331522
841 421 23.4702331522
842 421 23.4702331522
843 421 23.4702331522
844 421 23.4702331522
845 421 23.4702331522
846 421 23.4702331522
847 421 23.4702331522
848 421 23.4702331522
849 421 23.4702331522
850 421 23.4702331522
851 421 23.4702331522
852 421 23.4702331522
853 421 23.4702331522
854 421 23.4702331522
855 421 23.4702331522
856 421 23.4702331522
857 421 23.4702331522
858 421 23.4702331522
859 421 23.4702331522
860 421 23.4702331522
861 421 23.4702331522
862 421 23.4702331522
863 421 23.4702331522
864 421 23.4702331522
865 421 23.4702331522
866 421 23.4702331522
867 421 23.4702331522
868 421 23.4702331522
869 421 23.4702331522
870 421 23.4702331522
871 421 23.4702331522
872 421 23.4702331522
873 421 23.4702331522
874 421 23.4702331522
875 421 23.4702331522
876 421 23.4702331522
877 421 23.4702331522
878 421 23.4702331522
879 422 16.8858207698
880 422 16.8858207698
881 422 16.8858207698
882 422 16.8858207698
883 422 16.8858207698
884 422 16.8858207698
885 422 16.8858207698
886 422 16.8858207698
887 422 16.8858207698
888 422 16.8858207698
889 422 16.8858207698
890 422 16.8858207698
891 422 16.8858207698
892 422 16.8858207698
893 422 16.8858207698
894 422 16.8858207698
895 422 16.8858207698
896 422 16.8858207698
897 422 16.8858207698
898 422 16.8858207698
899 422 16.8858207698
900 422 16.8858207698
901 422 16.8858207698
902 422 16.8858207698
903 422 16.8858207698
904 422 16.8858207698
905 422 16.8858207698
906 422 16.8858207698
907 422 16.8858207698
908 422 16.8858207698
909 422 16.8858207698
910 422 16.8858207698
911 422 16.8858207698
912 422 16.8858207698
913 422 16.8858207698
914 422 16.8858207698
915 422 16.8858207698
916 422 16.8858207698
917 422 16.8858207698
918 422 16.8858207698
919 422 16.8858207698
920 422 16.8858207698
921 422 16.8858207698
922 422 16.8858207698
923 422 16.8858207698
924 422 16.8858207698
925 422 16.8858207698
926 422 16.8858207698
927 422 16.8858207698
928 422 16.8858207698
929 422 16.8858207698
930 422 16.8858207698
931 422 16.8858207698
932 422 16.8858207698
933 422 16.8858207698
934 422 16.8858207698
935 422 16.8858207698
936 422 16.8858207698
937 422 16.8858207698
938 423 17.4920501216
939 423 17.4920501216
940 423 17.4920501216
941 423 17.4920501216
942 423 17.4920501216
943 423 17.4920501216
944 423 17.4920501216
945 423 17.4920501216
946 423 17.4920501216
947 423 17.4920501216
948 423 17.4920501216
949 423 17.4920501216
950 423 17.4920501216
951 423 17.4920501216
952 423 17.4920501216
953 423 17.4920501216
954 423 17.4920501216
955 423 17.4920501216
956 423 17.4920501216
957 423 17.4920501216
958 423 17.4920501216
959 423 17.4920501216
960 423 17.4920501216
961 423 17.4920501216
962 423 17.4920501216
963 423 17.4920501216
964 423 17.4920501216
965 423 17.4920501216
966 423 17.4920501216
967 423 17.4920501216
968 423 17.4920501216
969 423 17.4920501216
970 423 17.4920501216
971 423 17.4920501216
972 423 17.4920501216
973 423 17.4920501216
974 423 17.4920501216
975 423 17.4920501216
976 423 17.4920501216
977 423 17.4920501216
978 423 17.4920501216
979 423 17.4920501216
980 423 17.4920501216
981 423 17.4920501216
982 423 17.4920501216
983 423 17.4920501216
984 423 17.4920501216
985 423 17.4920501216
986 423 17.4920501216
987 423 17.4920501216
988 423 17.4920501216
989 423 17.4920501216
990 423 17.4920501216
991 423 17.4920501216
992 423 17.4920501216
993 423 17.4920501216
994 423 17.4920501216
995 423 17.4920501216
996 424 44.6496209801
997 424 44.6496209801
998 424 44.6496209801
999 424 44.6496209801
1000 424 44.6496209801
1001 424 44.6496209801
1002 424 44.6496209801
1003 424 44.6496209801
1004 424 44.6496209801
1005 424 44.6496209801
1006 424 44.6496209801
1007 424 44.6496209801
1008 424 44.6496209801
1009 424 44.6496209801
1010 424 44.6496209801
1011 424 44.6496209801
1012 424 44.6496209801
1013 424 44.6496209801
1014 424 44.6496209801
1015 424 44.6496209801
1016 424 44.6496209801
1017 424 44.6496209801
1018 424 44.6496209801
1019 424 44.6496209801
1020 424 44.6496209801
1021 424 44.6496209801
1022 424 44.6496209801
1023 424 44.6496209801
1024 424 44.6496209801
1025 424 44.6496209801
1026 424 44.6496209801
1027 424 44.6496209801
1028 424 44.6496209801
1029 424 44.6496209801
1030 424 44.6496209801
1031 424 44.6496209801
1032 424 44.6496209801
1033 424 44.6496209801
1034 424 44.6496209801
1035 424 44.6496209801
1036 424 44.6496209801
1037 424 44.6496209801
1038 424 44.6496209801
1039 424 44.6496209801
1040 424 44.6496209801
1041 424 44.6496209801
1042 424 44.6496209801
1043 424 44.6496209801
1044 424 44.6496209801
1045 424 44.6496209801
1046 424 44.6496209801
1047 424 44.6496209801
1048 424 44.6496209801
1049 424 44.6496209801
1050 424 44.6496209801
1051 424 44.6496209801
1052 424 44.6496209801
1053 424 44.6496209801
1054 424 44.6496209801
1055 424 44.6496209801
1056 424 44.6496209801
1057 424 44.6496209801
1058 424 44.6496209801
1059 424 44.6496209801
1060 424 44.6496209801
1061 424 44.6496209801
1062 424 44.6496209801
1063 424 44.6496209801
1064 424 44.6496209801
1065 424 44.6496209801
1066 424 44.6496209801
1067 424 44.6496209801
1068 424 44.6496209801
1069 424 44.6496209801
1070 424 44.6496209801
1071 424 44.6496209801
1072 424 44.6496209801
1073 424 44.6496209801
1074 424 44.6496209801
1075 424 44.6496209801
1076 424 44.6496209801
1077 424 44.6496209801
1078 424 44.6496209801
1079 424 44.6496209801
1080 424 44.6496209801
1081 424 44.6496209801
1082 424 44.6496209801
1083 424 44.6496209801
1084 424 44.6496209801
1085 424 44.6496209801
1086 424 44.6496209801
1087 424 44.6496209801
1088 424 44.6496209801
1089 424 44.6496209801
1090 424 44.6496209801
1091 424 44.6496209801
1092 425 43.9790657381
1093 426 43.84593628
1094 427 42.8593902656
1095 428 42.9346851983
1096 429 41.8653056891
1097 430 41.3490286897
1098 431 41.227932304
1099 432 42.2385666767
1100 433 41.8650102469
1101 434 41.0569188744
1102 435 41.4675749576
1103 436 40.4352838603
1104 437 40.0472189872
1105 438 39.519019419
1106 439 38.5504161718
1107 440 37.968017922
1108 441 37.8275581217
1109 442 38.2657620284
1110 443 39.224796337
1111 444 39.8916478746
1112 445 40.6519991976
1113 446 41.5622171897
1114 447 42.2175652419
1115 448 43.0625330308
1116 449 42.4628649465
1117 450 41.8217585521
1118 451 40.7756107692
1119 452 40.4717566842
1120 453 39.6330101754
1121 454 39.1842232689
1122 455 39.3300104129
1123 456 40.3456684675
1124 457 40.555761961
1125 458 40.2614898185
1126 459 40.9708547275
1127 460 41.8875342939
1128 461 41.734672984
1129 462 41.7928145129
1130 463 42.7759876871
1131 464 43.2550641648
1132 465 43.6337499815
1133 466 43.4131572641
1134 467 43.1680791744
1135 468 44.0061303627
1136 469 43.8295981589
1137 470 44.3661696707
1138 471 44.5349416467
1139 472 45.4818804507
1140 473 43.257627101
1141 473 43.257627101
1142 473 43.257627101
1143 473 43.257627101
1144 473 43.257627101
1145 473 43.257627101
1146 473 43.257627101
1147 473 43.257627101
1148 473 43.257627101
