1 0 44.2001294696
2 1 43.3643458251
3 2 41.0066503626
4 3 39.1501548506
5 4 36.944264963
6 5 35.1383115791
7 6 33.8550988288
8 7 32.2879031857
9 8 31.4248667368
10 9 30.6807885571
11 10 31.8742887265
12 11 32.753733596
13 12 32.6922186509
14 13 33.8452370813
15 14 35.2310082759
16 15 35.7870942758
17 16 37.2462350504
18 17 36.6774635164
19 18 38.1028191444
20 19 39.649592777
21 20 39.9205594239
22 21 39.4117457103
23 22 37.148998975
24 23 36.1297111756
25 24 33.9434539722
26 25 33.2725539886
27 26 31.4503184167
28 27 30.8165677925
29 28 29.2760144224
30 29 28.9344826792
31 30 28.1491311713
32 31 29.3997267574
33 32 30.5716949327
34 33 32.3358290967
35 34 33.6759003992
36 35 35.8788889466
37 36 37.3705826523
38 37 39.7878431258
39 38 40.7408480398
40 39 42.5741779201
41 40 44.114237541
42 41 43.9879401528
43 42 43.7374347105
44 43 41.8811262635
45 44 39.528532391
46 45 37.9731104033
47 46 35.6147652751
48 47 34.5873651134
49 48 32.5166915601
50 49 31.3458704294
51 50 29.3685964176
52 51 27.9374661727
53 52 27.4011901436
54 53 26.5722552125
55 54 25.5357632685
56 55 26.383376427
57 56 27.9817918519
58 57 29.0644869261
59 58 30.5272397538
60 59 31.6044391645
61 60 32.0754673983
62 61 33.3140219953
63 62 33.8226169423
64 63 33.8022933025
65 64 35.4979675885
66 65 35.5525387832
67 66 35.3100568597
68 67 33.1430686402
69 68 32.7320996679
70 69 32.6106122022
71 70 31.5436651058
72 71 31.3844480713
73 72 30.472860493
74 73 29.7476111149
75 74 29.2544945441
76 75 28.0937493312
77 76 27.3930205733
78 77 26.0564298714
79 78 26.7102427432
80 79 26.8929647225
81 80 28.0785055121
82 81 27.7358510502
83 82 28.6540181945
84 83 28.9459512411
85 84 29.7423841466
86 85 30.7874195425
87 86 30.2165832319
88 87 32.0618465531
89 88 31.1821565127
90 89 31.1506309672
91 90 32.7250358981
92 91 33.4185109915
93 92 32.8297492299
94 93 31.2641191666
95 94 29.9115864922
96 95 29.0393360666
97 96 30.279683529
98 97 29.3877150051
99 98 27.7136935226
100 99 26.9524882693
101 100 27.0628366992
102 101 26.4975695847
103 102 26.2756521669
104 103 27.0171904493
105 104 26.2589585086
106 105 27.4088014674
107 106 27.8487961833
108 107 27.1383962187
109 108 27.6150550827
110 109 27.7717326612
111 110 29.16193861
112 111 30.8078580103
113 112 31.9939416694
114 113 31.9868623886
115 114 33.7215183779
116 115 33.8585245284
117 116 35.4512813443
118 117 37.3256535773
119 118 36.6334156318
120 119 38.0088943575
121 120 36.4823074325
122 121 34.4669093158
123 122 32.7756274811
124 123 32.975530554
125 124 32.6368322768
126 125 32.6090612535
127 126 31.4861651702
128 127 31.5273445264
129 128 30.1901975846
130 129 29.5963584846
131 130 29.7037515874
132 131 31.6648990492
133 132 31.7171711349
134 133 32.5672032592
135 134 31.6390937295
136 135 32.3138883493
137 136 30.9657361283
138 137 31.3495376452
139 138 30.3725224324
140 139 30.9485272007
141 140 30.1506824964
142 141 30.9031499356
143 142 29.4701618843
144 143 28.1032854713
145 144 28.5907654598
146 145 27.1704770379
147 146 27.7461656463
148 147 28.5255842106
149 148 29.2341369172
150 149 30.1237238645
151 150 32.1791079854
152 151 32.9667937053
153 152 32.5717412888
154 153 34.0530965948
155 154 33.8614200535
156 155 34.7779006407
157 156 34.1832207734
158 157 34.091429539
159 158 32.9263272223
160 159 31.5044430539
161 160 30.5891438401
162 161 28.6323762441
163 162 28.558804502
164 163 29.642507566
165 164 29.3683470974
166 165 31.3866511491
167 166 31.5720564155
168 167 32.8965367611
169 168 33.4273172042
170 169 34.7323434083
171 170 35.3430707012
172 171 37.090000572
173 172 37.7555035905
174 173 40.0723325019
175 174 40.2578862102
176 175 42.1772798908
177 176 41.8636988931
178 177 43.8326293795
179 178 43.4116875279
180 179 42.0262318105
181 180 39.6338717337
182 181 39.3761892185
183 182 38.1624282871
184 183 38.2812805532
185 184 36.5317462136
186 185 36.3248053335
187 186 34.8090979404
188 187 34.9401648439
189 188 37.0916955365
190 189 37.8475899975
191 190 38.5404644514
192 191 39.0252075414
193 192 39.7484696243
194 193 38.9054562262
195 194 40.0009629224
196 195 39.2680188151
197 196 40.6622523229
198 197 41.4393741216
199 198 39.6862254748
200 199 37.8814067689
201 200 37.340257984
202 201 37.5353108135
203 202 39.243611287
204 203 39.8681834242
205 204 42.0651627001
206 205 42.4803830431
207 206 41.5958383349
208 207 42.1691721486
209 208 42.6931716789
210 209 42.8532108659
211 210 40.5938313883
212 211 39.8342350372
213 212 37.6001177011
214 213 36.1096159819
215 214 37.0163455846
216 215 36.1775893655
217 216 37.2324886825
218 217 38.5776637479
219 218 39.4173575428
220 219 40.8217301046
221 220 42.6741621422
222 221 43.1959071095
223 222 45.2374681402
224 223 46.2546522865
225 224 48.7201164994
226 225 48.7589267993
227 226 48.7052906938
228 227 47.5586194701
229 228 45.2150506016
230 229 44.7118136537
231 230 42.4990810452
232 231 42.203032111
233 232 40.5239646562
234 233 39.8475319547
235 234 39.0587708294
236 235 37.8195043264
237 236 39.6452374441
238 237 40.8309800162
239 238 42.3709654096
240 239 42.8905381401
241 240 43.7254866776
242 241 44.8263390343
243 242 45.1239144235
244 243 46.7665870824
245 244 45.9154354988
246 245 47.6133738755
247 246 47.3280037126
248 247 49.6054305002
249 248 21.8753589274
250 248 21.8753589274
251 248 21.8753589274
252 248 21.8753589274
253 248 21.8753589274
254 248 21.8753589274
255 248 21.8753589274
256 248 21.8753589274
257 248 21.8753589274
258 248 21.8753589274
259 248 21.8753589274
260 248 21.8753589274
261 248 21.8753589274
262 248 21.8753589274
263 248 21.8753589274
264 248 21.8753589274
265 248 21.8753589274
266 248 21.8753589274
267 248 21.8753589274
268 248 21.8753589274
269 248 21.8753589274
270 248 21.8753589274
271 248 21.8753589274
272 248 21.8753589274
273 248 21.8753589274
274 248 21.8753589274
275 248 21.8753589274
276 248 21.8753589274
277 248 21.8753589274
278 248 21.8753589274
279 248 21.8753589274
280 248 21.8753589274
281 248 21.8753589274
282 248 21.8753589274
283 248 21.8753589274
284 248 21.8753589274
285 248 21.8753589274
286 248 21.8753589274
287 248 21.8753589274
288 249 45.7805694097
289 250 45.4382000813
290 251 45.3041207861
291 252 46.5137771133
292 253 45.886589969
293 254 47.4016383047
294 255 46.4802510788
295 256 47.8969643702
296 257 47.0510365293
297 258 48.351151806
298 259 47.5948947525
299 260 46.0689238992
300 261 45.7510411445
301 262 44.5422531786
302 263 45.5647679067
303 264 43.1491486113
304 265 42.5785869109
305 266 40.1206232788
306 267 38.7199380362
307 268 39.5330203622
308 269 37.5977346992
309 270 38.4795896979
310 271 40.1368749005
311 272 40.6198404729
312 273 42.2688491214
313 274 43.6496856995
314 275 43.0271685932
315 276 45.1768334615
316 277 44.9424409043
317 278 47.1242024024
318 279 46.1963409644
319 280 44.456933298
320 281 43.1431442643
321 282 42.0343282175
322 283 40.7642559707
323 284 39.7775920982
324 285 39.1983196207
325 286 41.4971976524
326 287 41.0118523171
327 288 42.8697430196
328 289 43.1138546859
329 290 45.0122728477
330 291 46.0730877877
331 292 47.2707569718
332 293 49.0547649179
333 294 50.1681836331
334 295 52.7865820105
335 296 54.6002015093
336 297 54.3833582274
337 298 51.6780405482
338 299 51.0600788655
339 300 49.414087362
340 301 50.1968513198
341 302 48.9433128386
342 303 50.0117146179
343 304 48.767204417
344 305 46.9866829388
345 306 45.5846666434
346 307 44.2733965142
347 308 24.463644829
348 308 24.463644829
349 308 24.463644829
