1 0 4.77702590495
2 0 4.77702590495
3 0 4.77702590495
4 0 4.77702590495
5 0 4.77702590495
6 0 4.77702590495
7 0 4.77702590495
8 0 4.77702590495
9 0 4.77702590495
10 0 4.77702590495
11 0 4.77702590495
12 0 4.77702590495
13 0 4.77702590495
14 0 4.77702590495
15 0 4.77702590495
16 0 4.77702590495
17 0 4.77702590495
18 0 4.77702590495
19 0 4.77702590495
20 0 4.77702590495
21 0 4.77702590495
22 0 4.77702590495
23 0 4.77702590495
24 0 4.77702590495
25 0 4.77702590495
26 0 4.77702590495
27 0 4.77702590495
28 0 4.77702590495
29 0 4.77702590495
30 0 4.77702590495
31 0 4.77702590495
32 0 4.77702590495
33 0 4.77702590495
34 0 4.77702590495
35 0 4.77702590495
36 0 4.77702590495
37 0 4.77702590495
38 0 4.77702590495
39 0 4.77702590495
40 0 4.77702590495
41 0 4.77702590495
42 0 4.77702590495
43 0 4.77702590495
44 0 4.77702590495
45 0 4.77702590495
46 0 4.77702590495
47 0 4.77702590495
48 0 4.77702590495
49 0 4.77702590495
50 0 4.77702590495
51 0 4.77702590495
52 0 4.77702590495
53 0 4.77702590495
54 0 4.77702590495
55 0 4.77702590495
56 0 4.77702590495
57 0 4.77702590495
58 0 4.77702590495
59 0 4.77702590495
60 0 4.77702590495
61 0 4.77702590495
62 0 4.77702590495
63 0 4.77702590495
64 1 3.75385703355
65 1 3.75385703355
66 1 3.75385703355
67 1 3.75385703355
68 1 3.75385703355
69 1 3.75385703355
70 1 3.75385703355
71 1 3.75385703355
72 1 3.75385703355
73 1 3.75385703355
74 1 3.75385703355
75 1 3.75385703355
76 1 3.75385703355
77 1 3.75385703355
78 1 3.75385703355
79 1 3.75385703355
80 1 3.75385703355
81 1 3.75385703355
82 1 3.75385703355
83 1 3.75385703355
84 1 3.75385703355
85 1 3.75385703355
86 1 3.75385703355
87 1 3.75385703355
88 1 3.75385703355
89 1 3.75385703355
90 1 3.75385703355
91 1 3.75385703355
92 1 3.75385703355
93 1 3.75385703355
94 1 3.75385703355
95 1 3.75385703355
96 1 3.75385703355
97 1 3.75385703355
98 1 3.75385703355
99 1 3.75385703355
100 1 3.75385703355
101 1 3.75385703355
102 1 3.75385703355
103 1 3.75385703355
104 1 3.75385703355
105 1 3.75385703355
106 1 3.75385703355
107 1 3.75385703355
108 1 3.75385703355
109 1 3.75385703355
110 1 3.75385703355
111 1 3.75385703355
112 1 3.75385703355
113 1 3.75385703355
114 1 3.75385703355
115 1 3.75385703355
116 1 3.75385703355
117 1 3.75385703355
118 1 3.75385703355
119 1 3.75385703355
120 1 3.75385703355
121 1 3.75385703355
122 1 3.75385703355
123 1 3.75385703355
124 1 3.75385703355
125 1 3.75385703355
126 1 3.75385703355
127 2 0.705600393198
128 3 0.717667497071
129 4 0.751301669579
130 5 0.772856805221
131 6 0.805200512076
132 7 0.836647953319
133 8 0.840327911171
134 9 0.877154395461
135 10 0.902816286167
136 11 0.941472208418
137 12 0.972538204497
138 13 0.987286514229
139 14 0.998856258422
140 15 0.959966744597
141 16 0.927954694247
142 17 0.913090702672
143 18 0.890328843998
144 19 0.867811906885
145 20 0.845459604952
146 21 0.820952924245
147 22 0.792814872755
148 23 0.80058481493
149 24 0.822272855007
150 25 0.794839438807
151 26 0.800981436857
152 27 0.83712137558
153 28 0.831117664026
154 29 0.861871247424
155 30 0.864813327021
156 31 0.897405128058
157 32 0.915322062882
158 33 0.943261863439
159 34 0.973432513835
160 35 1.00737105901
161 36 1.04003220919
162 37 1.03058895541
163 38 0.985008382399
164 39 0.968613602771
165 40 0.933140139357
166 41 0.919679437706
167 42 0.892895894045
168 43 0.867643357038
169 44 0.85221362058
170 45 0.89342314147
171 46 0.923008475225
172 47 0.952118312386
173 48 1.57121616332
174 48 1.57121616332
175 48 1.57121616332
176 48 1.57121616332
177 48 1.57121616332
178 48 1.57121616332
179 48 1.57121616332
180 48 1.57121616332
181 48 1.57121616332
182 48 1.57121616332
183 48 1.57121616332
184 48 1.57121616332
185 48 1.57121616332
186 48 1.57121616332
187 48 1.57121616332
188 48 1.57121616332
189 48 1.57121616332
190 48 1.57121616332
191 48 1.57121616332
192 48 1.57121616332
193 48 1.57121616332
194 48 1.57121616332
195 48 1.57121616332
196 48 1.57121616332
197 48 1.57121616332
198 48 1.57121616332
199 48 1.57121616332
200 48 1.57121616332
201 49 0.955627151194
202 50 0.974532858699
203 51 1.00064536185
204 52 1.01784018771
205 53 1.0489257337
206 54 1.07369843766
207 55 1.05649763403
208 56 1.08623791766
209 57 1.10379629399
210 58 1.06040378401
211 59 1.01126808852
212 60 0.979898044286
213 61 0.937003825382
214 62 0.911244850528
215 63 0.904939295583
216 64 0.880187875033
217 65 0.84050564201
218 66 0.828437710095
219 67 0.869736302855
220 68 0.87128587002
221 69 0.855088680389
222 70 0.857604990964
223 71 0.90214034827
224 72 0.904194407175
225 73 0.92875204036
226 74 0.926386056917
227 75 0.938272117631
228 76 0.952327442877
229 77 0.96853727205
230 78 1.0002902275
231 79 1.02212263369
232 80 1.06609587372
233 81 1.03507999794
234 82 1.03979991512
235 83 1.0023696439
236 84 1.01128815812
237 85 0.986524484705
238 86 0.994763314301
239 87 0.977603737437
240 88 0.967581723192
241 89 0.95474406117
242 90 0.99436436359
243 91 1.03941891301
244 92 1.08175434655
245 93 1.12798531566
246 94 1.11508694438
247 95 1.06294801818
248 96 1.03071274915
249 97 1.05766353622
250 98 1.05616324583
251 99 1.03273220954
252 100 1.04365751483
253 101 1.05690605684
254 102 1.06597127438
255 103 1.06759234917
256 104 1.02066594613
257 105 1.02473710512
258 106 1.056432688
259 107 1.02718426205
260 108 0.994957204886
261 109 0.958095571034
262 110 0.91457875396
263 111 0.886128529518
264 112 0.883033015587
265 113 0.84598132365
266 114 0.842705540588
267 115 0.820690327976
268 116 0.788232490745
269 117 0.786067933387
270 118 0.806073722593
271 119 0.840690449146
272 120 0.871980507965
273 121 0.883274255889
274 122 0.888921113615
275 123 0.888076047982
276 124 0.912959509066
277 125 0.907472162642
278 126 0.942995201936
279 127 0.962688068045
280 128 0.988560810306
281 129 0.945972827766
282 130 0.942727760767
283 131 0.917726609262
284 132 0.941206080236
285 133 0.92286142939
286 134 0.94732751622
287 135 0.936195962974
288 136 0.944998296027
289 137 0.955836795389
290 138 0.99547155852
291 139 1.02834858005
292 140 1.02623874908
293 141 0.98921967698
294 142 0.964974150345
295 143 0.91748147012
296 144 0.904498840594
297 145 0.91225397209
298 146 0.953425430311
299 147 0.968173751553
300 148 0.987767941099
301 149 0.974945633026
302 150 0.961824186127
303 151 0.930158886239
304 152 0.950169381751
305 153 0.923472655523
306 154 0.901830472957
307 155 0.922860165233
308 156 0.917653964967
309 157 0.917508556233
310 158 0.88850643646
311 159 0.866862337994
312 160 0.840472688442
313 161 0.833536706478
314 162 0.80157313666
315 163 0.791780146934
316 164 0.757414434268
317 165 0.75187962243
318 166 0.726601854577
319 167 0.748299679568
320 168 1.10870603362
321 168 1.10870603362
322 168 1.10870603362
323 168 1.10870603362
324 168 1.10870603362
325 168 1.10870603362
326 168 1.10870603362
327 168 1.10870603362
328 168 1.10870603362
329 168 1.10870603362
330 168 1.10870603362
331 168 1.10870603362
332 168 1.10870603362
333 168 1.10870603362
334 168 1.10870603362
335 168 1.10870603362
336 168 1.10870603362
337 168 1.10870603362
338 169 0.861802715358
339 170 0.83306391754
340 171 0.809352518265
341 172 0.805426363928
342 173 0.802312401565
343 174 0.828161588015
344 175 0.818191281868
345 176 0.847780164637
346 177 0.861946127622
347 178 0.860898804546
348 179 0.817361954824
349 180 0.811579879702
350 181 0.799613477575
351 182 0.821817457314
352 183 0.808474157901
353 184 0.84030927525
354 185 0.846742433358
355 186 0.875401132108
356 187 0.902858938151
357 188 0.905880186147
358 189 0.9359860449
359 190 0.907037841074
360 191 0.86202558707
361 192 0.835551660768
362 193 0.814536319433
363 194 0.813674766226
364 195 0.778966813988
365 196 0.776820868224
366 197 0.756923940024
367 198 0.753914992026
368 199 0.766361697639
369 200 0.792224773175
370 201 0.813225772351
371 202 0.825840976355
372 203 0.805758409633
373 204 0.82039848279
374 205 0.798248080701
375 206 0.772265969006
376 207 0.749566696946
377 208 0.727613415777
378 209 0.69800680714
379 210 0.693743920353
380 211 0.669684205743
381 212 0.673747402845
382 213 0.695342487261
383 214 0.693328050182
384 215 0.717082492347
385 216 0.721581382673
386 217 0.74740061889
387 218 0.762493277174
388 219 0.784400018479
389 220 0.806879696434
390 221 0.776335572641
391 222 0.76182747209
392 223 0.733101626131
393 224 0.723650576229
394 225 0.707183050514
395 226 0.691786326895
396 227 0.701015703714
397 228 0.695990987808
398 229 0.722209469611
399 230 0.721941815931
400 231 0.713524944741
401 232 0.731654997013
402 233 0.711033249419
403 234 0.692092392572
404 235 2.67758741202
405 235 2.67758741202
406 235 2.67758741202
407 235 2.67758741202
408 235 2.67758741202
409 235 2.67758741202
410 235 2.67758741202
411 235 2.67758741202
412 235 2.67758741202
413 235 2.67758741202
414 235 2.67758741202
415 235 2.67758741202
416 235 2.67758741202
417 235 2.67758741202
418 235 2.67758741202
419 235 2.67758741202
420 235 2.67758741202
421 235 2.67758741202
422 235 2.67758741202
423 235 2.67758741202
424 235 2.67758741202
425 235 2.67758741202
426 235 2.67758741202
427 235 2.67758741202
428 235 2.67758741202
429 235 2.67758741202
430 235 2.67758741202
431 235 2.67758741202
432 235 2.67758741202
433 235 2.67758741202
434 236 0.664244459125
435 237 0.668341823791
436 238 0.685524688711
437 239 0.69256012567
438 240 0.708965991592
439 241 0.727714985837
440 242 0.755994585613
441 243 0.782789495848
442 244 0.806788296923
443 245 0.810223803459
444 246 0.791050462962
445 247 0.815791994289
446 248 0.786456147258
447 249 0.750127152514
448 250 0.737274835142
449 251 0.708352889236
450 252 0.707181166696
451 253 0.695494357564
452 254 0.689022086739
453 255 0.674094635412
454 256 0.660835240653
455 257 0.674710281326
456 258 0.676908405061
457 259 0.671905311529
458 260 0.673253211319
459 261 0.696358557365
460 262 0.701035996058
461 263 0.688704547936
462 264 0.701808523016
463 265 0.725689622071
464 266 0.738865073864
465 267 0.75649606949
466 268 0.754898762011
467 269 0.790116476399
468 270 0.812152749503
469 271 0.847447000569
470 272 0.831951508079
471 273 0.845590415712
472 274 0.807499688006
473 275 0.782689825084
474 276 0.745879153976
475 277 0.721020222711
476 278 0.693234040926
477 279 0.670175827337
478 280 0.659328778484
479 281 0.643721912318
480 282 0.64782522239
481 283 0.661103849442
482 284 0.671013225569
483 285 0.695409385111
484 286 0.701627166204
485 287 0.73304289832
486 288 0.759544281923
487 289 0.793460595891
488 290 0.832349446652
489 291 0.857475757216
490 292 0.893338313083
491 293 0.903751068794
492 294 0.902545220719
493 295 0.877761529325
494 296 0.853468301906
495 297 0.864386939712
496 298 0.839434641937
497 299 0.807302871229
498 300 0.796838194642
499 301 0.764676673275
500 302 0.75873014326
501 303 0.728672554174
502 304 0.721791032628
503 305 0.734815362444
504 306 0.73065804016
505 307 0.766357789219
506 308 0.776496760932
507 309 0.814054710004
508 310 0.832317435794
509 311 0.873197366264
510 312 0.892699679753
511 313 0.935236499917
512 314 0.95145681178
513 315 0.931713169653
514 316 0.892344409136
515 317 0.861876314611
516 318 0.830876921464
517 319 0.800919137156
518 320 0.775760976104
519 321 0.742111080723
520 322 0.735715049306
521 323 3.15267357261
522 323 3.15267357261
523 323 3.15267357261
524 323 3.15267357261
525 323 3.15267357261
526 323 3.15267357261
527 323 3.15267357261
528 323 3.15267357261
529 323 3.15267357261
530 323 3.15267357261
531 323 3.15267357261
532 323 3.15267357261
533 323 3.15267357261
534 323 3.15267357261
535 323 3.15267357261
536 323 3.15267357261
537 323 3.15267357261
538 323 3.15267357261
539 323 3.15267357261
540 323 3.15267357261
541 323 3.15267357261
542 323 3.15267357261
543 323 3.15267357261
544 323 3.15267357261
545 323 3.15267357261
546 323 3.15267357261
547 323 3.15267357261
548 323 3.15267357261
549 323 3.15267357261
550 323 3.15267357261
551 323 3.15267357261
552 323 3.15267357261
553 323 3.15267357261
554 323 3.15267357261
555 323 3.15267357261
556 323 3.15267357261
557 323 3.15267357261
558 323 3.15267357261
559 323 3.15267357261
560 323 3.15267357261
561 323 3.15267357261
562 323 3.15267357261
563 323 3.15267357261
564 324 1.05411177955
565 324 1.05411177955
566 324 1.05411177955
567 324 1.05411177955
568 324 1.05411177955
569 324 1.05411177955
570 324 1.05411177955
571 324 1.05411177955
572 324 1.05411177955
573 324 1.05411177955
574 324 1.05411177955
575 324 1.05411177955
576 324 1.05411177955
577 324 1.05411177955
578 324 1.05411177955
579 324 1.05411177955
580 324 1.05411177955
581 324 1.05411177955
582 324 1.05411177955
583 324 1.05411177955
584 324 1.05411177955
585 324 1.05411177955
586 324 1.05411177955
587 324 1.05411177955
588 324 1.05411177955
589 324 1.05411177955
590 324 1.05411177955
591 324 1.05411177955
592 324 1.05411177955
593 324 1.05411177955
594 324 1.05411177955
595 324 1.05411177955
596 324 1.05411177955
597 324 1.05411177955
598 324 1.05411177955
599 324 1.05411177955
600 324 1.05411177955
601 324 1.05411177955
602 324 1.05411177955
603 324 1.05411177955
604 324 1.05411177955
605 324 1.05411177955
606 324 1.05411177955
607 324 1.05411177955
608 324 1.05411177955
609 324 1.05411177955
610 324 1.05411177955
611 324 1.05411177955
612 324 1.05411177955
613 324 1.05411177955
614 324 1.05411177955
615 324 1.05411177955
616 324 1.05411177955
617 324 1.05411177955
618 324 1.05411177955
619 324 1.05411177955
620 324 1.05411177955
621 324 1.05411177955
622 324 1.05411177955
623 324 1.05411177955
624 324 1.05411177955
625 324 1.05411177955
626 324 1.05411177955
627 324 1.05411177955
628 324 1.05411177955
629 324 1.05411177955
630 324 1.05411177955
631 324 1.05411177955
632 324 1.05411177955
633 324 1.05411177955
634 324 1.05411177955
635 324 1.05411177955
636 324 1.05411177955
637 324 1.05411177955
638 324 1.05411177955
639 324 1.05411177955
640 324 1.05411177955
641 324 1.05411177955
642 324 1.05411177955
643 324 1.05411177955
644 324 1.05411177955
645 324 1.05411177955
646 324 1.05411177955
647 324 1.05411177955
648 324 1.05411177955
649 324 1.05411177955
650 324 1.05411177955
651 324 1.05411177955
652 324 1.05411177955
653 324 1.05411177955
654 324 1.05411177955
655 324 1.05411177955
656 324 1.05411177955
657 324 1.05411177955
658 324 1.05411177955
659 324 1.05411177955
660 324 1.05411177955
661 324 1.05411177955
662 324 1.05411177955
663 325 1.43582192868
664 325 1.43582192868
665 325 1.43582192868
666 325 1.43582192868
667 325 1.43582192868
668 325 1.43582192868
669 325 1.43582192868
670 325 1.43582192868
671 325 1.43582192868
672 325 1.43582192868
673 325 1.43582192868
674 325 1.43582192868
675 325 1.43582192868
676 325 1.43582192868
677 325 1.43582192868
678 325 1.43582192868
679 325 1.43582192868
680 325 1.43582192868
681 325 1.43582192868
682 325 1.43582192868
683 325 1.43582192868
684 325 1.43582192868
685 325 1.43582192868
686 325 1.43582192868
687 325 1.43582192868
688 325 1.43582192868
689 325 1.43582192868
690 325 1.43582192868
691 325 1.43582192868
692 325 1.43582192868
693 325 1.43582192868
694 325 1.43582192868
695 325 1.43582192868
696 325 1.43582192868
697 325 1.43582192868
698 325 1.43582192868
699 325 1.43582192868
700 325 1.43582192868
701 325 1.43582192868
702 325 1.43582192868
703 325 1.43582192868
704 325 1.43582192868
705 325 1.43582192868
706 325 1.43582192868
707 325 1.43582192868
708 325 1.43582192868
709 325 1.43582192868
710 325 1.43582192868
711 325 1.43582192868
712 325 1.43582192868
713 325 1.43582192868
714 325 1.43582192868
715 325 1.43582192868
716 325 1.43582192868
717 325 1.43582192868
718 325 1.43582192868
719 325 1.43582192868
720 325 1.43582192868
721 325 1.43582192868
722 325 1.43582192868
723 325 1.43582192868
724 325 1.43582192868
725 325 1.43582192868
726 325 1.43582192868
727 325 1.43582192868
728 325 1.43582192868
729 325 1.43582192868
730 325 1.43582192868
731 325 1.43582192868
732 325 1.43582192868
733 325 1.43582192868
734 325 1.43582192868
735 325 1.43582192868
736 325 1.43582192868
737 325 1.43582192868
738 325 1.43582192868
739 325 1.43582192868
740 325 1.43582192868
741 325 1.43582192868
742 325 1.43582192868
743 325 1.43582192868
744 325 1.43582192868
745 325 1.43582192868
746 325 1.43582192868
747 325 1.43582192868
748 325 1.43582192868
749 325 1.43582192868
750 325 1.43582192868
751 325 1.43582192868
752 325 1.43582192868
753 325 1.43582192868
754 325 1.43582192868
755 325 1.43582192868
756 325 1.43582192868
757 325 1.43582192868
758 325 1.43582192868
759 325 1.43582192868
760 325 1.43582192868
761 325 1.43582192868
762 326 3.62456443606
763 326 3.62456443606
764 326 3.62456443606
765 326 3.62456443606
766 326 3.62456443606
767 326 3.62456443606
768 326 3.62456443606
769 326 3.62456443606
770 326 3.62456443606
771 326 3.62456443606
772 326 3.62456443606
773 326 3.62456443606
774 326 3.62456443606
775 326 3.62456443606
776 326 3.62456443606
777 326 3.62456443606
778 326 3.62456443606
779 326 3.62456443606
780 326 3.62456443606
781 326 3.62456443606
782 326 3.62456443606
783 326 3.62456443606
784 326 3.62456443606
785 326 3.62456443606
786 326 3.62456443606
787 326 3.62456443606
788 326 3.62456443606
789 326 3.62456443606
790 326 3.62456443606
791 326 3.62456443606
792 326 3.62456443606
793 326 3.62456443606
794 326 3.62456443606
795 326 3.62456443606
796 326 3.62456443606
797 326 3.62456443606
798 326 3.62456443606
799 326 3.62456443606
800 326 3.62456443606
801 326 3.62456443606
802 326 3.62456443606
803 326 3.62456443606
804 326 3.62456443606
805 326 3.62456443606
806 326 3.62456443606
807 326 3.62456443606
808 326 3.62456443606
809 326 3.62456443606
810 326 3.62456443606
811 326 3.62456443606
812 326 3.62456443606
813 326 3.62456443606
814 326 3.62456443606
815 326 3.62456443606
816 326 3.62456443606
817 326 3.62456443606
818 326 3.62456443606
819 326 3.62456443606
820 326 3.62456443606
821 326 3.62456443606
822 326 3.62456443606
823 326 3.62456443606
824 326 3.62456443606
825 326 3.62456443606
826 326 3.62456443606
827 326 3.62456443606
828 326 3.62456443606
829 326 3.62456443606
830 326 3.62456443606
831 326 3.62456443606
832 326 3.62456443606
833 326 3.62456443606
834 326 3.62456443606
835 326 3.62456443606
836 326 3.62456443606
837 326 3.62456443606
838 326 3.62456443606
839 326 3.62456443606
840 326 3.62456443606
841 326 3.62456443606
842 326 3.62456443606
843 326 3.62456443606
844 326 3.62456443606
845 326 3.62456443606
846 326 3.62456443606
847 326 3.62456443606
848 326 3.62456443606
849 326 3.62456443606
850 326 3.62456443606
851 326 3.62456443606
852 326 3.62456443606
853 326 3.62456443606
854 326 3.62456443606
855 326 3.62456443606
856 326 3.62456443606
857 326 3.62456443606
858 326 3.62456443606
859 326 3.62456443606
860 326 3.62456443606
861 327 3.08846346865
862 327 3.08846346865
863 327 3.08846346865
864 327 3.08846346865
865 327 3.08846346865
866 327 3.08846346865
867 327 3.08846346865
868 327 3.08846346865
869 327 3.08846346865
870 327 3.08846346865
871 327 3.08846346865
872 327 3.08846346865
873 327 3.08846346865
874 327 3.08846346865
875 327 3.08846346865
876 327 3.08846346865
877 327 3.08846346865
878 327 3.08846346865
879 327 3.08846346865
880 327 3.08846346865
881 327 3.08846346865
882 327 3.08846346865
883 327 3.08846346865
884 327 3.08846346865
885 327 3.08846346865
886 327 3.08846346865
887 327 3.08846346865
888 327 3.08846346865
889 327 3.08846346865
890 327 3.08846346865
891 327 3.08846346865
892 327 3.08846346865
893 327 3.08846346865
894 327 3.08846346865
895 327 3.08846346865
896 327 3.08846346865
897 327 3.08846346865
898 327 3.08846346865
899 327 3.08846346865
900 327 3.08846346865
901 327 3.08846346865
902 327 3.08846346865
903 327 3.08846346865
904 327 3.08846346865
905 327 3.08846346865
906 327 3.08846346865
907 327 3.08846346865
908 327 3.08846346865
909 327 3.08846346865
910 327 3.08846346865
911 327 3.08846346865
912 327 3.08846346865
913 327 3.08846346865
914 327 3.08846346865
915 327 3.08846346865
916 327 3.08846346865
917 327 3.08846346865
918 327 3.08846346865
919 327 3.08846346865
920 327 3.08846346865
921 327 3.08846346865
922 327 3.08846346865
923 327 3.08846346865
924 327 3.08846346865
925 327 3.08846346865
926 327 3.08846346865
927 327 3.08846346865
928 327 3.08846346865
929 327 3.08846346865
930 327 3.08846346865
931 327 3.08846346865
932 327 3.08846346865
933 327 3.08846346865
934 327 3.08846346865
935 327 3.08846346865
936 327 3.08846346865
937 327 3.08846346865
938 327 3.08846346865
939 327 3.08846346865
940 327 3.08846346865
941 327 3.08846346865
942 327 3.08846346865
943 327 3.08846346865
944 327 3.08846346865
945 327 3.08846346865
946 327 3.08846346865
947 327 3.08846346865
948 327 3.08846346865
949 327 3.08846346865
950 327 3.08846346865
951 327 3.08846346865
952 327 3.08846346865
953 327 3.08846346865
954 327 3.08846346865
955 327 3.08846346865
956 327 3.08846346865
957 327 3.08846346865
958 327 3.08846346865
959 327 3.08846346865
960 328 0.647881569393
961 328 0.647881569393
962 328 0.647881569393
963 328 0.647881569393
964 328 0.647881569393
965 328 0.647881569393
966 328 0.647881569393
967 328 0.647881569393
968 328 0.647881569393
969 328 0.647881569393
970 328 0.647881569393
971 328 0.647881569393
972 328 0.647881569393
973 328 0.647881569393
974 328 0.647881569393
975 328 0.647881569393
976 328 0.647881569393
977 328 0.647881569393
978 328 0.647881569393
979 328 0.647881569393
980 328 0.647881569393
981 328 0.647881569393
982 328 0.647881569393
983 328 0.647881569393
984 328 0.647881569393
985 328 0.647881569393
986 328 0.647881569393
987 328 0.647881569393
988 328 0.647881569393
989 328 0.647881569393
990 328 0.647881569393
991 328 0.647881569393
992 328 0.647881569393
993 328 0.647881569393
994 328 0.647881569393
995 328 0.647881569393
996 328 0.647881569393
997 328 0.647881569393
998 328 0.647881569393
999 328 0.647881569393
1000 328 0.647881569393
1001 328 0.647881569393
1002 328 0.647881569393
1003 328 0.647881569393
1004 328 0.647881569393
1005 328 0.647881569393
1006 328 0.647881569393
1007 328 0.647881569393
1008 328 0.647881569393
1009 328 0.647881569393
1010 328 0.647881569393
1011 328 0.647881569393
1012 328 0.647881569393
1013 328 0.647881569393
1014 328 0.647881569393
1015 328 0.647881569393
1016 328 0.647881569393
1017 328 0.647881569393
1018 328 0.647881569393
1019 328 0.647881569393
1020 328 0.647881569393
1021 328 0.647881569393
1022 328 0.647881569393
1023 328 0.647881569393
1024 328 0.647881569393
1025 328 0.647881569393
1026 328 0.647881569393
1027 328 0.647881569393
1028 328 0.647881569393
1029 328 0.647881569393
1030 328 0.647881569393
1031 328 0.647881569393
1032 328 0.647881569393
1033 328 0.647881569393
1034 328 0.647881569393
1035 328 0.647881569393
1036 328 0.647881569393
1037 328 0.647881569393
1038 328 0.647881569393
1039 328 0.647881569393
1040 328 0.647881569393
1041 328 0.647881569393
1042 328 0.647881569393
1043 328 0.647881569393
1044 328 0.647881569393
1045 328 0.647881569393
1046 328 0.647881569393
1047 328 0.647881569393
1048 328 0.647881569393
1049 328 0.647881569393
1050 328 0.647881569393
1051 328 0.647881569393
1052 328 0.647881569393
1053 328 0.647881569393
1054 328 0.647881569393
1055 328 0.647881569393
1056 328 0.647881569393
1057 328 0.647881569393
1058 328 0.647881569393
1059 329 1.15055464534
1060 329 1.15055464534
1061 329 1.15055464534
1062 329 1.15055464534
1063 329 1.15055464534
1064 329 1.15055464534
1065 329 1.15055464534
1066 329 1.15055464534
1067 329 1.15055464534
1068 329 1.15055464534
1069 329 1.15055464534
1070 329 1.15055464534
1071 329 1.15055464534
1072 329 1.15055464534
1073 329 1.15055464534
1074 329 1.15055464534
1075 329 1.15055464534
1076 329 1.15055464534
1077 329 1.15055464534
1078 329 1.15055464534
1079 329 1.15055464534
1080 329 1.15055464534
1081 329 1.15055464534
1082 329 1.15055464534
1083 329 1.15055464534
1084 329 1.15055464534
1085 329 1.15055464534
1086 329 1.15055464534
1087 329 1.15055464534
1088 329 1.15055464534
1089 329 1.15055464534
1090 329 1.15055464534
1091 329 1.15055464534
1092 329 1.15055464534
1093 329 1.15055464534
1094 329 1.15055464534
1095 329 1.15055464534
1096 329 1.15055464534
1097 329 1.15055464534
1098 329 1.15055464534
1099 329 1.15055464534
1100 329 1.15055464534
1101 329 1.15055464534
1102 329 1.15055464534
1103 329 1.15055464534
1104 329 1.15055464534
1105 329 1.15055464534
1106 329 1.15055464534
1107 329 1.15055464534
1108 329 1.15055464534
1109 329 1.15055464534
1110 329 1.15055464534
1111 329 1.15055464534
1112 329 1.15055464534
1113 329 1.15055464534
1114 329 1.15055464534
1115 329 1.15055464534
1116 329 1.15055464534
1117 329 1.15055464534
1118 329 1.15055464534
1119 329 1.15055464534
1120 329 1.15055464534
1121 329 1.15055464534
1122 329 1.15055464534
1123 329 1.15055464534
1124 329 1.15055464534
1125 329 1.15055464534
1126 329 1.15055464534
1127 329 1.15055464534
1128 329 1.15055464534
1129 329 1.15055464534
1130 329 1.15055464534
1131 329 1.15055464534
1132 329 1.15055464534
1133 329 1.15055464534
1134 329 1.15055464534
1135 329 1.15055464534
1136 329 1.15055464534
1137 329 1.15055464534
1138 329 1.15055464534
1139 329 1.15055464534
1140 329 1.15055464534
1141 329 1.15055464534
1142 329 1.15055464534
1143 329 1.15055464534
1144 329 1.15055464534
1145 329 1.15055464534
1146 329 1.15055464534
1147 329 1.15055464534
1148 329 1.15055464534
1149 329 1.15055464534
1150 329 1.15055464534
1151 329 1.15055464534
1152 329 1.15055464534
1153 329 1.15055464534
1154 329 1.15055464534
1155 329 1.15055464534
1156 330 3.98047762429
1157 330 3.98047762429
1158 330 3.98047762429
1159 330 3.98047762429
1160 330 3.98047762429
1161 330 3.98047762429
1162 330 3.98047762429
1163 330 3.98047762429
1164 330 3.98047762429
1165 330 3.98047762429
1166 330 3.98047762429
1167 330 3.98047762429
1168 330 3.98047762429
1169 330 3.98047762429
1170 330 3.98047762429
1171 330 3.98047762429
1172 330 3.98047762429
1173 330 3.98047762429
1174 330 3.98047762429
1175 330 3.98047762429
1176 330 3.98047762429
1177 330 3.98047762429
1178 330 3.98047762429
1179 330 3.98047762429
1180 330 3.98047762429
1181 330 3.98047762429
1182 330 3.98047762429
1183 330 3.98047762429
1184 330 3.98047762429
1185 330 3.98047762429
1186 330 3.98047762429
1187 330 3.98047762429
1188 330 3.98047762429
1189 330 3.98047762429
1190 330 3.98047762429
1191 330 3.98047762429
1192 330 3.98047762429
1193 330 3.98047762429
1194 330 3.98047762429
1195 330 3.98047762429
1196 330 3.98047762429
1197 330 3.98047762429
1198 330 3.98047762429
1199 330 3.98047762429
1200 330 3.98047762429
1201 330 3.98047762429
1202 330 3.98047762429
1203 330 3.98047762429
1204 330 3.98047762429
1205 330 3.98047762429
1206 330 3.98047762429
1207 330 3.98047762429
1208 330 3.98047762429
1209 330 3.98047762429
1210 330 3.98047762429
1211 330 3.98047762429
1212 330 3.98047762429
1213 330 3.98047762429
1214 330 3.98047762429
1215 330 3.98047762429
1216 330 3.98047762429
1217 330 3.98047762429
1218 331 2.47307474988
1219 331 2.47307474988
1220 331 2.47307474988
1221 331 2.47307474988
1222 331 2.47307474988
1223 331 2.47307474988
1224 331 2.47307474988
1225 331 2.47307474988
1226 331 2.47307474988
1227 331 2.47307474988
1228 331 2.47307474988
1229 331 2.47307474988
1230 331 2.47307474988
1231 331 2.47307474988
1232 331 2.47307474988
1233 331 2.47307474988
1234 331 2.47307474988
1235 331 2.47307474988
1236 331 2.47307474988
1237 331 2.47307474988
1238 331 2.47307474988
1239 331 2.47307474988
1240 331 2.47307474988
1241 331 2.47307474988
1242 331 2.47307474988
1243 331 2.47307474988
1244 331 2.47307474988
1245 331 2.47307474988
1246 331 2.47307474988
1247 331 2.47307474988
1248 331 2.47307474988
1249 331 2.47307474988
1250 331 2.47307474988
1251 331 2.47307474988
1252 331 2.47307474988
1253 331 2.47307474988
1254 331 2.47307474988
1255 331 2.47307474988
1256 331 2.47307474988
1257 331 2.47307474988
1258 331 2.47307474988
1259 331 2.47307474988
1260 331 2.47307474988
1261 331 2.47307474988
1262 331 2.47307474988
1263 331 2.47307474988
1264 331 2.47307474988
1265 331 2.47307474988
1266 331 2.47307474988
1267 331 2.47307474988
1268 331 2.47307474988
1269 331 2.47307474988
1270 331 2.47307474988
1271 331 2.47307474988
1272 331 2.47307474988
1273 331 2.47307474988
1274 331 2.47307474988
1275 331 2.47307474988
1276 331 2.47307474988
1277 331 2.47307474988
1278 331 2.47307474988
1279 331 2.47307474988
1280 332 3.21975991976
1281 333 3.19429101548
1282 334 3.201578358
1283 335 3.18694830215
1284 336 3.19968920883
1285 337 3.18845666156
1286 338 3.19884631068
1287 339 3.21751553669
1288 340 3.21388178522
1289 341 3.20369184893
1290 342 3.17770727004
1291 343 3.18400036006
1292 344 3.18601573691
1293 345 3.19167427864
1294 346 3.21361386123
1295 347 3.19654394352
1296 348 3.18540833066
1297 349 3.20841301962
1298 350 3.22237815058
1299 351 3.20247823245
1300 352 3.19898685576
1301 353 3.17397276086
1302 354 3.16277435255
1303 355 3.14950294276
1304 356 3.13529825729
1305 357 3.13929124053
1306 358 3.12715029314
1307 359 3.12755265299
1308 360 3.12521864351
1309 361 3.12216726676
1310 362 3.14232073805
1311 363 3.14443817434
1312 364 3.15517876562
1313 365 3.15134902486
1314 366 3.15423037565
1315 367 3.15267397765
1316 368 3.1329180034
1317 369 3.14260098982
1318 370 3.15522100865
1319 371 3.14130383548
1320 372 3.12689043606
1321 373 3.14049949877
1322 374 3.14811502391
1323 375 3.12959661504
1324 376 3.1227216871
1325 377 3.13988922932
1326 378 3.14287591514
1327 379 3.15856947463
1328 380 3.15536088984
1329 381 3.13575856503
1330 382 3.14580305655
1331 383 3.15637209744
1332 384 3.17641596017
1333 385 3.19018043965
1334 386 3.19470123379
1335 387 3.17671301048
1336 388 3.17184708954
1337 389 3.15194449439
1338 390 3.13335580721
1339 391 3.12770450735
1340 392 3.11135822199
1341 393 3.10533683796
