1 0 0.734369818429
2 1 0.743890943219
3 2 0.776929287842
4 3 0.800748314099
5 4 0.846394047256
6 5 0.889285049748
7 6 0.923690952072
8 7 0.974229380084
9 8 1.01089245778
10 9 1.04925246702
11 10 1.02573926044
12 11 0.990644780649
13 12 1.01710981584
14 13 0.977223573887
15 14 0.920951910699
16 15 0.91374967839
17 16 0.876475497353
18 17 0.902475023584
19 18 0.88936806157
20 19 0.851471295585
21 20 0.82422042078
22 21 0.832989259121
23 22 0.872115589689
24 23 0.885302576981
25 24 0.942841438366
26 25 0.956283466807
27 26 1.01916470077
28 27 1.04228856137
29 28 1.10582724495
30 29 1.09978591943
31 30 1.13240695643
32 31 1.07595006381
33 32 1.03827040275
34 33 0.976211043268
35 34 0.945414834975
36 35 0.88571522515
37 36 0.86719903422
38 37 0.819098833376
39 38 0.825075065213
40 39 0.819253244173
41 40 0.8138630052
42 41 0.781788802799
43 42 0.762731728691
44 43 0.771901328897
45 44 0.803909316798
46 45 0.841165191754
47 46 0.893400460065
48 47 0.937941514067
49 48 0.990797271928
50 49 1.01332130198
51 50 1.08486064674
52 51 1.13814336745
53 52 1.16971810784
54 53 1.21625436039
55 54 1.27041971195
56 55 1.24023575548
57 56 1.17257948045
58 57 1.12845848772
59 58 1.10357838556
60 59 1.07339718633
61 60 1.03973576066
62 61 1.01164197207
63 62 0.996693784663
64 63 1.02807115282
65 64 0.996395639332
66 65 0.99288138224
67 66 1.03716053316
68 67 1.09342903298
69 68 1.07998898917
70 69 1.04862232172
71 70 1.07549337978
72 71 1.0615739036
73 72 1.10660459218
74 73 1.12226573198
75 74 1.1665404715
76 75 1.20137023017
77 76 1.25518335117
78 77 1.30559990862
79 78 1.32696618576
80 79 1.29210071677
81 80 1.23036627726
82 81 1.21448043085
83 82 1.17990120969
84 83 1.14978414725
85 84 1.13432353501
86 85 1.09389436156
87 86 1.13913331212
88 87 1.09635066731
89 88 1.15221733476
90 89 1.12387356129
91 90 1.06666857261
92 91 1.00694302811
93 92 1.00166332575
94 93 1.0726727256
95 94 1.09216027685
96 95 1.14408925969
97 96 1.09930069923
98 97 1.12076023482
99 98 1.19890149331
100 99 1.23107828406
101 100 1.25883731277
102 101 1.30018783461
103 102 1.31578397423
104 103 1.33100056981
105 104 1.39020628036
106 105 1.41482641979
107 106 1.37858143542
108 107 1.43695073408
109 108 1.38147562396
110 109 1.30668817674
111 110 1.23965310142
112 111 1.17369678687
113 112 1.12770758916
114 113 1.11755789779
115 114 1.06586667382
116 115 1.06455760898
117 116 1.05737367389
118 117 1.00402691542
119 118 1.02152624308
120 119 1.02808866728
121 120 1.09117661778
122 121 1.12531829386
123 122 1.13970039863
124 123 1.15392944234
125 124 1.14457689928
126 125 1.16827226112
127 126 1.19392515759
128 127 1.22858752427
129 128 1.27227295097
130 129 1.33690831188
131 130 1.39010559915
132 131 1.34231044323
133 132 1.33966478757
134 133 1.2680041893
135 134 1.28022236066
136 135 1.24026664054
137 136 1.25681743371
138 137 1.24771150656
139 138 1.25370902401
140 139 1.29386876604
141 140 1.30648419519
142 141 1.23358332162
143 142 1.28245649005
144 143 1.31897272838
145 144 1.25680083057
146 145 1.31947274932
147 146 1.35381047445
148 147 1.31816628643
149 148 1.36023679245
150 149 1.35385390671
151 150 1.31760741478
152 151 1.32572280475
153 152 1.35436450042
154 153 1.3396023307
155 154 1.37551240049
156 155 1.31330685606
157 156 1.36342934657
158 157 1.44878312046
159 158 1.49179167395
160 159 1.44714644971
161 160 1.49862843733
162 161 1.5143493675
163 162 1.48685339464
164 163 1.40193745344
165 164 1.33286433926
166 165 1.29291467854
167 166 1.26686866191
168 167 1.19653552507
169 168 1.174842422
170 169 1.10647680052
171 170 1.08513753817
172 171 1.02503142485
173 172 1.02325647489
174 173 0.97986658288
175 174 0.936358591234
176 175 0.919951080118
177 176 0.936733461621
178 177 0.930305893871
179 178 0.964107970342
180 179 1.03465649009
181 180 1.06854978508
182 181 1.07658230358
183 182 1.07712335309
184 183 1.08256220499
185 184 1.1369398083
186 185 1.15221216432
187 186 1.22539804465
188 187 1.24013571293
189 188 1.23762494233
190 189 1.22675866085
191 190 1.15919361465
192 191 1.16743970248
193 192 1.12656348277
194 193 1.15899676068
195 194 1.13973190972
196 195 1.17295259085
197 196 1.2126979805
198 197 1.22851765648
199 198 1.30391839822
200 199 1.2713598776
201 200 1.29178510763
202 201 1.24690178513
203 202 1.25527240429
204 203 1.22983553037
205 204 1.16861909176
206 205 1.15611392091
207 206 1.16397636094
208 207 1.11547712859
209 208 1.16842001586
210 209 1.17129430462
211 210 1.17338304658
212 211 1.23163884502
213 212 1.22546009219
214 213 1.1913834295
215 214 1.12506138455
216 215 1.08152824034
217 216 1.02828179584
218 217 1.00828567157
219 218 0.959723119873
220 219 0.944139337311
221 220 0.88236428977
222 221 0.856623281931
223 222 0.846549970551
224 223 0.810317795377
225 224 0.787888714671
226 225 0.814633228123
227 226 0.852528746416
228 227 0.888486526806
229 228 0.913356554984
230 229 0.913602513096
231 230 0.954043383652
232 231 0.956723967891
233 232 1.00975817604
234 233 1.01744259299
235 234 1.08891017345
236 235 1.13163182937
237 236 1.15676686081
238 237 1.08823754957
239 238 1.05486493482
240 239 0.99391000775
241 240 1.00282191946
242 241 0.95682470866
243 242 0.981160662834
244 243 0.946614979892
245 244 0.977068409532
246 245 0.961295172509
247 246 0.993660156491
248 247 0.990852983832
249 248 1.06824479308
250 248 1.06824479308
251 248 1.06824479308
252 248 1.06824479308
253 248 1.06824479308
254 248 1.06824479308
255 248 1.06824479308
256 248 1.06824479308
257 248 1.06824479308
258 248 1.06824479308
259 248 1.06824479308
260 248 1.06824479308
261 248 1.06824479308
262 248 1.06824479308
263 248 1.06824479308
264 248 1.06824479308
265 248 1.06824479308
266 248 1.06824479308
267 248 1.06824479308
268 248 1.06824479308
269 248 1.06824479308
270 248 1.06824479308
271 248 1.06824479308
272 248 1.06824479308
273 248 1.06824479308
274 248 1.06824479308
275 248 1.06824479308
276 248 1.06824479308
277 248 1.06824479308
278 248 1.06824479308
279 248 1.06824479308
280 248 1.06824479308
281 248 1.06824479308
282 248 1.06824479308
283 248 1.06824479308
284 248 1.06824479308
285 248 1.06824479308
286 248 1.06824479308
287 248 1.06824479308
288 249 1.26052878536
289 250 1.24194873345
290 251 1.16462647281
291 252 1.09653905862
292 253 1.06499645983
293 254 1.04716003394
294 255 1.04748133992
295 256 1.01612578184
296 257 1.01836653504
297 258 0.957913752566
298 259 0.968084372931
299 260 1.0129400748
300 261 0.996330819913
301 262 1.03712281054
302 263 0.990682357963
303 264 0.995921519364
304 265 1.06736760698
305 266 1.08289954998
306 267 1.07147765632
307 268 1.01005388674
308 269 1.0038927779
309 270 0.949219538881
310 271 0.925497013808
311 272 0.880221059404
312 273 0.844513043627
313 274 0.800229776966
314 275 0.805430879518
315 276 0.787330665012
316 277 0.810089581344
317 278 0.776835289159
318 279 0.789947367751
319 280 0.835010027462
320 281 0.849222786813
321 282 0.898538038687
322 283 0.915844075239
323 284 0.972611016254
324 285 1.01293066912
325 286 0.982714494833
326 287 0.929399448705
327 288 0.892354264988
328 289 0.859570745275
329 290 0.854330934671
330 291 0.817388112137
331 292 0.828961636226
332 293 0.800830772713
333 294 0.815350300129
334 295 0.819758563015
335 296 0.801973942244
336 297 0.847410698491
337 298 0.850207971218
338 299 0.887085016007
339 300 0.871266305992
340 301 0.861337171091
341 302 0.855161674443
342 303 0.809545924544
343 304 0.813101165686
344 305 0.838735036115
345 306 0.817167598956
346 307 0.843420560868
347 308 0.823399012465
348 308 0.823399012465
349 308 0.823399012465
