1 0 1.47685668468
2 0 1.47685668468
3 0 1.47685668468
4 0 1.47685668468
5 0 1.47685668468
6 0 1.47685668468
7 0 1.47685668468
8 0 1.47685668468
9 0 1.47685668468
10 0 1.47685668468
11 0 1.47685668468
12 0 1.47685668468
13 0 1.47685668468
14 0 1.47685668468
15 0 1.47685668468
16 0 1.47685668468
17 0 1.47685668468
18 0 1.47685668468
19 0 1.47685668468
20 0 1.47685668468
21 0 1.47685668468
22 0 1.47685668468
23 0 1.47685668468
24 0 1.47685668468
25 0 1.47685668468
26 0 1.47685668468
27 0 1.47685668468
28 0 1.47685668468
29 0 1.47685668468
30 0 1.47685668468
31 0 1.47685668468
32 0 1.47685668468
33 0 1.47685668468
34 0 1.47685668468
35 0 1.47685668468
36 0 1.47685668468
37 0 1.47685668468
38 0 1.47685668468
39 0 1.47685668468
40 0 1.47685668468
41 0 1.47685668468
42 0 1.47685668468
43 0 1.47685668468
44 0 1.47685668468
45 1 1.19543694459
46 2 1.18346490939
47 3 1.18102447718
48 4 1.18408009823
49 5 1.18519268644
50 6 1.20651149026
51 7 1.2217396095
52 8 1.25984169024
53 9 1.30239211379
54 10 1.30441851432
55 11 1.2873413833
56 12 1.31202364691
57 13 1.28435900101
58 14 1.24532871306
59 15 1.22720704625
60 16 1.21041967045
61 17 1.23387551079
62 18 1.22402055649
63 19 1.25944652484
64 20 1.25766414686
65 21 1.22687693852
66 22 1.20913719619
67 23 1.23535193192
68 24 1.22727902221
69 25 1.26169918879
70 26 1.26985084194
71 27 1.31687510197
72 28 1.33601194913
73 29 1.38299534654
74 30 1.40526479379
75 31 1.42800681277
76 32 1.38685143461
77 33 1.34687658119
78 34 1.31042865791
79 35 1.28425081878
80 36 1.25783288011
81 37 1.24288808831
82 38 1.20912684706
83 39 1.22220210275
84 40 1.25472250196
85 41 1.23320411935
86 42 1.27364494123
87 43 1.30057256098
88 44 5.60163194115
89 44 5.60163194115
90 44 5.60163194115
91 44 5.60163194115
92 44 5.60163194115
93 44 5.60163194115
94 44 5.60163194115
95 44 5.60163194115
96 44 5.60163194115
97 44 5.60163194115
98 44 5.60163194115
99 44 5.60163194115
100 44 5.60163194115
101 44 5.60163194115
102 44 5.60163194115
103 44 5.60163194115
104 44 5.60163194115
105 44 5.60163194115
106 44 5.60163194115
107 44 5.60163194115
108 44 5.60163194115
109 44 5.60163194115
110 44 5.60163194115
111 44 5.60163194115
112 44 5.60163194115
113 44 5.60163194115
114 44 5.60163194115
115 44 5.60163194115
116 44 5.60163194115
117 44 5.60163194115
118 44 5.60163194115
119 44 5.60163194115
120 44 5.60163194115
121 44 5.60163194115
122 44 5.60163194115
123 44 5.60163194115
124 45 1.31658868817
125 46 1.35724346186
126 47 1.37331216761
127 48 1.41125777848
128 49 1.45475484773
129 50 1.4677886955
130 51 1.51828760687
131 52 2.16016122695
132 52 2.16016122695
133 52 2.16016122695
134 52 2.16016122695
135 52 2.16016122695
136 52 2.16016122695
137 52 2.16016122695
138 52 2.16016122695
139 52 2.16016122695
140 52 2.16016122695
141 52 2.16016122695
142 52 2.16016122695
143 52 2.16016122695
144 52 2.16016122695
145 52 2.16016122695
146 52 2.16016122695
147 52 2.16016122695
148 52 2.16016122695
149 53 1.51973407976
150 54 1.50402223386
151 55 1.43444627214
152 56 1.40174543975
153 57 1.3707338469
154 58 1.34008893074
155 59 1.31274202543
156 60 1.28493353521
157 61 1.28461565399
158 62 1.30371817347
159 63 1.29280762372
160 64 1.33702644889
161 65 1.37567239258
162 66 1.36529371034
163 67 1.34482539037
164 68 1.36446335831
165 69 1.38366531094
166 70 1.41766863066
167 71 1.44842575826
168 72 1.45264954677
169 73 1.47258464538
170 74 1.54734294542
171 75 1.56209593709
172 76 1.52906095211
173 77 1.55718324064
174 78 1.57506961078
175 79 1.54551406192
176 80 1.47846498949
177 81 1.47449859038
178 82 1.43738533538
179 83 1.44471569963
180 84 1.42855250048
181 85 1.3956176393
182 86 1.44558734115
183 87 1.50625658791
184 88 1.46636358811
185 89 1.50887397755
186 90 1.57498266566
187 91 1.63747089566
188 92 1.72774975743
189 93 1.72875458691
190 94 1.69078928244
191 95 1.63685819278
192 96 1.55848622974
193 97 1.52981148582
194 98 1.52492695811
195 99 1.56093893189
196 100 1.59005546627
197 101 1.60491515547
198 102 1.54647617673
199 103 1.58227614802
200 104 1.64897152243
201 105 1.59649975435
202 106 1.52380191003
203 107 1.45752818428
204 108 1.40890453438
205 109 1.35338373256
206 110 1.33351860895
207 111 1.29471479703
208 112 1.28726691248
209 113 1.27498106172
210 114 1.2409589797
211 115 1.26680291942
212 116 1.30879549421
213 117 1.3521374235
214 118 1.35605209004
215 119 1.37552251102
216 120 1.38932156353
217 121 1.42837755788
218 122 1.49553512182
219 123 1.57394441191
220 124 1.5622578314
221 125 1.52021641175
222 126 1.44984236008
223 127 1.46159696648
224 128 1.42298632169
225 129 1.44513952074
226 130 1.43248611661
227 131 1.44691925141
228 132 1.48379070481
229 133 1.52889884174
230 134 1.52994339041
231 135 1.48351516784
232 136 1.49524973669
233 137 1.5068523828
234 138 1.48404573641
235 139 1.54891196098
236 140 1.55428858984
237 141 1.54300308845
238 142 1.61194677525
239 143 1.57896532835
240 144 1.52143256037
241 145 1.45069201861
242 146 1.40438168117
243 147 1.34673333229
244 148 1.32556664327
245 149 1.27427213759
246 150 1.2542527567
247 151 1.23046661747
248 152 1.20049364065
249 153 1.19442715148
250 154 1.2141390136
251 155 1.23630533562
252 156 1.26497309743
253 157 1.27975597626
254 158 1.29214542084
255 159 1.31891625816
256 160 1.36661098597
257 161 1.38578376475
258 162 1.45248957411
259 163 1.51032649974
260 164 1.55160659046
261 165 1.51325423848
262 166 1.47250500896
263 167 1.40380460055
264 168 1.40255587539
265 169 1.34964892202
266 170 1.35695050821
267 171 1.33105610172
268 172 1.35017696809
269 173 1.39907899848
270 174 1.42163267171
271 175 1.48547867909
272 176 1.48002727517
273 177 3.20652985866
274 177 3.20652985866
275 177 3.20652985866
276 177 3.20652985866
277 177 3.20652985866
278 177 3.20652985866
279 177 3.20652985866
280 177 3.20652985866
281 177 3.20652985866
282 177 3.20652985866
283 177 3.20652985866
284 177 3.20652985866
285 178 1.36077566316
286 179 1.42409251112
287 180 1.405742009
288 181 1.44421363384
289 182 1.4395799021
290 183 1.49752934383
291 184 1.46616652894
292 185 1.53756541635
293 186 1.51197745342
294 187 1.5792193646
295 188 1.60856441178
296 189 1.63393599886
297 190 1.7202717303
298 191 1.76833032945
299 192 1.71185685362
300 193 1.67904808819
301 194 1.61518899151
302 195 1.53877277888
303 196 1.5029832567
304 197 1.43151186457
305 198 1.39208520681
306 199 1.33343985206
307 200 1.30543841081
308 201 1.25618710583
309 202 1.23346762969
310 203 1.21448337238
311 204 1.18957200585
312 205 1.19698884392
313 206 1.22628820675
314 207 1.24601564456
315 208 1.24904808548
316 209 1.26177972229
317 210 1.2874118411
318 211 1.29458648907
319 212 1.34226278921
320 213 1.36053268123
321 214 1.42000218853
322 215 1.46436891099
323 216 1.50327430522
324 217 1.44661135694
325 218 1.43087029161
326 219 1.37047326807
327 220 1.37470054352
328 221 1.33067362513
329 222 1.33875366474
330 223 1.31582842379
331 224 1.31153349857
332 225 1.33983826382
333 226 1.32154029916
334 227 7.09178135231
335 227 7.09178135231
336 227 7.09178135231
337 227 7.09178135231
338 227 7.09178135231
339 227 7.09178135231
340 227 7.09178135231
341 227 7.09178135231
342 227 7.09178135231
343 227 7.09178135231
344 227 7.09178135231
345 227 7.09178135231
346 227 7.09178135231
347 227 7.09178135231
348 227 7.09178135231
349 227 7.09178135231
350 227 7.09178135231
351 227 7.09178135231
352 227 7.09178135231
353 227 7.09178135231
354 227 7.09178135231
355 227 7.09178135231
356 228 1.40744636209
357 229 1.42327255389
358 230 1.40411168319
359 231 1.37545679601
360 232 1.39761235449
361 233 1.41034867336
362 234 1.38527094771
363 235 1.42893865252
364 236 1.41472269134
365 237 1.39469520813
366 238 1.43270023581
367 239 1.43673937343
368 240 1.41823475469
369 241 1.36365226798
370 242 1.33191099119
371 243 1.29412578867
372 244 1.27341875972
373 245 1.23358609753
374 246 1.21678321888
375 247 1.19555339905
376 248 1.18311138174
377 249 1.1927263647
378 250 1.2075088719
379 251 1.22483397882
380 252 1.23953062307
381 253 1.28546033537
382 254 1.30847030726
383 255 1.28335158934
384 256 1.23803151735
385 257 1.23504009945
386 258 1.2686457479
387 259 1.27766475231
388 260 1.32499037733
389 261 1.3555154278
390 262 1.36182213965
391 263 1.30296074221
392 264 1.2930138998
393 265 1.26042211288
394 266 1.28702480026
395 267 1.26761225278
396 268 1.26911454042
397 269 1.25455679553
398 270 1.22780255753
399 271 1.22506984186
400 272 1.24294250194
401 273 1.28392403571
402 274 1.27241200844
403 275 1.29677065884
404 276 1.26188180828
405 277 1.22335956021
406 278 1.20349806629
407 279 1.18415566305
408 280 1.18194915628
409 281 1.18080843504
410 282 1.18951781273
411 283 1.19475072039
412 284 1.17882852539
413 285 1.17638610438
414 286 1.17821535653
415 287 1.18809746406
416 288 1.20917488909
417 289 1.23619044157
418 290 1.25040618267
419 291 1.28671776688
420 292 1.25348310168
421 293 1.22510852114
422 294 1.20761536372
423 295 1.1864624256
424 296 1.17857755308
425 297 1.17927529399
426 298 1.19520061865
427 299 4.04357913339
428 299 4.04357913339
429 299 4.04357913339
430 299 4.04357913339
431 299 4.04357913339
432 299 4.04357913339
433 299 4.04357913339
434 299 4.04357913339
435 299 4.04357913339
436 299 4.04357913339
437 299 4.04357913339
438 299 4.04357913339
439 299 4.04357913339
440 299 4.04357913339
441 299 4.04357913339
442 299 4.04357913339
443 299 4.04357913339
444 299 4.04357913339
445 299 4.04357913339
446 299 4.04357913339
447 299 4.04357913339
448 299 4.04357913339
449 299 4.04357913339
450 299 4.04357913339
451 299 4.04357913339
452 299 4.04357913339
453 299 4.04357913339
454 299 4.04357913339
455 299 4.04357913339
456 299 4.04357913339
457 299 4.04357913339
458 299 4.04357913339
459 299 4.04357913339
460 299 4.04357913339
461 299 4.04357913339
462 299 4.04357913339
463 299 4.04357913339
464 299 4.04357913339
465 299 4.04357913339
466 299 4.04357913339
467 299 4.04357913339
468 299 4.04357913339
469 299 4.04357913339
470 299 4.04357913339
471 299 4.04357913339
472 299 4.04357913339
473 299 4.04357913339
474 299 4.04357913339
475 299 4.04357913339
476 299 4.04357913339
477 299 4.04357913339
478 299 4.04357913339
479 299 4.04357913339
480 299 4.04357913339
481 299 4.04357913339
482 299 4.04357913339
483 299 4.04357913339
484 299 4.04357913339
485 299 4.04357913339
486 299 4.04357913339
487 299 4.04357913339
488 299 4.04357913339
489 299 4.04357913339
490 299 4.04357913339
491 300 1.21749880964
492 300 1.21749880964
493 300 1.21749880964
494 300 1.21749880964
495 300 1.21749880964
496 300 1.21749880964
497 300 1.21749880964
498 300 1.21749880964
499 300 1.21749880964
500 300 1.21749880964
501 300 1.21749880964
502 300 1.21749880964
503 300 1.21749880964
504 300 1.21749880964
505 300 1.21749880964
506 300 1.21749880964
507 300 1.21749880964
508 300 1.21749880964
509 300 1.21749880964
510 300 1.21749880964
511 300 1.21749880964
512 300 1.21749880964
513 300 1.21749880964
514 300 1.21749880964
515 300 1.21749880964
516 300 1.21749880964
517 300 1.21749880964
518 300 1.21749880964
519 300 1.21749880964
520 300 1.21749880964
521 300 1.21749880964
522 300 1.21749880964
523 300 1.21749880964
524 300 1.21749880964
525 300 1.21749880964
526 300 1.21749880964
527 300 1.21749880964
528 300 1.21749880964
529 300 1.21749880964
530 300 1.21749880964
531 300 1.21749880964
532 300 1.21749880964
533 300 1.21749880964
534 300 1.21749880964
535 300 1.21749880964
536 300 1.21749880964
537 300 1.21749880964
538 300 1.21749880964
539 300 1.21749880964
540 300 1.21749880964
541 300 1.21749880964
542 300 1.21749880964
543 300 1.21749880964
544 300 1.21749880964
545 300 1.21749880964
546 300 1.21749880964
547 300 1.21749880964
548 300 1.21749880964
549 300 1.21749880964
550 300 1.21749880964
551 300 1.21749880964
552 300 1.21749880964
553 300 1.21749880964
554 300 1.21749880964
555 300 1.21749880964
556 300 1.21749880964
557 300 1.21749880964
558 300 1.21749880964
559 300 1.21749880964
560 300 1.21749880964
561 300 1.21749880964
562 300 1.21749880964
563 300 1.21749880964
564 300 1.21749880964
565 300 1.21749880964
566 300 1.21749880964
567 300 1.21749880964
568 300 1.21749880964
569 300 1.21749880964
570 300 1.21749880964
571 300 1.21749880964
572 300 1.21749880964
573 300 1.21749880964
574 300 1.21749880964
575 301 0.209211722753
576 301 0.209211722753
577 301 0.209211722753
578 301 0.209211722753
579 301 0.209211722753
580 301 0.209211722753
581 301 0.209211722753
582 301 0.209211722753
583 301 0.209211722753
584 301 0.209211722753
585 301 0.209211722753
586 301 0.209211722753
587 301 0.209211722753
588 301 0.209211722753
589 301 0.209211722753
590 301 0.209211722753
591 301 0.209211722753
592 301 0.209211722753
593 301 0.209211722753
594 301 0.209211722753
595 301 0.209211722753
596 301 0.209211722753
597 301 0.209211722753
598 301 0.209211722753
599 301 0.209211722753
600 301 0.209211722753
601 301 0.209211722753
602 301 0.209211722753
603 301 0.209211722753
604 301 0.209211722753
605 301 0.209211722753
606 301 0.209211722753
607 301 0.209211722753
608 301 0.209211722753
609 301 0.209211722753
610 301 0.209211722753
611 301 0.209211722753
612 301 0.209211722753
613 301 0.209211722753
614 301 0.209211722753
615 301 0.209211722753
616 301 0.209211722753
617 301 0.209211722753
618 301 0.209211722753
619 301 0.209211722753
620 301 0.209211722753
621 301 0.209211722753
622 301 0.209211722753
623 301 0.209211722753
624 301 0.209211722753
625 301 0.209211722753
626 301 0.209211722753
627 301 0.209211722753
628 301 0.209211722753
629 301 0.209211722753
630 301 0.209211722753
631 301 0.209211722753
632 301 0.209211722753
633 301 0.209211722753
634 301 0.209211722753
635 301 0.209211722753
636 301 0.209211722753
637 301 0.209211722753
638 301 0.209211722753
639 301 0.209211722753
640 301 0.209211722753
641 301 0.209211722753
642 301 0.209211722753
643 301 0.209211722753
644 301 0.209211722753
645 301 0.209211722753
646 301 0.209211722753
647 301 0.209211722753
648 301 0.209211722753
649 301 0.209211722753
650 301 0.209211722753
651 301 0.209211722753
652 301 0.209211722753
653 301 0.209211722753
654 301 0.209211722753
655 301 0.209211722753
656 301 0.209211722753
657 301 0.209211722753
658 301 0.209211722753
659 302 1.80665297543
660 303 1.84725923692
661 304 1.91714991196
662 305 1.88649095336
663 306 1.85591063339
664 307 1.92265585049
665 308 1.96197749496
666 309 1.91902291228
667 310 1.92716665677
668 311 2.00537201989
669 312 2.0088092348
670 313 1.9750891359
671 314 2.0231097859
672 315 2.08574884212
673 316 2.06593574611
674 317 2.05926133153
675 318 1.98987483575
676 319 1.99418180278
677 320 2.00093302751
678 321 1.93924953854
679 322 1.88965838256
680 323 1.91257242237
681 324 1.91102053693
682 325 1.84103915078
683 326 1.81291578268
684 327 1.84537497328
685 328 1.82075890181
686 329 1.76597399535
687 330 1.78892939933
688 331 1.75843069463
689 332 1.68939467101
690 333 1.63910459541
691 334 1.65713878899
692 335 1.72594699741
693 336 1.72859518591
694 337 1.69954694873
695 338 1.75624426217
696 339 1.79773505973
697 340 1.77006628052
698 341 1.77855700675
699 342 1.85064151569
700 343 1.85432795472
701 344 1.81949918129
702 345 1.8706084551
703 346 1.91797389693
704 347 1.95265291515
705 348 2.00907323059
706 349 1.98333563897
707 350 1.99792986353
708 351 1.95848320608
709 352 1.97372751267
710 353 1.9422011306
711 354 1.97498747223
712 355 1.92754932697
713 356 1.87071074325
714 357 1.84189873023
715 358 1.80155715185
716 359 1.74646162312
717 360 1.74977085832
718 361 1.73527929741
719 362 1.68289317868
720 363 1.65437580919
721 364 1.65179553133
722 365 1.60577269092
723 366 1.58438367036
724 367 1.5768261177
725 368 1.52154347689
726 369 1.50508845361
727 370 1.53870094775
728 371 1.58462391178
729 372 1.5828043279
730 373 1.59930558798
731 374 1.64658491376
732 375 1.67395054334
733 376 1.68076127539
734 377 1.71309649814
735 378 1.75604381826
736 379 1.76988452823
737 380 1.7840929914
738 381 1.76340451381
739 382 1.70230521398
740 383 1.68077051899
741 384 1.65855618684
742 385 1.61457159574
743 386 1.58908584539
744 387 1.58836012476
745 388 1.55419626578
746 389 1.52559900756
747 390 1.50292469638
748 391 1.4549868444
749 392 1.46549825587
750 393 1.50665596389
751 394 1.53658164949
752 395 1.56855285862
753 396 1.59022824175
754 397 1.59666921659
755 398 1.63556763015
756 399 1.67760356161
757 400 1.6863607468
758 401 1.71185222807
759 402 1.75997710714
760 403 1.78052373205
761 404 1.79360697971
762 405 1.81767869299
763 406 1.86491251001
764 407 1.89780399286
765 408 1.85813668348
766 409 1.79957124226
767 410 1.76425017655
768 411 1.73348335073
769 412 1.7109708537
770 413 1.67779196154
771 414 1.65402356467
772 415 1.62876364942
773 416 1.60364798225
774 417 1.57222859006
775 418 1.5531306728
776 419 1.52192678621
777 420 1.49405670724
778 421 1.47772425135
779 422 1.44469914801
780 423 1.41917143362
781 424 1.41160605506
782 425 1.41234502609
783 426 5.45535359894
784 426 5.45535359894
785 426 5.45535359894
786 426 5.45535359894
787 426 5.45535359894
788 426 5.45535359894
789 426 5.45535359894
790 426 5.45535359894
791 426 5.45535359894
792 426 5.45535359894
793 426 5.45535359894
794 426 5.45535359894
795 426 5.45535359894
796 426 5.45535359894
797 426 5.45535359894
798 426 5.45535359894
799 426 5.45535359894
800 426 5.45535359894
801 426 5.45535359894
802 426 5.45535359894
803 426 5.45535359894
804 426 5.45535359894
805 426 5.45535359894
806 426 5.45535359894
807 426 5.45535359894
808 426 5.45535359894
809 427 1.48349014962
810 428 1.46009662635
811 429 1.48410375718
812 430 1.51078434682
813 431 1.52092445816
814 432 1.55474256013
815 433 1.59659324095
816 434 1.60642812153
817 435 1.61927526387
818 436 1.65755172275
819 437 1.69967506039
820 438 1.70108762198
821 439 1.70472271731
822 440 1.69482450857
823 441 1.69600891489
824 442 1.73631763527
825 443 1.69437263233
826 444 1.62590190011
827 445 1.61070551715
828 446 1.55389608248
829 447 1.57074422388
830 448 1.57119455725
831 449 1.51707676966
832 450 1.48794171509
833 451 1.51639373328
834 452 1.52146364775
835 453 1.47014162462
836 454 4.6249422481
837 454 4.6249422481
838 454 4.6249422481
839 454 4.6249422481
840 454 4.6249422481
841 454 4.6249422481
842 454 4.6249422481
843 454 4.6249422481
844 454 4.6249422481
845 454 4.6249422481
846 454 4.6249422481
847 454 4.6249422481
848 454 4.6249422481
849 454 4.6249422481
850 454 4.6249422481
851 454 4.6249422481
852 454 4.6249422481
853 454 4.6249422481
854 454 4.6249422481
855 454 4.6249422481
856 454 4.6249422481
857 454 4.6249422481
858 454 4.6249422481
859 454 4.6249422481
860 454 4.6249422481
861 454 4.6249422481
862 454 4.6249422481
863 454 4.6249422481
864 454 4.6249422481
865 454 4.6249422481
866 454 4.6249422481
867 454 4.6249422481
868 454 4.6249422481
869 454 4.6249422481
870 454 4.6249422481
871 454 4.6249422481
872 454 4.6249422481
873 454 4.6249422481
874 454 4.6249422481
875 454 4.6249422481
876 454 4.6249422481
877 454 4.6249422481
878 454 4.6249422481
879 454 4.6249422481
880 454 4.6249422481
881 454 4.6249422481
882 454 4.6249422481
883 454 4.6249422481
884 454 4.6249422481
885 454 4.6249422481
886 454 4.6249422481
887 454 4.6249422481
888 454 4.6249422481
889 455 3.70557664126
890 455 3.70557664126
891 455 3.70557664126
892 455 3.70557664126
893 455 3.70557664126
894 455 3.70557664126
895 455 3.70557664126
896 455 3.70557664126
897 455 3.70557664126
898 455 3.70557664126
899 455 3.70557664126
900 455 3.70557664126
901 455 3.70557664126
902 455 3.70557664126
903 455 3.70557664126
904 455 3.70557664126
905 455 3.70557664126
906 455 3.70557664126
907 455 3.70557664126
908 455 3.70557664126
909 455 3.70557664126
910 455 3.70557664126
911 455 3.70557664126
912 455 3.70557664126
913 455 3.70557664126
914 455 3.70557664126
915 455 3.70557664126
916 455 3.70557664126
917 455 3.70557664126
918 455 3.70557664126
919 455 3.70557664126
920 455 3.70557664126
921 455 3.70557664126
922 455 3.70557664126
923 455 3.70557664126
924 455 3.70557664126
925 455 3.70557664126
926 455 3.70557664126
927 455 3.70557664126
928 455 3.70557664126
929 455 3.70557664126
930 455 3.70557664126
931 455 3.70557664126
932 455 3.70557664126
933 455 3.70557664126
934 455 3.70557664126
935 455 3.70557664126
936 455 3.70557664126
937 455 3.70557664126
938 455 3.70557664126
939 455 3.70557664126
940 455 3.70557664126
941 455 3.70557664126
942 456 3.06376714564
943 457 2.98882613047
944 458 2.96766340551
945 459 2.91676077717
946 460 2.9785684761
947 461 3.05577702771
948 462 3.07958307719
949 463 3.09785808383
950 464 3.05611714684
951 465 3.09134459465
952 466 3.05368067442
953 467 3.02314457007
954 468 3.0417283335
955 469 2.9707352445
956 470 2.97740186271
957 471 3.05898298921
958 472 3.05656589893
959 473 3.0017461299
960 474 3.03599233466
961 475 2.98586147542
962 476 3.02210403256
963 477 3.02334060206
964 478 3.86827852091
965 478 3.86827852091
966 478 3.86827852091
967 478 3.86827852091
968 478 3.86827852091
969 478 3.86827852091
970 478 3.86827852091
971 478 3.86827852091
972 478 3.86827852091
973 478 3.86827852091
974 478 3.86827852091
975 478 3.86827852091
976 478 3.86827852091
977 478 3.86827852091
978 478 3.86827852091
979 478 3.86827852091
980 478 3.86827852091
981 478 3.86827852091
982 478 3.86827852091
983 478 3.86827852091
984 478 3.86827852091
985 478 3.86827852091
986 478 3.86827852091
987 478 3.86827852091
988 478 3.86827852091
989 478 3.86827852091
990 478 3.86827852091
991 478 3.86827852091
992 478 3.86827852091
993 478 3.86827852091
994 478 3.86827852091
995 478 3.86827852091
996 478 3.86827852091
997 478 3.86827852091
998 478 3.86827852091
999 478 3.86827852091
1000 479 2.90011682676
1001 480 2.94283556049
1002 481 2.9537150295
1003 482 2.95954814227
1004 483 2.89072237824
1005 484 2.89877060945
1006 485 2.84441572369
1007 486 2.83064463069
1008 487 2.86764631775
1009 488 2.93359407599
1010 489 2.94585752762
1011 490 2.96165882241
1012 491 2.92872696893
1013 492 2.9216042503
1014 493 2.85666888354
1015 494 2.84569476133
1016 495 2.85368685789
1017 496 2.80860427552
1018 497 2.74536759092
1019 498 2.75217845453
1020 499 2.76289798332
1021 500 2.69633474869
1022 501 2.64858407756
1023 502 2.67307806106
1024 503 2.68259459595
1025 504 2.67653382293
1026 505 2.72531415345
1027 506 2.806121992
1028 507 2.84889029355
1029 508 2.91246182309
1030 509 2.92505396016
1031 510 2.90598598418
1032 511 2.83832354229
1033 512 2.36020301087
1034 512 2.36020301087
1035 512 2.36020301087
1036 512 2.36020301087
1037 512 2.36020301087
1038 512 2.36020301087
