1 0 2.00980158199
2 0 2.00980158199
3 0 2.00980158199
4 0 2.00980158199
5 0 2.00980158199
6 0 2.00980158199
7 0 2.00980158199
8 0 2.00980158199
9 0 2.00980158199
10 0 2.00980158199
11 0 2.00980158199
12 0 2.00980158199
13 0 2.00980158199
14 0 2.00980158199
15 0 2.00980158199
16 0 2.00980158199
17 0 2.00980158199
18 0 2.00980158199
19 0 2.00980158199
20 0 2.00980158199
21 0 2.00980158199
22 0 2.00980158199
23 0 2.00980158199
24 0 2.00980158199
25 0 2.00980158199
26 0 2.00980158199
27 0 2.00980158199
28 0 2.00980158199
29 0 2.00980158199
30 0 2.00980158199
31 0 2.00980158199
32 0 2.00980158199
33 0 2.00980158199
34 0 2.00980158199
35 0 2.00980158199
36 0 2.00980158199
37 0 2.00980158199
38 0 2.00980158199
39 0 2.00980158199
40 0 2.00980158199
41 0 2.00980158199
42 0 2.00980158199
43 0 2.00980158199
44 0 2.00980158199
45 0 2.00980158199
46 0 2.00980158199
47 0 2.00980158199
48 0 2.00980158199
49 0 2.00980158199
50 0 2.00980158199
51 0 2.00980158199
52 0 2.00980158199
53 0 2.00980158199
54 1 0.698897716077
55 2 0.696756250095
56 3 0.733296499693
57 4 0.765713026886
58 5 0.799322289567
59 6 0.839593225361
60 7 0.856980641401
61 8 0.894472051377
62 9 0.915149493629
63 10 0.953249875382
64 11 0.979633767251
65 12 0.999723515023
66 13 1.01888115482
67 14 0.986058619737
68 15 0.958084698539
69 16 0.929016066433
70 17 0.91754863529
71 18 0.896580251786
72 19 0.873834787392
73 20 0.857817720079
74 21 0.837721137026
75 22 0.824427833558
76 23 0.831101505705
77 24 0.798630580025
78 25 0.826055253821
79 26 0.856876315894
80 27 0.840387628137
81 28 0.844974916639
82 29 0.852391083426
83 30 0.874885547503
84 31 0.876925305928
85 32 0.895308264238
86 33 0.91439224505
87 34 0.933328993638
88 35 0.959932988592
89 36 0.972310684478
90 37 1.01436567509
91 38 1.01258259993
92 39 1.00566744489
93 40 0.969776783711
94 41 0.964229631691
95 42 0.940351081661
96 43 0.934888602007
97 44 0.91683049193
98 45 0.904556112702
99 46 0.886424937062
100 47 0.925416108209
101 48 0.948685844927
102 49 0.991175090405
103 50 1.03310003339
104 51 1.03441105289
105 52 0.989649271845
106 53 0.987254988704
107 54 0.980259640715
108 55 0.999958400311
109 56 1.01829130154
110 57 1.01925043914
111 58 1.04208633643
112 59 1.01270771999
113 60 1.02998683151
114 61 1.05007970546
115 62 1.01027614853
116 63 0.974446006306
117 64 0.943314515742
118 65 0.902132477771
119 66 0.874581826555
120 67 0.87607984718
121 68 0.846957621647
122 69 0.850917754884
123 70 0.843823933552
124 71 0.845358471633
125 72 0.825515675172
126 73 0.862528753158
127 74 0.898229567103
128 75 0.893837694288
129 76 0.906903782328
130 77 0.901828429979
131 78 0.892414932494
132 79 0.906959048347
133 80 0.907886340582
134 81 0.940972704808
135 82 0.95310438098
136 83 0.981260620862
137 84 0.940406737417
138 85 0.947365689265
139 86 0.919590350665
140 87 0.943413297794
141 88 0.932684314716
142 89 0.959257673944
143 90 0.956726132087
144 91 0.951112552984
145 92 0.966943713247
146 93 1.00387029951
147 94 1.00756986544
148 95 1.01184248354
149 96 1.00804501114
150 97 1.01547879269
151 98 0.980665278041
152 99 0.957057225931
153 100 0.968527366174
154 101 0.952704181114
155 102 0.943347210643
156 103 0.898495986959
157 104 0.894895044414
158 105 0.917874106822
159 106 0.916161579374
160 107 0.912829201281
161 108 0.881507398047
162 109 0.854162408661
163 110 0.830497587917
164 111 0.821228401312
165 112 0.783907897723
166 113 0.781783606548
167 114 0.747174361015
168 115 0.737859544311
169 116 0.730925612216
170 117 0.754455886107
171 118 0.795927927183
172 119 0.783804829352
173 120 0.802662831876
174 121 0.790479588929
175 122 0.820219538729
176 123 0.813279658165
177 124 0.846137197278
178 125 0.862607233215
179 126 0.856343850117
180 127 0.813657988405
181 128 0.798506540836
182 129 0.786013806226
183 130 0.800911505306
184 131 0.788900110391
185 132 0.822225922064
186 133 0.821777053971
187 134 0.854779801157
188 135 0.847481330666
189 136 0.854470091733
190 137 0.894148136795
191 138 0.873625632053
192 139 0.858237147545
193 140 0.831823281741
194 141 0.790338717976
195 142 0.770726513963
196 143 0.777597086925
197 144 0.747166103897
198 145 0.752870834473
199 146 0.734129883258
200 147 0.753795981615
201 148 0.777978592245
202 149 0.807475603561
203 150 0.826142945717
204 151 0.798277379292
205 152 0.805954870913
206 153 0.779423027882
207 154 0.755361401132
208 155 0.726438946698
209 156 0.700765844294
210 157 0.65781781073
211 158 0.65738133212
212 159 0.617641892551
213 160 0.627636521202
214 161 0.671582813648
215 162 0.663135689388
216 163 0.65609140072
217 164 0.685098280039
218 165 0.690853490506
219 166 0.726545691573
220 167 0.738434617033
221 168 0.765795461771
222 169 0.792115108964
223 170 0.763755122088
224 171 0.73941263829
225 172 0.706851181501
226 173 0.690983262626
227 174 0.679988996849
228 175 0.653062730465
229 176 0.665364747998
230 177 0.65625410221
231 178 0.687889331087
232 179 0.687562249528
233 180 0.662591546742
234 181 0.679244373017
235 182 0.665145561812
236 183 0.651970736883
237 184 0.610382700456
238 185 0.611648825192
239 186 0.642775378279
240 187 0.642222914031
241 188 0.663091134893
242 189 0.679171236591
243 190 0.69508680113
244 191 0.730682422842
245 192 0.761169975697
246 193 0.790749084544
247 194 0.78178602222
248 195 0.758616996889
249 196 0.787258248816
250 197 0.758905890784
251 198 0.717282065501
252 199 0.696956024756
253 200 0.657189654609
254 201 0.631404240819
255 202 0.622648290296
256 203 0.578607275162
257 204 0.549654819224
258 205 0.558301835985
259 206 0.537610081105
260 207 0.561870435149
261 208 0.595172667611
262 209 0.597943817677
263 210 0.640414912014
264 211 0.667631525126
265 212 0.704805607601
266 213 0.742579452654
267 214 0.771819932609
268 215 0.810725328333
269 216 0.783360636168
270 217 0.781085337079
271 218 0.736537326869
272 219 0.710422983732
273 220 0.670231721296
274 221 0.633739949864
275 222 0.611433927733
276 223 0.569630859742
277 224 0.570393790744
278 225 0.539303589973
279 226 2.76233500952
280 226 2.76233500952
281 226 2.76233500952
282 226 2.76233500952
283 226 2.76233500952
284 226 2.76233500952
285 226 2.76233500952
286 226 2.76233500952
287 226 2.76233500952
288 226 2.76233500952
289 226 2.76233500952
290 227 0.526112746288
291 228 0.569112795545
292 229 0.577089940554
293 230 0.605365806113
294 231 0.584225298386
295 232 0.618466732022
296 233 0.66234017946
297 234 0.689607543809
298 235 0.728080157643
299 236 0.750018825536
300 237 0.788397882472
301 238 0.825832579672
302 239 0.843439926535
303 240 0.829643194406
304 241 0.798206998204
305 242 0.813521251162
306 243 0.776029058048
307 244 0.734914882679
308 245 0.71263426074
309 246 0.674573538613
310 247 0.683002355686
311 248 0.667815506296
312 249 0.649787240874
313 250 0.649096560789
314 251 0.634661273243
315 252 3.26334458384
316 252 3.26334458384
317 252 3.26334458384
318 252 3.26334458384
319 252 3.26334458384
320 252 3.26334458384
321 252 3.26334458384
322 252 3.26334458384
323 252 3.26334458384
324 252 3.26334458384
325 253 0.641897533843
326 254 0.68358867272
327 255 0.725858594348
328 256 0.755123098838
329 257 0.799228307352
330 258 0.827365433849
331 259 0.868728095228
332 260 0.863011672058
333 261 0.871770892136
334 262 0.830419518166
335 263 0.796729881165
336 264 0.755160611572
337 265 0.715226018214
338 266 0.680850479689
339 267 0.639626646543
340 268 0.611646939958
341 269 0.575549010524
342 270 0.595201074198
343 271 0.626044492171
344 272 0.648760879795
345 273 0.990119098474
346 273 0.990119098474
347 273 0.990119098474
348 273 0.990119098474
349 273 0.990119098474
350 273 0.990119098474
351 273 0.990119098474
352 273 0.990119098474
353 273 0.990119098474
354 273 0.990119098474
355 273 0.990119098474
356 273 0.990119098474
357 273 0.990119098474
358 273 0.990119098474
359 273 0.990119098474
360 273 0.990119098474
361 273 0.990119098474
362 273 0.990119098474
363 273 0.990119098474
364 273 0.990119098474
365 273 0.990119098474
366 273 0.990119098474
367 273 0.990119098474
368 273 0.990119098474
369 273 0.990119098474
370 273 0.990119098474
371 273 0.990119098474
372 273 0.990119098474
373 273 0.990119098474
374 273 0.990119098474
375 273 0.990119098474
376 273 0.990119098474
377 273 0.990119098474
378 273 0.990119098474
379 273 0.990119098474
380 273 0.990119098474
381 273 0.990119098474
382 273 0.990119098474
383 273 0.990119098474
384 273 0.990119098474
385 273 0.990119098474
386 273 0.990119098474
387 273 0.990119098474
388 273 0.990119098474
389 273 0.990119098474
390 274 0.676706122781
391 275 0.709710578807
392 276 0.73371037875
393 277 0.775102166454
394 278 0.806788612294
395 279 0.850933920254
396 280 0.873438369172
397 281 0.91096315645
398 282 0.925149838307
399 283 0.924241218176
400 284 0.897392848824
401 285 0.864174172733
402 286 0.865333319059
403 287 0.837798377626
404 288 0.805731978897
405 289 0.796016414136
406 290 0.757614922443
407 291 0.748406136077
408 292 0.729947999728
409 293 0.754443497845
410 294 0.766015758314
411 295 0.746899433555
412 296 0.774386596692
413 297 0.780935341033
414 298 0.821550973468
415 299 0.837105335312
416 300 0.877651931694
417 301 0.901816107147
418 302 0.943474656054
419 303 0.96311261159
420 304 0.940778091953
421 305 0.903915776946
422 306 0.873741196157
423 307 0.84566965709
424 308 0.811504260844
425 309 1.90615394867
426 309 1.90615394867
427 309 1.90615394867
428 309 1.90615394867
429 309 1.90615394867
430 310 0.894407678564
431 311 0.897535142087
432 312 0.873153138902
433 313 0.850829241887
434 314 0.857065782076
435 315 0.847041517097
436 316 0.815118522373
437 317 0.815547645028
438 318 0.818079506632
439 319 0.788604207118
440 320 0.767847044954
441 321 0.781249818188
442 322 0.787439672422
443 323 0.813498348672
444 324 0.795123403237
445 325 0.789184422693
446 326 0.817430077107
447 327 0.849241678183
448 328 0.882062422917
449 329 0.904477865549
450 330 0.93369463899
451 331 0.943668426433
452 332 0.975987742062
453 333 0.962008280994
454 334 0.930513429159
455 335 0.911458869634
456 336 0.877529413354
457 337 0.852872625373
458 338 0.816988442523
459 339 0.791835425052
460 340 0.764726240698
461 341 0.740584851565
462 342 0.711901460095
463 343 0.680801796928
464 344 0.673881924285
465 345 0.667267139519
466 346 0.64949777094
467 347 0.681117672498
468 348 0.686235904023
469 349 0.666003056137
470 350 0.687062484045
471 351 0.702834803459
472 352 0.737264290277
473 353 0.748966297046
474 354 0.776603234148
475 355 0.805630378298
476 356 0.830033022483
477 357 0.840776176822
478 358 0.87112708439
479 359 0.876043837265
480 360 0.9089966024
481 361 0.919499664862
482 362 0.943577110541
483 363 0.968538610119
484 364 0.949714359898
485 365 0.917681352128
486 366 0.892838546596
487 367 0.908087185707
488 368 0.88972480313
489 369 0.918194425109
490 370 0.916018425652
491 371 0.888022579046
492 372 0.892538216713
493 373 0.90310596749
494 374 0.876007707361
495 375 0.881267399651
496 376 0.863820073046
497 377 0.878578022787
498 378 0.856405369567
499 379 0.825638062588
500 380 0.801734621772
501 381 0.779601503218
502 382 0.793224838751
503 383 0.810694304228
504 384 0.840940520062
505 385 0.822201353377
506 386 0.795454934075
507 387 0.820794498057
508 388 0.833128108322
509 389 0.801061146252
510 390 0.79878104119
511 391 0.831397308434
512 392 0.8265353191
513 393 0.797395304626
514 394 0.816994709726
515 395 0.838661516053
516 396 0.811754370071
517 397 0.797946539896
518 398 0.82801079892
519 399 0.845776577443
520 400 0.817170823972
521 401 0.803095836443
522 402 0.791046741439
523 403 0.82249703863
524 404 0.842720123412
525 405 0.867899850057
526 406 0.850878429521
527 407 0.848430750178
528 408 0.823037884482
529 409 0.822405375887
530 410 0.787827841224
531 411 0.776235253156
532 412 0.795798033982
533 413 0.778919929442
534 414 0.746341312224
535 415 0.751262155969
536 416 0.764089787838
537 417 1.65653447156
538 417 1.65653447156
539 417 1.65653447156
540 417 1.65653447156
541 417 1.65653447156
542 417 1.65653447156
543 417 1.65653447156
544 417 1.65653447156
545 417 1.65653447156
546 417 1.65653447156
547 417 1.65653447156
548 417 1.65653447156
549 417 1.65653447156
550 417 1.65653447156
551 417 1.65653447156
552 417 1.65653447156
553 417 1.65653447156
554 417 1.65653447156
555 417 1.65653447156
556 417 1.65653447156
557 417 1.65653447156
558 417 1.65653447156
559 417 1.65653447156
560 417 1.65653447156
561 417 1.65653447156
562 417 1.65653447156
563 417 1.65653447156
564 417 1.65653447156
565 417 1.65653447156
566 417 1.65653447156
567 417 1.65653447156
568 417 1.65653447156
569 417 1.65653447156
570 417 1.65653447156
571 417 1.65653447156
572 417 1.65653447156
573 417 1.65653447156
574 417 1.65653447156
575 417 1.65653447156
576 417 1.65653447156
577 417 1.65653447156
578 417 1.65653447156
579 417 1.65653447156
580 417 1.65653447156
581 417 1.65653447156
582 417 1.65653447156
583 417 1.65653447156
584 417 1.65653447156
585 417 1.65653447156
586 417 1.65653447156
587 417 1.65653447156
588 417 1.65653447156
589 417 1.65653447156
590 417 1.65653447156
591 417 1.65653447156
592 417 1.65653447156
593 417 1.65653447156
594 417 1.65653447156
595 417 1.65653447156
596 417 1.65653447156
597 417 1.65653447156
598 417 1.65653447156
599 417 1.65653447156
600 417 1.65653447156
601 417 1.65653447156
602 417 1.65653447156
603 417 1.65653447156
604 417 1.65653447156
605 417 1.65653447156
606 417 1.65653447156
607 417 1.65653447156
608 417 1.65653447156
609 417 1.65653447156
610 417 1.65653447156
611 417 1.65653447156
612 417 1.65653447156
613 417 1.65653447156
614 417 1.65653447156
615 417 1.65653447156
616 418 0.976761944752
617 418 0.976761944752
618 418 0.976761944752
619 418 0.976761944752
620 418 0.976761944752
621 418 0.976761944752
622 418 0.976761944752
623 418 0.976761944752
624 418 0.976761944752
625 418 0.976761944752
626 418 0.976761944752
627 418 0.976761944752
628 418 0.976761944752
629 418 0.976761944752
630 418 0.976761944752
631 418 0.976761944752
632 418 0.976761944752
633 418 0.976761944752
634 418 0.976761944752
635 418 0.976761944752
636 418 0.976761944752
637 418 0.976761944752
638 418 0.976761944752
639 418 0.976761944752
640 418 0.976761944752
641 418 0.976761944752
642 418 0.976761944752
643 418 0.976761944752
644 418 0.976761944752
645 418 0.976761944752
646 418 0.976761944752
647 418 0.976761944752
648 418 0.976761944752
649 418 0.976761944752
650 418 0.976761944752
651 418 0.976761944752
652 418 0.976761944752
653 418 0.976761944752
654 418 0.976761944752
655 418 0.976761944752
656 418 0.976761944752
657 418 0.976761944752
658 418 0.976761944752
659 418 0.976761944752
660 418 0.976761944752
661 418 0.976761944752
662 418 0.976761944752
663 418 0.976761944752
664 418 0.976761944752
665 418 0.976761944752
666 418 0.976761944752
667 418 0.976761944752
668 418 0.976761944752
669 418 0.976761944752
670 418 0.976761944752
671 418 0.976761944752
672 418 0.976761944752
673 418 0.976761944752
674 418 0.976761944752
675 418 0.976761944752
676 418 0.976761944752
677 418 0.976761944752
678 418 0.976761944752
679 418 0.976761944752
680 418 0.976761944752
681 418 0.976761944752
682 418 0.976761944752
683 418 0.976761944752
684 418 0.976761944752
685 418 0.976761944752
686 418 0.976761944752
687 418 0.976761944752
688 418 0.976761944752
689 418 0.976761944752
690 418 0.976761944752
691 418 0.976761944752
692 418 0.976761944752
693 418 0.976761944752
694 418 0.976761944752
695 419 0.602238361989
696 419 0.602238361989
697 419 0.602238361989
698 419 0.602238361989
699 419 0.602238361989
700 419 0.602238361989
701 419 0.602238361989
702 419 0.602238361989
703 419 0.602238361989
704 419 0.602238361989
705 419 0.602238361989
706 419 0.602238361989
707 419 0.602238361989
708 419 0.602238361989
709 419 0.602238361989
710 419 0.602238361989
711 419 0.602238361989
712 419 0.602238361989
713 419 0.602238361989
714 419 0.602238361989
715 419 0.602238361989
716 419 0.602238361989
717 419 0.602238361989
718 419 0.602238361989
719 419 0.602238361989
720 419 0.602238361989
721 419 0.602238361989
722 419 0.602238361989
723 419 0.602238361989
724 419 0.602238361989
725 419 0.602238361989
726 419 0.602238361989
727 419 0.602238361989
728 419 0.602238361989
729 419 0.602238361989
730 419 0.602238361989
731 419 0.602238361989
732 419 0.602238361989
733 419 0.602238361989
734 419 0.602238361989
735 419 0.602238361989
736 419 0.602238361989
737 419 0.602238361989
738 419 0.602238361989
739 419 0.602238361989
740 419 0.602238361989
741 419 0.602238361989
742 419 0.602238361989
743 419 0.602238361989
744 419 0.602238361989
745 419 0.602238361989
746 419 0.602238361989
747 419 0.602238361989
748 419 0.602238361989
749 419 0.602238361989
750 419 0.602238361989
751 419 0.602238361989
752 419 0.602238361989
753 419 0.602238361989
754 419 0.602238361989
755 419 0.602238361989
756 419 0.602238361989
757 419 0.602238361989
758 419 0.602238361989
759 419 0.602238361989
760 419 0.602238361989
761 419 0.602238361989
762 419 0.602238361989
763 419 0.602238361989
764 419 0.602238361989
765 419 0.602238361989
766 419 0.602238361989
767 419 0.602238361989
768 419 0.602238361989
769 419 0.602238361989
770 419 0.602238361989
771 419 0.602238361989
772 419 0.602238361989
773 420 1.03816730107
774 420 1.03816730107
775 420 1.03816730107
776 420 1.03816730107
777 420 1.03816730107
778 420 1.03816730107
779 420 1.03816730107
780 420 1.03816730107
781 420 1.03816730107
782 420 1.03816730107
783 420 1.03816730107
784 420 1.03816730107
785 420 1.03816730107
786 420 1.03816730107
787 420 1.03816730107
788 420 1.03816730107
789 420 1.03816730107
790 420 1.03816730107
791 420 1.03816730107
792 420 1.03816730107
793 420 1.03816730107
794 420 1.03816730107
795 420 1.03816730107
796 420 1.03816730107
797 420 1.03816730107
798 420 1.03816730107
799 420 1.03816730107
800 420 1.03816730107
801 420 1.03816730107
802 420 1.03816730107
803 420 1.03816730107
804 420 1.03816730107
805 420 1.03816730107
806 420 1.03816730107
807 420 1.03816730107
808 420 1.03816730107
809 420 1.03816730107
810 420 1.03816730107
811 420 1.03816730107
812 420 1.03816730107
813 420 1.03816730107
814 420 1.03816730107
815 420 1.03816730107
816 420 1.03816730107
817 420 1.03816730107
818 420 1.03816730107
819 420 1.03816730107
820 420 1.03816730107
821 420 1.03816730107
822 420 1.03816730107
823 420 1.03816730107
824 420 1.03816730107
825 420 1.03816730107
826 421 4.40838138443
827 421 4.40838138443
828 421 4.40838138443
829 421 4.40838138443
830 421 4.40838138443
831 421 4.40838138443
832 421 4.40838138443
833 421 4.40838138443
834 421 4.40838138443
835 421 4.40838138443
836 421 4.40838138443
837 421 4.40838138443
838 421 4.40838138443
839 421 4.40838138443
840 421 4.40838138443
841 421 4.40838138443
842 421 4.40838138443
843 421 4.40838138443
844 421 4.40838138443
845 421 4.40838138443
846 421 4.40838138443
847 421 4.40838138443
848 421 4.40838138443
849 421 4.40838138443
850 421 4.40838138443
851 421 4.40838138443
852 421 4.40838138443
853 421 4.40838138443
854 421 4.40838138443
855 421 4.40838138443
856 421 4.40838138443
857 421 4.40838138443
858 421 4.40838138443
859 421 4.40838138443
860 421 4.40838138443
861 421 4.40838138443
862 421 4.40838138443
863 421 4.40838138443
864 421 4.40838138443
865 421 4.40838138443
866 421 4.40838138443
867 421 4.40838138443
868 421 4.40838138443
869 421 4.40838138443
870 421 4.40838138443
871 421 4.40838138443
872 421 4.40838138443
873 421 4.40838138443
874 421 4.40838138443
875 421 4.40838138443
876 421 4.40838138443
877 421 4.40838138443
878 421 4.40838138443
879 422 7.04898090483
880 422 7.04898090483
881 422 7.04898090483
882 422 7.04898090483
883 422 7.04898090483
884 422 7.04898090483
885 422 7.04898090483
886 422 7.04898090483
887 422 7.04898090483
888 422 7.04898090483
889 422 7.04898090483
890 422 7.04898090483
891 422 7.04898090483
892 422 7.04898090483
893 422 7.04898090483
894 422 7.04898090483
895 422 7.04898090483
896 422 7.04898090483
897 422 7.04898090483
898 422 7.04898090483
899 422 7.04898090483
900 422 7.04898090483
901 422 7.04898090483
902 422 7.04898090483
903 422 7.04898090483
904 422 7.04898090483
905 422 7.04898090483
906 422 7.04898090483
907 422 7.04898090483
908 422 7.04898090483
909 422 7.04898090483
910 422 7.04898090483
911 422 7.04898090483
912 422 7.04898090483
913 422 7.04898090483
914 422 7.04898090483
915 422 7.04898090483
916 422 7.04898090483
917 422 7.04898090483
918 422 7.04898090483
919 422 7.04898090483
920 422 7.04898090483
921 422 7.04898090483
922 422 7.04898090483
923 422 7.04898090483
924 422 7.04898090483
925 422 7.04898090483
926 422 7.04898090483
927 422 7.04898090483
928 422 7.04898090483
929 422 7.04898090483
930 422 7.04898090483
931 422 7.04898090483
932 422 7.04898090483
933 422 7.04898090483
934 422 7.04898090483
935 422 7.04898090483
936 422 7.04898090483
937 422 7.04898090483
938 423 1.21598253759
939 423 1.21598253759
940 423 1.21598253759
941 423 1.21598253759
942 423 1.21598253759
943 423 1.21598253759
944 423 1.21598253759
945 423 1.21598253759
946 423 1.21598253759
947 423 1.21598253759
948 423 1.21598253759
949 423 1.21598253759
950 423 1.21598253759
951 423 1.21598253759
952 423 1.21598253759
953 423 1.21598253759
954 423 1.21598253759
955 423 1.21598253759
956 423 1.21598253759
957 423 1.21598253759
958 423 1.21598253759
959 423 1.21598253759
960 423 1.21598253759
961 423 1.21598253759
962 423 1.21598253759
963 423 1.21598253759
964 423 1.21598253759
965 423 1.21598253759
966 423 1.21598253759
967 423 1.21598253759
968 423 1.21598253759
969 423 1.21598253759
970 423 1.21598253759
971 423 1.21598253759
972 423 1.21598253759
973 423 1.21598253759
974 423 1.21598253759
975 423 1.21598253759
976 423 1.21598253759
977 423 1.21598253759
978 423 1.21598253759
979 423 1.21598253759
980 423 1.21598253759
981 423 1.21598253759
982 423 1.21598253759
983 423 1.21598253759
984 423 1.21598253759
985 423 1.21598253759
986 423 1.21598253759
987 423 1.21598253759
988 423 1.21598253759
989 423 1.21598253759
990 423 1.21598253759
991 423 1.21598253759
992 423 1.21598253759
993 423 1.21598253759
994 423 1.21598253759
995 423 1.21598253759
996 424 2.43493881516
997 424 2.43493881516
998 424 2.43493881516
999 424 2.43493881516
1000 424 2.43493881516
1001 424 2.43493881516
1002 424 2.43493881516
1003 424 2.43493881516
1004 424 2.43493881516
1005 424 2.43493881516
1006 424 2.43493881516
1007 424 2.43493881516
1008 424 2.43493881516
1009 424 2.43493881516
1010 424 2.43493881516
1011 424 2.43493881516
1012 424 2.43493881516
1013 424 2.43493881516
1014 424 2.43493881516
1015 424 2.43493881516
1016 424 2.43493881516
1017 424 2.43493881516
1018 424 2.43493881516
1019 424 2.43493881516
1020 424 2.43493881516
1021 424 2.43493881516
1022 424 2.43493881516
1023 424 2.43493881516
1024 424 2.43493881516
1025 424 2.43493881516
1026 424 2.43493881516
1027 424 2.43493881516
1028 424 2.43493881516
1029 424 2.43493881516
1030 424 2.43493881516
1031 424 2.43493881516
1032 424 2.43493881516
1033 424 2.43493881516
1034 424 2.43493881516
1035 424 2.43493881516
1036 424 2.43493881516
1037 424 2.43493881516
1038 424 2.43493881516
1039 424 2.43493881516
1040 424 2.43493881516
1041 424 2.43493881516
1042 424 2.43493881516
1043 424 2.43493881516
1044 424 2.43493881516
1045 424 2.43493881516
1046 424 2.43493881516
1047 424 2.43493881516
1048 424 2.43493881516
1049 424 2.43493881516
1050 424 2.43493881516
1051 424 2.43493881516
1052 424 2.43493881516
1053 424 2.43493881516
1054 424 2.43493881516
1055 424 2.43493881516
1056 424 2.43493881516
1057 424 2.43493881516
1058 424 2.43493881516
1059 424 2.43493881516
1060 424 2.43493881516
1061 424 2.43493881516
1062 424 2.43493881516
1063 424 2.43493881516
1064 424 2.43493881516
1065 424 2.43493881516
1066 424 2.43493881516
1067 424 2.43493881516
1068 424 2.43493881516
1069 424 2.43493881516
1070 424 2.43493881516
1071 424 2.43493881516
1072 424 2.43493881516
1073 424 2.43493881516
1074 424 2.43493881516
1075 424 2.43493881516
1076 424 2.43493881516
1077 424 2.43493881516
1078 424 2.43493881516
1079 424 2.43493881516
1080 424 2.43493881516
1081 424 2.43493881516
1082 424 2.43493881516
1083 424 2.43493881516
1084 424 2.43493881516
1085 424 2.43493881516
1086 424 2.43493881516
1087 424 2.43493881516
1088 424 2.43493881516
1089 424 2.43493881516
1090 424 2.43493881516
1091 424 2.43493881516
1092 425 1.6880987366
1093 426 1.70475432857
1094 427 1.65224051547
1095 428 1.63388835885
1096 429 1.61149708777
1097 430 1.60128146487
1098 431 1.61060834219
1099 432 1.61359288989
1100 433 1.64325920591
1101 434 1.66737212129
1102 435 1.63812286106
1103 436 1.64046539867
1104 437 1.61716795933
1105 438 1.63967036167
1106 439 1.68049880552
1107 440 1.74137429742
1108 441 1.77909606108
1109 442 1.78669787085
1110 443 1.71307585038
1111 444 1.71012260177
1112 445 1.69876481819
1113 446 1.67030687235
1114 447 1.70966059944
1115 448 1.67506866951
1116 449 1.67644468556
1117 450 1.63443806072
1118 451 1.63829123266
1119 452 1.64334227455
1120 453 1.69036512597
1121 454 1.75292924027
1122 455 1.76650852826
1123 456 1.69641209171
1124 457 1.68341276905
1125 458 1.7410454288
1126 459 1.72502416596
1127 460 1.66083913681
1128 461 1.67202742159
1129 462 1.71834352494
1130 463 1.68894945527
1131 464 1.63898702193
1132 465 1.61781058243
1133 466 1.60226346634
1134 467 1.6012055318
1135 468 1.61382991231
1136 469 1.62045531363
1137 470 1.64389522215
1138 471 1.63428330708
1139 472 1.64557283591
1140 473 2.87205630898
1141 473 2.87205630898
1142 473 2.87205630898
1143 473 2.87205630898
1144 473 2.87205630898
1145 473 2.87205630898
1146 473 2.87205630898
1147 473 2.87205630898
1148 473 2.87205630898
