1 0 0.0
2 1 0.0
3 2 0.0
4 3 0.0
5 4 0.0
6 5 0.0
7 6 0.0
8 7 0.0
9 8 0.0
10 9 0.0
11 10 0.0
12 11 0.0
13 12 0.0
14 13 0.0
15 14 0.0
16 15 0.0
17 16 0.0
18 17 0.0
19 18 0.0
20 19 0.0
21 20 0.0
22 21 0.0
23 22 0.0
24 23 0.0
25 24 0.0
26 25 0.0
27 26 0.0
28 27 0.0
29 28 0.0
30 29 0.0
31 30 0.0
32 31 0.0
33 31 0.0
34 31 0.0
35 31 0.0
36 31 0.0
37 31 0.0
38 31 0.0
39 31 0.0
40 31 0.0
41 31 0.0
42 31 0.0
43 31 0.0
44 31 0.0
45 31 0.0
46 31 0.0
47 31 0.0
48 31 0.0
49 31 0.0
50 31 0.0
51 31 0.0
52 31 0.0
53 31 0.0
54 31 0.0
55 31 0.0
56 31 0.0
57 31 0.0
58 31 0.0
59 31 0.0
60 31 0.0
61 31 0.0
62 31 0.0
63 31 0.0
64 31 0.0
65 31 0.0
66 31 0.0
67 31 0.0
68 31 0.0
69 31 0.0
70 31 0.0
71 31 0.0
72 31 0.0
73 31 0.0
74 31 0.0
75 31 0.0
76 31 0.0
77 31 0.0
78 31 0.0
79 31 0.0
80 31 0.0
81 31 0.0
82 31 0.0
83 31 0.0
84 31 0.0
85 31 0.0
86 31 0.0
87 31 0.0
88 31 0.0
89 31 0.0
90 31 0.0
91 31 0.0
92 31 0.0
93 31 0.0
94 31 0.0
95 31 0.0
96 31 0.0
97 31 0.0
98 31 0.0
99 31 0.0
100 31 0.0
101 31 0.0
102 31 0.0
103 31 0.0
104 31 0.0
105 31 0.0
106 31 0.0
107 31 0.0
108 31 0.0
109 31 0.0
110 31 0.0
111 31 0.0
112 31 0.0
113 31 0.0
114 31 0.0
115 31 0.0
116 31 0.0
117 31 0.0
118 31 0.0
119 31 0.0
120 31 0.0
121 31 0.0
122 31 0.0
123 31 0.0
124 31 0.0
125 31 0.0
126 31 0.0
127 31 0.0
128 31 0.0
129 32 0.0
130 32 0.0
131 32 0.0
132 32 0.0
133 32 0.0
134 32 0.0
135 32 0.0
136 32 0.0
137 32 0.0
138 32 0.0
139 32 0.0
140 32 0.0
141 32 0.0
142 32 0.0
143 32 0.0
144 32 0.0
145 32 0.0
146 32 0.0
147 32 0.0
148 32 0.0
149 32 0.0
150 32 0.0
151 32 0.0
152 32 0.0
153 32 0.0
154 32 0.0
155 32 0.0
156 32 0.0
157 32 0.0
158 32 0.0
159 32 0.0
160 32 0.0
161 32 0.0
162 32 0.0
163 32 0.0
164 32 0.0
165 32 0.0
166 32 0.0
167 32 0.0
168 32 0.0
169 32 0.0
170 32 0.0
171 32 0.0
172 32 0.0
173 32 0.0
174 32 0.0
175 32 0.0
176 32 0.0
177 32 0.0
178 32 0.0
179 32 0.0
180 32 0.0
181 32 0.0
182 32 0.0
183 32 0.0
184 32 0.0
185 32 0.0
186 32 0.0
187 32 0.0
188 32 0.0
189 32 0.0
190 32 0.0
191 32 0.0
192 32 0.0
193 32 0.0
194 32 0.0
195 32 0.0
196 32 0.0
197 32 0.0
198 32 0.0
199 32 0.0
200 32 0.0
201 32 0.0
202 32 0.0
203 32 0.0
204 32 0.0
205 32 0.0
206 32 0.0
207 32 0.0
208 32 0.0
209 32 0.0
210 32 0.0
211 32 0.0
212 32 0.0
213 32 0.0
214 32 0.0
215 32 0.0
216 32 0.0
217 32 0.0
218 32 0.0
219 32 0.0
220 32 0.0
221 32 0.0
222 32 0.0
223 32 0.0
224 32 0.0
225 32 0.0
226 33 0.0
227 33 0.0
228 33 0.0
229 33 0.0
230 33 0.0
231 33 0.0
232 33 0.0
233 33 0.0
234 33 0.0
235 33 0.0
236 33 0.0
237 33 0.0
238 33 0.0
239 33 0.0
240 33 0.0
241 33 0.0
242 33 0.0
243 33 0.0
244 33 0.0
245 33 0.0
246 33 0.0
247 33 0.0
248 33 0.0
249 33 0.0
250 33 0.0
251 33 0.0
252 33 0.0
253 33 0.0
254 33 0.0
255 33 0.0
256 33 0.0
257 33 0.0
258 33 0.0
259 33 0.0
260 33 0.0
261 33 0.0
262 33 0.0
263 33 0.0
264 33 0.0
265 33 0.0
266 33 0.0
267 33 0.0
268 33 0.0
269 33 0.0
270 33 0.0
271 33 0.0
272 33 0.0
273 33 0.0
274 33 0.0
275 33 0.0
276 33 0.0
277 33 0.0
278 33 0.0
279 33 0.0
280 33 0.0
281 33 0.0
282 33 0.0
283 33 0.0
284 33 0.0
285 33 0.0
286 33 0.0
287 33 0.0
288 33 0.0
289 33 0.0
290 33 0.0
291 33 0.0
292 33 0.0
293 33 0.0
294 33 0.0
295 33 0.0
296 33 0.0
297 33 0.0
298 33 0.0
299 33 0.0
300 33 0.0
301 33 0.0
302 33 0.0
303 33 0.0
304 33 0.0
305 33 0.0
306 33 0.0
307 33 0.0
308 33 0.0
309 33 0.0
310 33 0.0
311 33 0.0
312 33 0.0
313 33 0.0
314 33 0.0
315 33 0.0
316 33 0.0
317 33 0.0
318 33 0.0
319 33 0.0
320 33 0.0
321 33 0.0
322 34 0.0
323 35 0.0
324 36 0.0
325 37 0.0
326 38 0.0
327 39 0.0
328 40 0.0
329 41 0.0
330 42 0.0
331 43 0.0
332 44 0.0
333 45 0.0
334 46 0.0
335 47 0.0
336 48 0.0
337 49 0.0
338 50 0.0
339 51 0.0
340 52 0.0
341 53 0.0
342 54 0.0
343 55 0.0
344 56 0.0
345 57 0.0
346 58 0.0
347 59 0.0
348 60 0.0
349 61 0.0
350 62 0.0
351 63 0.0
352 64 0.0
353 64 0.0
354 64 0.0
355 64 0.0
356 64 0.0
357 64 0.0
358 64 0.0
359 64 0.0
360 64 0.0
361 64 0.0
362 64 0.0
363 64 0.0
364 64 0.0
365 64 0.0
366 64 0.0
367 64 0.0
368 64 0.0
369 64 0.0
370 64 0.0
371 64 0.0
372 64 0.0
373 64 0.0
374 64 0.0
375 64 0.0
376 64 0.0
377 64 0.0
378 64 0.0
379 64 0.0
380 64 0.0
381 64 0.0
382 64 0.0
383 64 0.0
384 64 0.0
385 64 0.0
386 64 0.0
387 64 0.0
388 64 0.0
389 64 0.0
390 64 0.0
391 64 0.0
392 64 0.0
393 64 0.0
394 64 0.0
395 64 0.0
396 64 0.0
397 64 0.0
398 64 0.0
399 64 0.0
400 65 0.0
401 66 0.0
402 67 0.0
403 68 0.0
404 69 0.0
405 70 0.0
406 71 0.0
407 72 0.0
408 73 0.0
409 74 0.0
410 75 0.0
411 76 0.0
412 77 0.0
413 78 0.0
414 79 0.0
415 80 0.0
416 81 0.0
417 82 0.0
418 83 0.0
419 84 0.0
420 85 0.0
421 86 0.0
422 87 0.0
423 88 0.0
424 89 0.0
425 90 0.0
426 91 0.0
427 92 0.0
428 93 0.0
429 94 0.0
430 95 0.0
431 96 0.0
432 97 0.0
433 98 0.0
434 99 0.0
435 100 0.0
436 101 0.0
437 102 0.0
438 103 0.0
439 104 0.0
440 104 0.0
441 104 0.0
442 104 0.0
443 104 0.0
444 104 0.0
445 104 0.0
446 104 0.0
447 104 0.0
448 104 0.0
449 104 0.0
450 104 0.0
451 104 0.0
452 104 0.0
453 104 0.0
454 104 0.0
455 104 0.0
456 104 0.0
457 104 0.0
458 104 0.0
459 104 0.0
460 104 0.0
461 104 0.0
462 104 0.0
463 104 0.0
464 104 0.0
465 104 0.0
466 104 0.0
467 104 0.0
468 104 0.0
469 104 0.0
470 104 0.0
471 104 0.0
472 104 0.0
473 104 0.0
474 104 0.0
475 104 0.0
476 104 0.0
477 104 0.0
478 104 0.0
479 104 0.0
480 104 0.0
481 104 0.0
482 104 0.0
483 104 0.0
484 104 0.0
485 104 0.0
486 104 0.0
487 104 0.0
488 104 0.0
489 104 0.0
490 104 0.0
491 104 0.0
492 104 0.0
493 104 0.0
494 104 0.0
495 104 0.0
496 104 0.0
497 104 0.0
498 104 0.0
499 104 0.0
500 104 0.0
501 104 0.0
502 104 0.0
503 104 0.0
504 104 0.0
505 104 0.0
506 104 0.0
507 104 0.0
508 104 0.0
509 104 0.0
510 104 0.0
511 104 0.0
512 104 0.0
513 104 0.0
514 104 0.0
515 104 0.0
516 104 0.0
517 104 0.0
518 104 0.0
519 104 0.0
520 104 0.0
521 104 0.0
522 104 0.0
523 104 0.0
524 104 0.0
525 104 0.0
526 104 0.0
527 104 0.0
528 104 0.0
529 104 0.0
530 104 0.0
531 105 0.0
532 106 0.0
533 107 0.0
534 108 0.0
535 109 0.0
536 110 0.0
537 111 0.0
538 112 0.0
539 113 0.0
540 114 0.0
541 115 0.0
542 116 0.0
543 117 0.0
544 118 0.0
545 119 0.0
546 120 0.0
547 121 0.0
548 122 0.0
549 123 0.0
550 124 0.0
551 125 0.0
552 126 0.0
553 127 0.0
554 128 0.0
555 129 0.0
556 130 0.0
557 131 0.0
558 132 0.0
559 133 0.0
560 134 0.0
561 135 0.0
562 136 0.0
563 137 0.0
564 138 0.0
565 139 0.0
566 140 0.0
567 141 0.0
568 142 0.0
569 143 0.0
570 144 0.0
571 145 0.0
572 146 0.0
573 147 0.0
574 148 0.0
575 149 0.0
576 151 0.0
577 152 0.0
578 151 0.0
579 151 0.0
580 151 0.0
581 151 0.0
582 151 0.0
583 151 0.0
584 151 0.0
585 151 0.0
586 151 0.0
587 151 0.0
588 151 0.0
589 151 0.0
590 151 0.0
591 151 0.0
592 151 0.0
593 151 0.0
594 151 0.0
595 151 0.0
596 151 0.0
597 151 0.0
598 151 0.0
599 151 0.0
600 151 0.0
601 151 0.0
602 151 0.0
603 151 0.0
604 151 0.0
605 151 0.0
606 151 0.0
607 151 0.0
608 151 0.0
609 151 0.0
610 151 0.0
611 151 0.0
612 151 0.0
613 151 0.0
614 151 0.0
615 151 0.0
616 151 0.0
617 151 0.0
618 151 0.0
619 151 0.0
620 151 0.0
621 151 0.0
622 151 0.0
623 151 0.0
624 151 0.0
625 151 0.0
626 151 0.0
627 151 0.0
628 151 0.0
629 151 0.0
630 151 0.0
631 151 0.0
632 151 0.0
633 151 0.0
634 151 0.0
635 151 0.0
636 151 0.0
637 151 0.0
638 151 0.0
639 151 0.0
640 151 0.0
641 151 0.0
642 151 0.0
643 151 0.0
644 151 0.0
645 151 0.0
646 151 0.0
647 151 0.0
648 151 0.0
649 151 0.0
650 151 0.0
651 151 0.0
652 151 0.0
653 151 0.0
654 151 0.0
655 151 0.0
656 151 0.0
657 151 0.0
658 151 0.0
659 151 0.0
660 151 0.0
661 151 0.0
662 151 0.0
663 151 0.0
664 151 0.0
665 151 0.0
666 151 0.0
667 151 0.0
668 151 0.0
669 153 0.0
670 153 0.0
671 153 0.0
672 153 0.0
673 153 0.0
674 153 0.0
675 153 0.0
676 153 0.0
677 153 0.0
678 153 0.0
679 153 0.0
680 153 0.0
681 153 0.0
682 153 0.0
683 153 0.0
684 153 0.0
685 153 0.0
686 153 0.0
687 153 0.0
688 153 0.0
689 153 0.0
690 153 0.0
691 153 0.0
692 153 0.0
693 153 0.0
694 153 0.0
695 153 0.0
696 153 0.0
697 153 0.0
698 153 0.0
699 153 0.0
700 153 0.0
701 153 0.0
702 153 0.0
703 153 0.0
704 153 0.0
705 153 0.0
706 153 0.0
707 153 0.0
708 153 0.0
709 153 0.0
710 153 0.0
711 153 0.0
712 153 0.0
713 153 0.0
714 153 0.0
715 153 0.0
716 153 0.0
717 153 0.0
718 153 0.0
719 153 0.0
720 153 0.0
721 153 0.0
722 153 0.0
723 153 0.0
724 153 0.0
725 153 0.0
726 153 0.0
727 153 0.0
728 153 0.0
729 153 0.0
730 153 0.0
731 153 0.0
732 153 0.0
733 153 0.0
734 153 0.0
735 153 0.0
736 153 0.0
737 153 0.0
738 153 0.0
739 153 0.0
740 153 0.0
741 153 0.0
742 153 0.0
743 153 0.0
744 153 0.0
745 153 0.0
746 153 0.0
747 153 0.0
748 153 0.0
749 153 0.0
750 153 0.0
751 153 0.0
752 153 0.0
753 153 0.0
754 153 0.0
755 153 0.0
756 153 0.0
757 153 0.0
758 153 0.0
759 153 0.0
760 153 0.0
761 153 0.0
762 154 0.0
763 154 0.0
764 154 0.0
765 154 0.0
766 154 0.0
767 154 0.0
768 154 0.0
769 154 0.0
770 154 0.0
771 154 0.0
772 154 0.0
773 154 0.0
774 154 0.0
775 154 0.0
776 154 0.0
777 154 0.0
778 154 0.0
779 154 0.0
780 154 0.0
781 154 0.0
782 154 0.0
783 154 0.0
784 154 0.0
785 154 0.0
786 154 0.0
787 154 0.0
788 154 0.0
789 154 0.0
790 154 0.0
791 154 0.0
792 154 0.0
793 154 0.0
794 154 0.0
795 154 0.0
796 154 0.0
797 154 0.0
798 154 0.0
799 154 0.0
800 154 0.0
801 154 0.0
802 154 0.0
803 154 0.0
804 154 0.0
805 154 0.0
806 154 0.0
807 154 0.0
808 154 0.0
809 154 0.0
810 154 0.0
811 154 0.0
812 154 0.0
813 154 0.0
814 154 0.0
815 154 0.0
816 154 0.0
817 154 0.0
818 154 0.0
819 154 0.0
820 154 0.0
821 154 0.0
822 154 0.0
823 154 0.0
824 154 0.0
825 154 0.0
826 154 0.0
827 154 0.0
828 154 0.0
829 154 0.0
830 154 0.0
831 154 0.0
832 154 0.0
833 154 0.0
834 154 0.0
835 154 0.0
836 154 0.0
837 154 0.0
838 154 0.0
839 154 0.0
840 154 0.0
841 154 0.0
842 154 0.0
843 154 0.0
844 154 0.0
845 154 0.0
846 154 0.0
847 154 0.0
848 154 0.0
849 154 0.0
850 154 0.0
851 154 0.0
852 154 0.0
853 154 0.0
854 154 0.0
855 155 0.0
856 155 0.0
857 155 0.0
858 155 0.0
859 155 0.0
860 155 0.0
861 155 0.0
862 155 0.0
863 155 0.0
864 155 0.0
865 155 0.0
866 155 0.0
867 155 0.0
868 155 0.0
869 155 0.0
870 155 0.0
871 155 0.0
872 155 0.0
873 155 0.0
874 155 0.0
875 155 0.0
876 155 0.0
877 155 0.0
878 155 0.0
879 155 0.0
880 155 0.0
881 155 0.0
882 155 0.0
883 155 0.0
884 155 0.0
885 155 0.0
886 155 0.0
887 155 0.0
888 155 0.0
889 155 0.0
890 155 0.0
891 155 0.0
892 155 0.0
893 155 0.0
894 155 0.0
895 155 0.0
896 155 0.0
897 155 0.0
898 155 0.0
899 155 0.0
900 155 0.0
901 155 0.0
902 155 0.0
903 155 0.0
904 155 0.0
905 155 0.0
906 155 0.0
907 155 0.0
908 155 0.0
909 155 0.0
910 155 0.0
911 155 0.0
912 155 0.0
913 155 0.0
914 155 0.0
915 155 0.0
916 155 0.0
917 155 0.0
918 155 0.0
919 155 0.0
920 155 0.0
921 155 0.0
922 155 0.0
923 155 0.0
924 155 0.0
925 155 0.0
926 155 0.0
927 155 0.0
928 155 0.0
929 155 0.0
930 155 0.0
931 155 0.0
932 155 0.0
933 155 0.0
934 155 0.0
935 155 0.0
936 155 0.0
937 155 0.0
938 155 0.0
939 155 0.0
940 155 0.0
941 155 0.0
942 155 0.0
943 155 0.0
944 155 0.0
945 155 0.0
946 155 0.0
947 155 0.0
948 156 0.0
949 156 0.0
950 157 0.0
951 158 0.0
952 159 0.0
953 160 0.0
954 161 0.0
955 162 0.0
956 163 0.0
957 164 0.0
958 165 0.0
959 166 0.0
960 167 0.0
961 168 0.0
962 169 0.0
963 170 0.0
964 171 0.0
965 172 0.0
966 173 0.0
967 174 0.0
968 175 0.0
969 176 0.0
970 177 0.0
971 178 0.0
972 179 0.0
973 180 0.0
974 181 0.0
975 182 0.0
976 183 0.0
977 184 0.0
978 185 0.0
979 186 0.0
980 187 0.0
981 188 0.0
982 189 0.0
983 190 0.0
984 191 0.0
985 192 0.0
986 193 0.0
987 194 0.0
988 195 0.0
989 196 0.0
990 196 0.0
991 196 0.0
992 196 0.0
993 196 0.0
994 196 0.0
995 196 0.0
996 196 0.0
997 196 0.0
998 196 0.0
999 196 0.0
1000 196 0.0
1001 196 0.0
1002 196 0.0
1003 196 0.0
1004 196 0.0
1005 196 0.0
1006 196 0.0
1007 196 0.0
1008 196 0.0
1009 196 0.0
1010 196 0.0
1011 196 0.0
1012 196 0.0
1013 196 0.0
1014 196 0.0
1015 196 0.0
1016 196 0.0
1017 196 0.0
1018 196 0.0
1019 196 0.0
1020 196 0.0
1021 196 0.0
1022 196 0.0
1023 196 0.0
1024 196 0.0
1025 196 0.0
1026 196 0.0
1027 196 0.0
1028 196 0.0
1029 196 0.0
1030 196 0.0
1031 196 0.0
1032 196 0.0
1033 196 0.0
1034 196 0.0
1035 196 0.0
1036 196 0.0
1037 196 0.0
1038 196 0.0
1039 196 0.0
1040 196 0.0
1041 196 0.0
1042 196 0.0
1043 196 0.0
1044 196 0.0
1045 196 0.0
1046 196 0.0
1047 196 0.0
1048 196 0.0
1049 196 0.0
1050 196 0.0
1051 196 0.0
1052 196 0.0
1053 196 0.0
1054 196 0.0
1055 196 0.0
1056 196 0.0
1057 196 0.0
1058 196 0.0
1059 196 0.0
1060 196 0.0
1061 196 0.0
1062 196 0.0
1063 196 0.0
1064 196 0.0
1065 196 0.0
1066 196 0.0
1067 196 0.0
1068 196 0.0
1069 196 0.0
1070 196 0.0
1071 196 0.0
1072 196 0.0
1073 196 0.0
1074 196 0.0
1075 196 0.0
1076 196 0.0
1077 196 0.0
1078 196 0.0
1079 196 0.0
1080 196 0.0
1081 196 0.0
1082 196 0.0
1083 197 0.0
1084 198 0.0
1085 199 0.0
1086 200 0.0
1087 201 0.0
1088 202 0.0
1089 203 0.0
1090 204 0.0
1091 205 0.0
1092 206 0.0
1093 207 0.0
1094 208 0.0
1095 209 0.0
1096 210 0.0
1097 211 0.0
1098 212 0.0
1099 213 0.0
1100 214 0.0
1101 215 0.0
1102 216 0.0
1103 217 0.0
1104 218 0.0
1105 219 0.0
1106 220 0.0
1107 221 0.0
1108 222 0.0
1109 223 0.0
1110 224 0.0
1111 225 0.0
1112 226 0.0
1113 227 0.0
1114 228 0.0
1115 229 0.0
1116 230 0.0
1117 231 0.0
1118 232 0.0
1119 233 0.0
1120 234 0.0
1121 235 0.0
1122 236 0.0
1123 237 0.0
1124 238 0.0
1125 239 0.0
1126 240 0.0
1127 241 0.0
1128 242 0.0
1129 243 0.0
1130 244 0.0
1131 245 0.0
1132 246 0.0
1133 247 0.0
1134 248 0.0
1135 249 0.0
1136 250 0.0
1137 251 0.0
1138 252 0.0
1139 253 0.0
1140 254 0.0
1141 255 0.0
1142 255 0.0
1143 255 0.0
1144 255 0.0
1145 255 0.0
1146 255 0.0
