1 0 0.0
2 0 0.0
3 0 0.0
4 0 0.0
5 0 0.0
6 0 0.0
7 0 0.0
8 0 0.0
9 0 0.0
10 0 0.0
11 0 0.0
12 0 0.0
13 0 0.0
14 0 0.0
15 0 0.0
16 0 0.0
17 0 0.0
18 0 0.0
19 0 0.0
20 0 0.0
21 0 0.0
22 0 0.0
23 0 0.0
24 0 0.0
25 0 0.0
26 0 0.0
27 0 0.0
28 0 0.0
29 0 0.0
30 0 0.0
31 0 0.0
32 0 0.0
33 0 0.0
34 0 0.0
35 0 0.0
36 0 0.0
37 0 0.0
38 0 0.0
39 0 0.0
40 0 0.0
41 0 0.0
42 0 0.0
43 0 0.0
44 0 0.0
45 0 0.0
46 0 0.0
47 0 0.0
48 0 0.0
49 0 0.0
50 0 0.0
51 0 0.0
52 0 0.0
53 0 0.0
54 0 0.0
55 0 0.0
56 0 0.0
57 0 0.0
58 0 0.0
59 0 0.0
60 0 0.0
61 0 0.0
62 0 0.0
63 0 0.0
64 1 0.0
65 1 0.0
66 1 0.0
67 1 0.0
68 1 0.0
69 1 0.0
70 1 0.0
71 1 0.0
72 1 0.0
73 1 0.0
74 1 0.0
75 1 0.0
76 1 0.0
77 1 0.0
78 1 0.0
79 1 0.0
80 1 0.0
81 1 0.0
82 1 0.0
83 1 0.0
84 1 0.0
85 1 0.0
86 1 0.0
87 1 0.0
88 1 0.0
89 1 0.0
90 1 0.0
91 1 0.0
92 1 0.0
93 1 0.0
94 1 0.0
95 1 0.0
96 1 0.0
97 1 0.0
98 1 0.0
99 1 0.0
100 1 0.0
101 1 0.0
102 1 0.0
103 1 0.0
104 1 0.0
105 1 0.0
106 1 0.0
107 1 0.0
108 1 0.0
109 1 0.0
110 1 0.0
111 1 0.0
112 1 0.0
113 1 0.0
114 1 0.0
115 1 0.0
116 1 0.0
117 1 0.0
118 1 0.0
119 1 0.0
120 1 0.0
121 1 0.0
122 1 0.0
123 1 0.0
124 1 0.0
125 1 0.0
126 1 0.0
127 2 0.0
128 3 0.0
129 4 0.0
130 5 0.0
131 6 0.0
132 7 0.0
133 8 0.0
134 9 0.0
135 10 0.0
136 11 0.0
137 12 0.0
138 13 0.0
139 14 0.0
140 15 0.0
141 16 0.0
142 17 0.0
143 18 0.0
144 19 0.0
145 20 0.0
146 21 0.0
147 22 0.0
148 23 0.0
149 24 0.0
150 25 0.0
151 26 0.0
152 27 0.0
153 28 0.0
154 29 0.0
155 30 0.0
156 31 0.0
157 32 0.0
158 33 0.0
159 34 0.0
160 35 0.0
161 36 0.0
162 37 0.0
163 38 0.0
164 39 0.0
165 40 0.0
166 41 0.0
167 42 0.0
168 43 0.0
169 44 0.0
170 45 0.0
171 46 0.0
172 47 0.0
173 48 0.0
174 48 0.0
175 48 0.0
176 48 0.0
177 48 0.0
178 48 0.0
179 48 0.0
180 48 0.0
181 48 0.0
182 48 0.0
183 48 0.0
184 48 0.0
185 48 0.0
186 48 0.0
187 48 0.0
188 48 0.0
189 48 0.0
190 48 0.0
191 48 0.0
192 48 0.0
193 48 0.0
194 48 0.0
195 48 0.0
196 48 0.0
197 48 0.0
198 48 0.0
199 48 0.0
200 48 0.0
201 49 0.0
202 50 0.0
203 51 0.0
204 52 0.0
205 53 0.0
206 54 0.0
207 55 0.0
208 56 0.0
209 57 0.0
210 58 0.0
211 59 0.0
212 60 0.0
213 61 0.0
214 62 0.0
215 63 0.0
216 64 0.0
217 65 0.0
218 66 0.0
219 67 0.0
220 68 0.0
221 69 0.0
222 70 0.0
223 71 0.0
224 72 0.0
225 73 0.0
226 74 0.0
227 75 0.0
228 76 0.0
229 77 0.0
230 78 0.0
231 79 0.0
232 80 0.0
233 81 0.0
234 82 0.0
235 83 0.0
236 84 0.0
237 85 0.0
238 86 0.0
239 87 0.0
240 88 0.0
241 89 0.0
242 90 0.0
243 91 0.0
244 92 0.0
245 93 0.0
246 94 0.0
247 95 0.0
248 96 0.0
249 97 0.0
250 98 0.0
251 99 0.0
252 100 0.0
253 101 0.0
254 102 0.0
255 103 0.0
256 104 0.0
257 105 0.0
258 106 0.0
259 107 0.0
260 108 0.0
261 109 0.0
262 110 0.0
263 111 0.0
264 112 0.0
265 113 0.0
266 114 0.0
267 115 0.0
268 116 0.0
269 117 0.0
270 118 0.0
271 119 0.0
272 120 0.0
273 121 0.0
274 122 0.0
275 123 0.0
276 124 0.0
277 125 0.0
278 126 0.0
279 127 0.0
280 128 0.0
281 129 0.0
282 130 0.0
283 131 0.0
284 132 0.0
285 133 0.0
286 134 0.0
287 135 0.0
288 136 0.0
289 137 0.0
290 138 0.0
291 139 0.0
292 140 0.0
293 141 0.0
294 142 0.0
295 143 0.0
296 144 0.0
297 145 0.0
298 146 0.0
299 147 0.0
300 148 0.0
301 149 0.0
302 150 0.0
303 151 0.0
304 152 0.0
305 153 0.0
306 154 0.0
307 155 0.0
308 156 0.0
309 157 0.0
310 158 0.0
311 159 0.0
312 160 0.0
313 161 0.0
314 162 0.0
315 163 0.0
316 164 0.0
317 165 0.0
318 166 0.0
319 167 0.0
320 168 0.0
321 168 0.0
322 168 0.0
323 168 0.0
324 168 0.0
325 168 0.0
326 168 0.0
327 168 0.0
328 168 0.0
329 168 0.0
330 168 0.0
331 168 0.0
332 168 0.0
333 168 0.0
334 168 0.0
335 168 0.0
336 168 0.0
337 168 0.0
338 169 0.0
339 170 0.0
340 171 0.0
341 172 0.0
342 173 0.0
343 174 0.0
344 175 0.0
345 176 0.0
346 177 0.0
347 178 0.0
348 179 0.0
349 180 0.0
350 181 0.0
351 182 0.0
352 183 0.0
353 184 0.0
354 185 0.0
355 186 0.0
356 187 0.0
357 188 0.0
358 189 0.0
359 190 0.0
360 191 0.0
361 192 0.0
362 193 0.0
363 194 0.0
364 195 0.0
365 196 0.0
366 197 0.0
367 198 0.0
368 199 0.0
369 200 0.0
370 201 0.0
371 202 0.0
372 203 0.0
373 204 0.0
374 205 0.0
375 206 0.0
376 207 0.0
377 208 0.0
378 209 0.0
379 210 0.0
380 211 0.0
381 212 0.0
382 213 0.0
383 214 0.0
384 215 0.0
385 216 0.0
386 217 0.0
387 218 0.0
388 219 0.0
389 220 0.0
390 221 0.0
391 222 0.0
392 223 0.0
393 224 0.0
394 225 0.0
395 226 0.0
396 227 0.0
397 228 0.0
398 229 0.0
399 230 0.0
400 231 0.0
401 232 0.0
402 233 0.0
403 234 0.0
404 235 0.0
405 235 0.0
406 235 0.0
407 235 0.0
408 235 0.0
409 235 0.0
410 235 0.0
411 235 0.0
412 235 0.0
413 235 0.0
414 235 0.0
415 235 0.0
416 235 0.0
417 235 0.0
418 235 0.0
419 235 0.0
420 235 0.0
421 235 0.0
422 235 0.0
423 235 0.0
424 235 0.0
425 235 0.0
426 235 0.0
427 235 0.0
428 235 0.0
429 235 0.0
430 235 0.0
431 235 0.0
432 235 0.0
433 235 0.0
434 236 0.0
435 237 0.0
436 238 0.0
437 239 0.0
438 240 0.0
439 241 0.0
440 242 0.0
441 243 0.0
442 244 0.0
443 245 0.0
444 246 0.0
445 247 0.0
446 248 0.0
447 249 0.0
448 250 0.0
449 251 0.0
450 252 0.0
451 253 0.0
452 254 0.0
453 255 0.0
454 256 0.0
455 257 0.0
456 258 0.0
457 259 0.0
458 260 0.0
459 261 0.0
460 262 0.0
461 263 0.0
462 264 0.0
463 265 0.0
464 266 0.0
465 267 0.0
466 268 0.0
467 269 0.0
468 270 0.0
469 271 0.0
470 272 0.0
471 273 0.0
472 274 0.0
473 275 0.0
474 276 0.0
475 277 0.0
476 278 0.0
477 279 0.0
478 280 0.0
479 281 0.0
480 282 0.0
481 283 0.0
482 284 0.0
483 285 0.0
484 286 0.0
485 287 0.0
486 288 0.0
487 289 0.0
488 290 0.0
489 291 0.0
490 292 0.0
491 293 0.0
492 294 0.0
493 295 0.0
494 296 0.0
495 297 0.0
496 298 0.0
497 299 0.0
498 300 0.0
499 301 0.0
500 302 0.0
501 303 0.0
502 304 0.0
503 305 0.0
504 306 0.0
505 307 0.0
506 308 0.0
507 309 0.0
508 310 0.0
509 311 0.0
510 312 0.0
511 313 0.0
512 314 0.0
513 315 0.0
514 316 0.0
515 317 0.0
516 318 0.0
517 319 0.0
518 320 0.0
519 321 0.0
520 322 0.0
521 323 0.0
522 323 0.0
523 323 0.0
524 323 0.0
525 323 0.0
526 323 0.0
527 323 0.0
528 323 0.0
529 323 0.0
530 323 0.0
531 323 0.0
532 323 0.0
533 323 0.0
534 323 0.0
535 323 0.0
536 323 0.0
537 323 0.0
538 323 0.0
539 323 0.0
540 323 0.0
541 323 0.0
542 323 0.0
543 323 0.0
544 323 0.0
545 323 0.0
546 323 0.0
547 323 0.0
548 323 0.0
549 323 0.0
550 323 0.0
551 323 0.0
552 323 0.0
553 323 0.0
554 323 0.0
555 323 0.0
556 323 0.0
557 323 0.0
558 323 0.0
559 323 0.0
560 323 0.0
561 323 0.0
562 323 0.0
563 323 0.0
564 324 0.0
565 324 0.0
566 324 0.0
567 324 0.0
568 324 0.0
569 324 0.0
570 324 0.0
571 324 0.0
572 324 0.0
573 324 0.0
574 324 0.0
575 324 0.0
576 324 0.0
577 324 0.0
578 324 0.0
579 324 0.0
580 324 0.0
581 324 0.0
582 324 0.0
583 324 0.0
584 324 0.0
585 324 0.0
586 324 0.0
587 324 0.0
588 324 0.0
589 324 0.0
590 324 0.0
591 324 0.0
592 324 0.0
593 324 0.0
594 324 0.0
595 324 0.0
596 324 0.0
597 324 0.0
598 324 0.0
599 324 0.0
600 324 0.0
601 324 0.0
602 324 0.0
603 324 0.0
604 324 0.0
605 324 0.0
606 324 0.0
607 324 0.0
608 324 0.0
609 324 0.0
610 324 0.0
611 324 0.0
612 324 0.0
613 324 0.0
614 324 0.0
615 324 0.0
616 324 0.0
617 324 0.0
618 324 0.0
619 324 0.0
620 324 0.0
621 324 0.0
622 324 0.0
623 324 0.0
624 324 0.0
625 324 0.0
626 324 0.0
627 324 0.0
628 324 0.0
629 324 0.0
630 324 0.0
631 324 0.0
632 324 0.0
633 324 0.0
634 324 0.0
635 324 0.0
636 324 0.0
637 324 0.0
638 324 0.0
639 324 0.0
640 324 0.0
641 324 0.0
642 324 0.0
643 324 0.0
644 324 0.0
645 324 0.0
646 324 0.0
647 324 0.0
648 324 0.0
649 324 0.0
650 324 0.0
651 324 0.0
652 324 0.0
653 324 0.0
654 324 0.0
655 324 0.0
656 324 0.0
657 324 0.0
658 324 0.0
659 324 0.0
660 324 0.0
661 324 0.0
662 324 0.0
663 325 0.0
664 325 0.0
665 325 0.0
666 325 0.0
667 325 0.0
668 325 0.0
669 325 0.0
670 325 0.0
671 325 0.0
672 325 0.0
673 325 0.0
674 325 0.0
675 325 0.0
676 325 0.0
677 325 0.0
678 325 0.0
679 325 0.0
680 325 0.0
681 325 0.0
682 325 0.0
683 325 0.0
684 325 0.0
685 325 0.0
686 325 0.0
687 325 0.0
688 325 0.0
689 325 0.0
690 325 0.0
691 325 0.0
692 325 0.0
693 325 0.0
694 325 0.0
695 325 0.0
696 325 0.0
697 325 0.0
698 325 0.0
699 325 0.0
700 325 0.0
701 325 0.0
702 325 0.0
703 325 0.0
704 325 0.0
705 325 0.0
706 325 0.0
707 325 0.0
708 325 0.0
709 325 0.0
710 325 0.0
711 325 0.0
712 325 0.0
713 325 0.0
714 325 0.0
715 325 0.0
716 325 0.0
717 325 0.0
718 325 0.0
719 325 0.0
720 325 0.0
721 325 0.0
722 325 0.0
723 325 0.0
724 325 0.0
725 325 0.0
726 325 0.0
727 325 0.0
728 325 0.0
729 325 0.0
730 325 0.0
731 325 0.0
732 325 0.0
733 325 0.0
734 325 0.0
735 325 0.0
736 325 0.0
737 325 0.0
738 325 0.0
739 325 0.0
740 325 0.0
741 325 0.0
742 325 0.0
743 325 0.0
744 325 0.0
745 325 0.0
746 325 0.0
747 325 0.0
748 325 0.0
749 325 0.0
750 325 0.0
751 325 0.0
752 325 0.0
753 325 0.0
754 325 0.0
755 325 0.0
756 325 0.0
757 325 0.0
758 325 0.0
759 325 0.0
760 325 0.0
761 325 0.0
762 326 0.0
763 326 0.0
764 326 0.0
765 326 0.0
766 326 0.0
767 326 0.0
768 326 0.0
769 326 0.0
770 326 0.0
771 326 0.0
772 326 0.0
773 326 0.0
774 326 0.0
775 326 0.0
776 326 0.0
777 326 0.0
778 326 0.0
779 326 0.0
780 326 0.0
781 326 0.0
782 326 0.0
783 326 0.0
784 326 0.0
785 326 0.0
786 326 0.0
787 326 0.0
788 326 0.0
789 326 0.0
790 326 0.0
791 326 0.0
792 326 0.0
793 326 0.0
794 326 0.0
795 326 0.0
796 326 0.0
797 326 0.0
798 326 0.0
799 326 0.0
800 326 0.0
801 326 0.0
802 326 0.0
803 326 0.0
804 326 0.0
805 326 0.0
806 326 0.0
807 326 0.0
808 326 0.0
809 326 0.0
810 326 0.0
811 326 0.0
812 326 0.0
813 326 0.0
814 326 0.0
815 326 0.0
816 326 0.0
817 326 0.0
818 326 0.0
819 326 0.0
820 326 0.0
821 326 0.0
822 326 0.0
823 326 0.0
824 326 0.0
825 326 0.0
826 326 0.0
827 326 0.0
828 326 0.0
829 326 0.0
830 326 0.0
831 326 0.0
832 326 0.0
833 326 0.0
834 326 0.0
835 326 0.0
836 326 0.0
837 326 0.0
838 326 0.0
839 326 0.0
840 326 0.0
841 326 0.0
842 326 0.0
843 326 0.0
844 326 0.0
845 326 0.0
846 326 0.0
847 326 0.0
848 326 0.0
849 326 0.0
850 326 0.0
851 326 0.0
852 326 0.0
853 326 0.0
854 326 0.0
855 326 0.0
856 326 0.0
857 326 0.0
858 326 0.0
859 326 0.0
860 326 0.0
861 327 0.0
862 327 0.0
863 327 0.0
864 327 0.0
865 327 0.0
866 327 0.0
867 327 0.0
868 327 0.0
869 327 0.0
870 327 0.0
871 327 0.0
872 327 0.0
873 327 0.0
874 327 0.0
875 327 0.0
876 327 0.0
877 327 0.0
878 327 0.0
879 327 0.0
880 327 0.0
881 327 0.0
882 327 0.0
883 327 0.0
884 327 0.0
885 327 0.0
886 327 0.0
887 327 0.0
888 327 0.0
889 327 0.0
890 327 0.0
891 327 0.0
892 327 0.0
893 327 0.0
894 327 0.0
895 327 0.0
896 327 0.0
897 327 0.0
898 327 0.0
899 327 0.0
900 327 0.0
901 327 0.0
902 327 0.0
903 327 0.0
904 327 0.0
905 327 0.0
906 327 0.0
907 327 0.0
908 327 0.0
909 327 0.0
910 327 0.0
911 327 0.0
912 327 0.0
913 327 0.0
914 327 0.0
915 327 0.0
916 327 0.0
917 327 0.0
918 327 0.0
919 327 0.0
920 327 0.0
921 327 0.0
922 327 0.0
923 327 0.0
924 327 0.0
925 327 0.0
926 327 0.0
927 327 0.0
928 327 0.0
929 327 0.0
930 327 0.0
931 327 0.0
932 327 0.0
933 327 0.0
934 327 0.0
935 327 0.0
936 327 0.0
937 327 0.0
938 327 0.0
939 327 0.0
940 327 0.0
941 327 0.0
942 327 0.0
943 327 0.0
944 327 0.0
945 327 0.0
946 327 0.0
947 327 0.0
948 327 0.0
949 327 0.0
950 327 0.0
951 327 0.0
952 327 0.0
953 327 0.0
954 327 0.0
955 327 0.0
956 327 0.0
957 327 0.0
958 327 0.0
959 327 0.0
960 328 0.0
961 328 0.0
962 328 0.0
963 328 0.0
964 328 0.0
965 328 0.0
966 328 0.0
967 328 0.0
968 328 0.0
969 328 0.0
970 328 0.0
971 328 0.0
972 328 0.0
973 328 0.0
974 328 0.0
975 328 0.0
976 328 0.0
977 328 0.0
978 328 0.0
979 328 0.0
980 328 0.0
981 328 0.0
982 328 0.0
983 328 0.0
984 328 0.0
985 328 0.0
986 328 0.0
987 328 0.0
988 328 0.0
989 328 0.0
990 328 0.0
991 328 0.0
992 328 0.0
993 328 0.0
994 328 0.0
995 328 0.0
996 328 0.0
997 328 0.0
998 328 0.0
999 328 0.0
1000 328 0.0
1001 328 0.0
1002 328 0.0
1003 328 0.0
1004 328 0.0
1005 328 0.0
1006 328 0.0
1007 328 0.0
1008 328 0.0
1009 328 0.0
1010 328 0.0
1011 328 0.0
1012 328 0.0
1013 328 0.0
1014 328 0.0
1015 328 0.0
1016 328 0.0
1017 328 0.0
1018 328 0.0
1019 328 0.0
1020 328 0.0
1021 328 0.0
1022 328 0.0
1023 328 0.0
1024 328 0.0
1025 328 0.0
1026 328 0.0
1027 328 0.0
1028 328 0.0
1029 328 0.0
1030 328 0.0
1031 328 0.0
1032 328 0.0
1033 328 0.0
1034 328 0.0
1035 328 0.0
1036 328 0.0
1037 328 0.0
1038 328 0.0
1039 328 0.0
1040 328 0.0
1041 328 0.0
1042 328 0.0
1043 328 0.0
1044 328 0.0
1045 328 0.0
1046 328 0.0
1047 328 0.0
1048 328 0.0
1049 328 0.0
1050 328 0.0
1051 328 0.0
1052 328 0.0
1053 328 0.0
1054 328 0.0
1055 328 0.0
1056 328 0.0
1057 328 0.0
1058 328 0.0
1059 329 0.0
1060 329 0.0
1061 329 0.0
1062 329 0.0
1063 329 0.0
1064 329 0.0
1065 329 0.0
1066 329 0.0
1067 329 0.0
1068 329 0.0
1069 329 0.0
1070 329 0.0
1071 329 0.0
1072 329 0.0
1073 329 0.0
1074 329 0.0
1075 329 0.0
1076 329 0.0
1077 329 0.0
1078 329 0.0
1079 329 0.0
1080 329 0.0
1081 329 0.0
1082 329 0.0
1083 329 0.0
1084 329 0.0
1085 329 0.0
1086 329 0.0
1087 329 0.0
1088 329 0.0
1089 329 0.0
1090 329 0.0
1091 329 0.0
1092 329 0.0
1093 329 0.0
1094 329 0.0
1095 329 0.0
1096 329 0.0
1097 329 0.0
1098 329 0.0
1099 329 0.0
1100 329 0.0
1101 329 0.0
1102 329 0.0
1103 329 0.0
1104 329 0.0
1105 329 0.0
1106 329 0.0
1107 329 0.0
1108 329 0.0
1109 329 0.0
1110 329 0.0
1111 329 0.0
1112 329 0.0
1113 329 0.0
1114 329 0.0
1115 329 0.0
1116 329 0.0
1117 329 0.0
1118 329 0.0
1119 329 0.0
1120 329 0.0
1121 329 0.0
1122 329 0.0
1123 329 0.0
1124 329 0.0
1125 329 0.0
1126 329 0.0
1127 329 0.0
1128 329 0.0
1129 329 0.0
1130 329 0.0
1131 329 0.0
1132 329 0.0
1133 329 0.0
1134 329 0.0
1135 329 0.0
1136 329 0.0
1137 329 0.0
1138 329 0.0
1139 329 0.0
1140 329 0.0
1141 329 0.0
1142 329 0.0
1143 329 0.0
1144 329 0.0
1145 329 0.0
1146 329 0.0
1147 329 0.0
1148 329 0.0
1149 329 0.0
1150 329 0.0
1151 329 0.0
1152 329 0.0
1153 329 0.0
1154 329 0.0
1155 329 0.0
1156 330 0.0
1157 330 0.0
1158 330 0.0
1159 330 0.0
1160 330 0.0
1161 330 0.0
1162 330 0.0
1163 330 0.0
1164 330 0.0
1165 330 0.0
1166 330 0.0
1167 330 0.0
1168 330 0.0
1169 330 0.0
1170 330 0.0
1171 330 0.0
1172 330 0.0
1173 330 0.0
1174 330 0.0
1175 330 0.0
1176 330 0.0
1177 330 0.0
1178 330 0.0
1179 330 0.0
1180 330 0.0
1181 330 0.0
1182 330 0.0
1183 330 0.0
1184 330 0.0
1185 330 0.0
1186 330 0.0
1187 330 0.0
1188 330 0.0
1189 330 0.0
1190 330 0.0
1191 330 0.0
1192 330 0.0
1193 330 0.0
1194 330 0.0
1195 330 0.0
1196 330 0.0
1197 330 0.0
1198 330 0.0
1199 330 0.0
1200 330 0.0
1201 330 0.0
1202 330 0.0
1203 330 0.0
1204 330 0.0
1205 330 0.0
1206 330 0.0
1207 330 0.0
1208 330 0.0
1209 330 0.0
1210 330 0.0
1211 330 0.0
1212 330 0.0
1213 330 0.0
1214 330 0.0
1215 330 0.0
1216 330 0.0
1217 330 0.0
1218 331 0.0
1219 331 0.0
1220 331 0.0
1221 331 0.0
1222 331 0.0
1223 331 0.0
1224 331 0.0
1225 331 0.0
1226 331 0.0
1227 331 0.0
1228 331 0.0
1229 331 0.0
1230 331 0.0
1231 331 0.0
1232 331 0.0
1233 331 0.0
1234 331 0.0
1235 331 0.0
1236 331 0.0
1237 331 0.0
1238 331 0.0
1239 331 0.0
1240 331 0.0
1241 331 0.0
1242 331 0.0
1243 331 0.0
1244 331 0.0
1245 331 0.0
1246 331 0.0
1247 331 0.0
1248 331 0.0
1249 331 0.0
1250 331 0.0
1251 331 0.0
1252 331 0.0
1253 331 0.0
1254 331 0.0
1255 331 0.0
1256 331 0.0
1257 331 0.0
1258 331 0.0
1259 331 0.0
1260 331 0.0
1261 331 0.0
1262 331 0.0
1263 331 0.0
1264 331 0.0
1265 331 0.0
1266 331 0.0
1267 331 0.0
1268 331 0.0
1269 331 0.0
1270 331 0.0
1271 331 0.0
1272 331 0.0
1273 331 0.0
1274 331 0.0
1275 331 0.0
1276 331 0.0
1277 331 0.0
1278 331 0.0
1279 331 0.0
1280 332 0.0
1281 333 0.0
1282 334 0.0
1283 335 0.0
1284 336 0.0
1285 337 0.0
1286 338 0.0
1287 339 0.0
1288 340 0.0
1289 341 0.0
1290 342 0.0
1291 343 0.0
1292 344 0.0
1293 345 0.0
1294 346 0.0
1295 347 0.0
1296 348 0.0
1297 349 0.0
1298 350 0.0
1299 351 0.0
1300 352 0.0
1301 353 0.0
1302 354 0.0
1303 355 0.0
1304 356 0.0
1305 357 0.0
1306 358 0.0
1307 359 0.0
1308 360 0.0
1309 361 0.0
1310 362 0.0
1311 363 0.0
1312 364 0.0
1313 365 0.0
1314 366 0.0
1315 367 0.0
1316 368 0.0
1317 369 0.0
1318 370 0.0
1319 371 0.0
1320 372 0.0
1321 373 0.0
1322 374 0.0
1323 375 0.0
1324 376 0.0
1325 377 0.0
1326 378 0.0
1327 379 0.0
1328 380 0.0
1329 381 0.0
1330 382 0.0
1331 383 0.0
1332 384 0.0
1333 385 0.0
1334 386 0.0
1335 387 0.0
1336 388 0.0
1337 389 0.0
1338 390 0.0
1339 391 0.0
1340 392 0.0
1341 393 0.0
