1 0 6.99770853974
2 0 6.99770853974
3 0 6.99770853974
4 0 6.99770853974
5 0 6.99770853974
6 0 6.99770853974
7 0 6.99770853974
8 0 6.99770853974
9 0 6.99770853974
10 0 6.99770853974
11 0 6.99770853974
12 0 6.99770853974
13 0 6.99770853974
14 0 6.99770853974
15 0 6.99770853974
16 0 6.99770853974
17 0 6.99770853974
18 0 6.99770853974
19 0 6.99770853974
20 0 6.99770853974
21 0 6.99770853974
22 0 6.99770853974
23 0 6.99770853974
24 0 6.99770853974
25 0 6.99770853974
26 0 6.99770853974
27 0 6.99770853974
28 0 6.99770853974
29 0 6.99770853974
30 0 6.99770853974
31 0 6.99770853974
32 0 6.99770853974
33 0 6.99770853974
34 0 6.99770853974
35 0 6.99770853974
36 0 6.99770853974
37 0 6.99770853974
38 0 6.99770853974
39 0 6.99770853974
40 0 6.99770853974
41 0 6.99770853974
42 0 6.99770853974
43 0 6.99770853974
44 0 6.99770853974
45 1 3.6682861901
46 2 3.44510984966
47 3 3.34947407476
48 4 3.08222914626
49 5 2.79183171816
50 6 2.55715299966
51 7 2.28310667802
52 8 2.09728792851
53 9 1.86288282274
54 10 1.88147710551
55 11 2.06514906676
56 12 2.00987342197
57 13 2.25485647613
58 14 2.54305461458
59 15 2.82600508825
60 16 3.13042092831
61 17 3.31557092715
62 18 3.59610014209
63 19 3.77816161578
64 20 3.65663950486
65 21 3.64639474653
66 22 3.37746995169
67 23 3.23927140865
68 24 2.97600123067
69 25 2.7385915803
70 26 2.45339250801
71 27 2.19149175321
72 28 1.95892636255
73 29 1.69719370382
74 30 1.69629336629
75 31 1.84599235845
76 32 2.07116453494
77 33 2.31057816457
78 34 2.53308430026
79 35 2.82264472751
80 36 2.96528371286
81 37 3.25277598504
82 38 3.23197870382
83 39 3.52165766419
84 40 3.4773176625
85 41 3.17078260129
86 42 3.13131493239
87 43 3.15720106225
88 44 8.27654772079
89 44 8.27654772079
90 44 8.27654772079
91 44 8.27654772079
92 44 8.27654772079
93 44 8.27654772079
94 44 8.27654772079
95 44 8.27654772079
96 44 8.27654772079
97 44 8.27654772079
98 44 8.27654772079
99 44 8.27654772079
100 44 8.27654772079
101 44 8.27654772079
102 44 8.27654772079
103 44 8.27654772079
104 44 8.27654772079
105 44 8.27654772079
106 44 8.27654772079
107 44 8.27654772079
108 44 8.27654772079
109 44 8.27654772079
110 44 8.27654772079
111 44 8.27654772079
112 44 8.27654772079
113 44 8.27654772079
114 44 8.27654772079
115 44 8.27654772079
116 44 8.27654772079
117 44 8.27654772079
118 44 8.27654772079
119 44 8.27654772079
120 44 8.27654772079
121 44 8.27654772079
122 44 8.27654772079
123 44 8.27654772079
124 45 2.87238751255
125 46 2.86623881364
126 47 2.5706656685
127 48 2.47254819146
128 49 2.23123192342
129 50 2.16355796979
130 51 1.97273085549
131 52 3.72449525393
132 52 3.72449525393
133 52 3.72449525393
134 52 3.72449525393
135 52 3.72449525393
136 52 3.72449525393
137 52 3.72449525393
138 52 3.72449525393
139 52 3.72449525393
140 52 3.72449525393
141 52 3.72449525393
142 52 3.72449525393
143 52 3.72449525393
144 52 3.72449525393
145 52 3.72449525393
146 52 3.72449525393
147 52 3.72449525393
148 52 3.72449525393
149 53 1.63071748403
150 54 1.60133140974
151 55 1.66184789291
152 56 1.89014126425
153 57 1.91073874603
154 58 2.16315580599
155 59 2.4261323069
156 60 2.7083732712
157 61 2.98673907395
158 62 3.17944487745
159 63 3.45379067898
160 64 3.62024707825
161 65 3.39206039723
162 66 3.19105351717
163 67 2.89169244101
164 68 2.65443662092
165 69 2.36014462196
166 70 2.0955854216
167 71 1.86077430644
168 72 1.66414899322
169 73 1.4840511679
170 74 1.30422136616
171 75 1.41389045925
172 76 1.62504298831
173 77 1.80629196887
174 78 1.80897539493
175 79 2.0758905251
176 80 2.27029928794
177 81 2.45806154191
178 82 2.73013512679
179 83 2.88996218071
180 84 3.17608710838
181 85 3.1968135932
182 86 3.46159970292
183 87 3.3785217856
184 88 3.06975483134
185 89 3.02987188352
186 90 3.22458822932
187 91 3.24724882513
188 92 3.37413229252
189 93 3.19047298849
190 94 2.87552186993
191 95 2.86991904497
192 96 2.90307266363
193 97 3.09251806055
194 98 2.86109782222
195 99 2.59722882988
196 100 2.41195944023
197 101 2.13007292998
198 102 2.09087911275
199 103 1.8256174252
200 104 1.63974686118
201 105 1.51990166836
202 106 1.57614524838
203 107 1.80699216814
204 108 1.84286582056
205 109 2.11971047774
206 110 2.36069182435
207 111 2.6128287156
208 112 2.87229139904
209 113 3.0663479882
210 114 3.36511876588
211 115 3.52962501644
212 116 3.30648448024
213 117 3.0998116877
214 118 2.80147586149
215 119 2.52157641064
216 120 2.23908427042
217 121 1.97567293471
218 122 1.7159603584
219 123 1.51815222834
220 124 1.53300135962
221 125 1.74118602766
222 126 2.00753208339
223 127 2.14690054281
224 128 2.44039173633
225 129 2.58668168945
226 130 2.89182294078
227 131 3.07985010681
228 132 3.23503121038
229 133 3.01974302656
230 134 2.70867997958
231 135 2.57931007581
232 136 2.34656841486
233 137 2.08671771437
234 138 2.00719967452
235 139 1.74939715205
236 140 1.70058573876
237 141 1.66973141545
238 142 1.48111560735
239 143 1.47585433948
240 144 1.55053571698
241 145 1.79182402223
242 146 1.89211178922
243 147 2.15744867006
244 148 2.33986678936
245 149 2.64266116976
246 150 2.87304295584
247 151 3.08423102648
248 152 3.35168453303
249 153 3.53174432055
250 154 3.36992535225
251 155 3.20149136986
252 156 3.09310943096
253 157 2.88071404332
254 158 2.69829192693
255 159 2.51462081034
256 160 2.23044161503
257 161 2.14849442461
258 162 1.88091338738
259 163 1.73076429838
260 164 1.72868395451
261 165 1.98620237983
262 166 2.10171234703
263 167 2.27275703157
264 168 2.25539675165
265 169 2.50112964631
266 170 2.48111560818
267 171 2.69712510667
268 172 2.72938544314
269 173 2.67631645967
270 174 2.45531989071
271 175 2.17519245316
272 176 2.09410064461
273 177 3.86908244452
274 177 3.86908244452
275 177 3.86908244452
276 177 3.86908244452
277 177 3.86908244452
278 177 3.86908244452
279 177 3.86908244452
280 177 3.86908244452
281 177 3.86908244452
282 177 3.86908244452
283 177 3.86908244452
284 177 3.86908244452
285 178 2.58347305804
286 179 2.36370697808
287 180 2.47983580577
288 181 2.29598459631
289 182 2.44527056049
290 183 2.36736464761
291 184 2.460852658
292 185 2.47144461488
293 186 2.34964720231
294 187 2.15018287642
295 188 2.14525268576
296 189 2.29703068339
297 190 2.25157603672
298 191 2.08945065091
299 192 2.08537259281
300 193 1.93919939044
301 194 1.77388417651
302 195 1.86761339953
303 196 1.95779746613
304 197 2.07377565028
305 198 2.04890756162
306 199 2.27950448113
307 200 2.51351315159
308 201 2.79750419317
309 202 3.06591660065
310 203 3.35957156284
311 204 3.55966525332
312 205 3.80879057327
313 206 3.75307765144
314 207 3.64979703207
315 208 3.34191762638
316 209 3.28939296078
317 210 2.97638167592
318 211 2.86569589057
319 212 2.59718233722
320 213 2.45552944879
321 214 2.23339692883
322 215 2.09925563192
323 216 2.30574056471
324 217 2.47434460676
325 218 2.67652789172
326 219 2.7723150334
327 220 2.90322504232
328 221 3.10063930334
329 222 3.10008827987
330 223 3.27317577669
331 224 3.12203663823
332 225 3.29068391569
333 226 3.59112458777
334 227 6.01825914732
335 227 6.01825914732
336 227 6.01825914732
337 227 6.01825914732
338 227 6.01825914732
339 227 6.01825914732
340 227 6.01825914732
341 227 6.01825914732
342 227 6.01825914732
343 227 6.01825914732
344 227 6.01825914732
345 227 6.01825914732
346 227 6.01825914732
347 227 6.01825914732
348 227 6.01825914732
349 227 6.01825914732
350 227 6.01825914732
351 227 6.01825914732
352 227 6.01825914732
353 227 6.01825914732
354 227 6.01825914732
355 227 6.01825914732
356 228 3.0189359573
357 229 3.22532437898
358 230 3.19650466242
359 231 3.4614682448
360 232 3.39211616168
361 233 3.15535290927
362 234 3.15098260538
363 235 3.03756005674
364 236 3.02445048076
365 237 2.71615999754
366 238 2.57821976604
367 239 2.30003645404
368 240 2.14356314003
369 241 2.3239368431
370 242 2.2099194195
371 243 2.45198846106
372 244 2.74621316926
373 245 2.95234673728
374 246 3.2654348061
375 247 3.43094383279
376 248 3.63110860792
377 249 3.89930843563
378 250 3.83447940971
379 251 3.79046145731
380 252 3.62548697429
381 253 3.71742139854
382 254 3.55885733874
383 255 3.28743558311
384 256 3.33286422228
385 257 3.05461546262
386 258 2.7972178868
387 259 2.55440260895
388 260 2.38363828739
389 261 2.12047386684
390 262 2.28802731235
391 263 2.35043927128
392 264 2.64102400311
393 265 2.83952474877
394 266 3.06339584051
395 267 3.34270569453
396 268 3.39482606131
397 269 3.07899215597
398 270 2.90340239093
399 271 2.75244994753
400 272 2.50044812892
401 273 2.23235923989
402 274 2.28377534311
403 275 2.12101435194
404 276 2.34450664838
405 277 2.65039043438
406 278 2.87516092888
407 279 3.19028195247
408 280 3.41532874015
409 281 3.69622870166
410 282 3.99670486215
411 283 3.99029122376
412 284 3.71461422541
413 285 3.50024007786
414 286 3.23858870916
415 287 2.94522307552
416 288 2.66960189167
417 289 2.38340949853
418 290 2.23804003296
419 291 1.97437723032
420 292 2.07906112659
421 293 2.30501581871
422 294 2.54774865284
423 295 2.86085484576
424 296 3.04505332116
425 297 3.34411292359
426 298 3.42075666198
427 299 6.04775766345
428 299 6.04775766345
429 299 6.04775766345
430 299 6.04775766345
431 299 6.04775766345
432 299 6.04775766345
433 299 6.04775766345
434 299 6.04775766345
435 299 6.04775766345
436 299 6.04775766345
437 299 6.04775766345
438 299 6.04775766345
439 299 6.04775766345
440 299 6.04775766345
441 299 6.04775766345
442 299 6.04775766345
443 299 6.04775766345
444 299 6.04775766345
445 299 6.04775766345
446 299 6.04775766345
447 299 6.04775766345
448 299 6.04775766345
449 299 6.04775766345
450 299 6.04775766345
451 299 6.04775766345
452 299 6.04775766345
453 299 6.04775766345
454 299 6.04775766345
455 299 6.04775766345
456 299 6.04775766345
457 299 6.04775766345
458 299 6.04775766345
459 299 6.04775766345
460 299 6.04775766345
461 299 6.04775766345
462 299 6.04775766345
463 299 6.04775766345
464 299 6.04775766345
465 299 6.04775766345
466 299 6.04775766345
467 299 6.04775766345
468 299 6.04775766345
469 299 6.04775766345
470 299 6.04775766345
471 299 6.04775766345
472 299 6.04775766345
473 299 6.04775766345
474 299 6.04775766345
475 299 6.04775766345
476 299 6.04775766345
477 299 6.04775766345
478 299 6.04775766345
479 299 6.04775766345
480 299 6.04775766345
481 299 6.04775766345
482 299 6.04775766345
483 299 6.04775766345
484 299 6.04775766345
485 299 6.04775766345
486 299 6.04775766345
487 299 6.04775766345
488 299 6.04775766345
489 299 6.04775766345
490 299 6.04775766345
491 300 1.39611150488
492 300 1.39611150488
493 300 1.39611150488
494 300 1.39611150488
495 300 1.39611150488
496 300 1.39611150488
497 300 1.39611150488
498 300 1.39611150488
499 300 1.39611150488
500 300 1.39611150488
501 300 1.39611150488
502 300 1.39611150488
503 300 1.39611150488
504 300 1.39611150488
505 300 1.39611150488
506 300 1.39611150488
507 300 1.39611150488
508 300 1.39611150488
509 300 1.39611150488
510 300 1.39611150488
511 300 1.39611150488
512 300 1.39611150488
513 300 1.39611150488
514 300 1.39611150488
515 300 1.39611150488
516 300 1.39611150488
517 300 1.39611150488
518 300 1.39611150488
519 300 1.39611150488
520 300 1.39611150488
521 300 1.39611150488
522 300 1.39611150488
523 300 1.39611150488
524 300 1.39611150488
525 300 1.39611150488
526 300 1.39611150488
527 300 1.39611150488
528 300 1.39611150488
529 300 1.39611150488
530 300 1.39611150488
531 300 1.39611150488
532 300 1.39611150488
533 300 1.39611150488
534 300 1.39611150488
535 300 1.39611150488
536 300 1.39611150488
537 300 1.39611150488
538 300 1.39611150488
539 300 1.39611150488
540 300 1.39611150488
541 300 1.39611150488
542 300 1.39611150488
543 300 1.39611150488
544 300 1.39611150488
545 300 1.39611150488
546 300 1.39611150488
547 300 1.39611150488
548 300 1.39611150488
549 300 1.39611150488
550 300 1.39611150488
551 300 1.39611150488
552 300 1.39611150488
553 300 1.39611150488
554 300 1.39611150488
555 300 1.39611150488
556 300 1.39611150488
557 300 1.39611150488
558 300 1.39611150488
559 300 1.39611150488
560 300 1.39611150488
561 300 1.39611150488
562 300 1.39611150488
563 300 1.39611150488
564 300 1.39611150488
565 300 1.39611150488
566 300 1.39611150488
567 300 1.39611150488
568 300 1.39611150488
569 300 1.39611150488
570 300 1.39611150488
571 300 1.39611150488
572 300 1.39611150488
573 300 1.39611150488
574 300 1.39611150488
575 301 9.08454451719
576 301 9.08454451719
577 301 9.08454451719
578 301 9.08454451719
579 301 9.08454451719
580 301 9.08454451719
581 301 9.08454451719
582 301 9.08454451719
583 301 9.08454451719
584 301 9.08454451719
585 301 9.08454451719
586 301 9.08454451719
587 301 9.08454451719
588 301 9.08454451719
589 301 9.08454451719
590 301 9.08454451719
591 301 9.08454451719
592 301 9.08454451719
593 301 9.08454451719
594 301 9.08454451719
595 301 9.08454451719
596 301 9.08454451719
597 301 9.08454451719
598 301 9.08454451719
599 301 9.08454451719
600 301 9.08454451719
601 301 9.08454451719
602 301 9.08454451719
603 301 9.08454451719
604 301 9.08454451719
605 301 9.08454451719
606 301 9.08454451719
607 301 9.08454451719
608 301 9.08454451719
609 301 9.08454451719
610 301 9.08454451719
611 301 9.08454451719
612 301 9.08454451719
613 301 9.08454451719
614 301 9.08454451719
615 301 9.08454451719
616 301 9.08454451719
617 301 9.08454451719
618 301 9.08454451719
619 301 9.08454451719
620 301 9.08454451719
621 301 9.08454451719
622 301 9.08454451719
623 301 9.08454451719
624 301 9.08454451719
625 301 9.08454451719
626 301 9.08454451719
627 301 9.08454451719
628 301 9.08454451719
629 301 9.08454451719
630 301 9.08454451719
631 301 9.08454451719
632 301 9.08454451719
633 301 9.08454451719
634 301 9.08454451719
635 301 9.08454451719
636 301 9.08454451719
637 301 9.08454451719
638 301 9.08454451719
639 301 9.08454451719
640 301 9.08454451719
641 301 9.08454451719
642 301 9.08454451719
643 301 9.08454451719
644 301 9.08454451719
645 301 9.08454451719
646 301 9.08454451719
647 301 9.08454451719
648 301 9.08454451719
649 301 9.08454451719
650 301 9.08454451719
651 301 9.08454451719
652 301 9.08454451719
653 301 9.08454451719
654 301 9.08454451719
655 301 9.08454451719
656 301 9.08454451719
657 301 9.08454451719
658 301 9.08454451719
659 302 5.62509547187
660 303 5.6042334782
661 304 5.44710437664
662 305 5.41669381405
663 306 5.3832224373
664 307 5.2571304591
665 308 5.1624308424
666 309 5.13603466106
667 310 5.08802787923
668 311 4.95409906876
669 312 4.88720110824
670 313 4.86879500118
671 314 4.79132433567
672 315 4.68902715436
673 316 4.64421709974
674 317 4.69757701446
675 318 4.77783073119
676 319 4.80216575586
677 320 4.89767977522
678 321 4.99645942877
679 322 5.06262899911
680 323 5.11894627125
681 324 5.21211038176
682 325 5.29859538242
683 326 5.34765052825
684 327 5.41118840637
685 328 5.5560201533
686 329 5.73004617771
687 330 5.57935027307
688 331 5.54351635927
689 332 5.69627293482
690 333 5.71893926694
691 334 5.64529350393
692 335 5.50196045346
693 336 5.44000986311
694 337 5.42317587711
695 338 5.29944659663
696 339 5.20680918761
697 340 5.17888348942
698 341 5.13721374028
699 342 4.99493548309
700 343 4.93664618777
701 344 4.9616879409
702 345 4.87211834608
703 346 4.72954668228
704 347 4.6374283743
705 348 4.56020001177
706 349 4.63455562251
707 350 4.60059892691
708 351 4.64007990105
709 352 4.67361555294
710 353 4.71095793691
711 354 4.73463400221
712 355 4.86825894695
713 356 4.95504745072
714 357 5.11575953633
715 358 5.14889532788
716 359 5.21083318732
717 360 5.27151724662
718 361 5.39869161231
719 362 5.44843586859
720 363 5.48076356035
721 364 5.61417694566
722 365 5.76601122475
723 366 5.70204412442
724 367 5.65782421479
725 368 5.76962191404
726 369 5.74030254006
727 370 5.59832082783
728 371 5.51173136666
729 372 5.51884326032
730 373 5.3921665459
731 374 5.26983213447
732 375 5.25860112811
733 376 5.20222720045
734 377 5.06432058521
735 378 5.00201342392
736 379 5.01899002742
737 380 4.91956783056
738 381 5.01814571037
739 382 5.11971007731
740 383 5.15482350288
741 384 5.29205873117
742 385 5.42189308272
743 386 5.40699220099
744 387 5.39742873173
745 388 5.57221426596
746 389 5.67433129797
747 390 5.66870673285
748 391 5.81543210602
749 392 5.71960489079
750 393 5.57131482731
751 394 5.44992008133
752 395 5.34886275556
753 396 5.29915031983
754 397 5.28699897221
755 398 5.14978541277
756 399 5.03953963569
757 400 5.04392599287
758 401 4.97874826987
759 402 4.83280566665
760 403 4.79807187858
761 404 4.80524506785
762 405 4.75442041729
763 406 4.61578886418
764 407 4.56928644111
765 408 4.69784202462
766 409 4.83598122831
767 410 4.86322578502
768 411 4.93116038174
769 412 5.05048487937
770 413 5.12463213504
771 414 5.12876390992
772 415 5.21965227148
773 416 5.34151018939
774 417 5.38529688135
775 418 5.41259256302
776 419 5.55807223158
777 420 5.661577719
778 421 5.66122500435
779 422 5.7895627715
780 423 5.92924405006
781 424 5.91973691474
782 425 5.88725973539
783 426 14.2461660632
784 426 14.2461660632
785 426 14.2461660632
786 426 14.2461660632
787 426 14.2461660632
788 426 14.2461660632
789 426 14.2461660632
790 426 14.2461660632
791 426 14.2461660632
792 426 14.2461660632
793 426 14.2461660632
794 426 14.2461660632
795 426 14.2461660632
796 426 14.2461660632
797 426 14.2461660632
798 426 14.2461660632
799 426 14.2461660632
800 426 14.2461660632
801 426 14.2461660632
802 426 14.2461660632
803 426 14.2461660632
804 426 14.2461660632
805 426 14.2461660632
806 426 14.2461660632
807 426 14.2461660632
808 426 14.2461660632
809 427 5.62332425847
810 428 5.69674194852
811 429 5.61907755114
812 430 5.5163487298
813 431 5.48301560614
814 432 5.37020591713
815 433 5.24082535127
816 434 5.21362181991
817 435 5.18524104501
818 436 5.06603147489
819 437 4.95316780606
820 438 4.97303764476
821 439 4.96721697466
822 440 4.97629461145
823 441 4.98693403568
824 442 4.91098630619
825 443 5.05584500501
826 444 5.23941815209
827 445 5.27147424866
828 446 5.42163151694
829 447 5.33921457622
830 448 5.35824381249
831 449 5.54796801948
832 450 5.62006600819
833 451 5.53256490273
834 452 5.5312826145
835 453 5.72908019233
836 454 8.23666175242
837 454 8.23666175242
838 454 8.23666175242
839 454 8.23666175242
840 454 8.23666175242
841 454 8.23666175242
842 454 8.23666175242
843 454 8.23666175242
844 454 8.23666175242
845 454 8.23666175242
846 454 8.23666175242
847 454 8.23666175242
848 454 8.23666175242
849 454 8.23666175242
850 454 8.23666175242
851 454 8.23666175242
852 454 8.23666175242
853 454 8.23666175242
854 454 8.23666175242
855 454 8.23666175242
856 454 8.23666175242
857 454 8.23666175242
858 454 8.23666175242
859 454 8.23666175242
860 454 8.23666175242
861 454 8.23666175242
862 454 8.23666175242
863 454 8.23666175242
864 454 8.23666175242
865 454 8.23666175242
866 454 8.23666175242
867 454 8.23666175242
868 454 8.23666175242
869 454 8.23666175242
870 454 8.23666175242
871 454 8.23666175242
872 454 8.23666175242
873 454 8.23666175242
874 454 8.23666175242
875 454 8.23666175242
876 454 8.23666175242
877 454 8.23666175242
878 454 8.23666175242
879 454 8.23666175242
880 454 8.23666175242
881 454 8.23666175242
882 454 8.23666175242
883 454 8.23666175242
884 454 8.23666175242
885 454 8.23666175242
886 454 8.23666175242
887 454 8.23666175242
888 454 8.23666175242
889 455 3.71032649558
890 455 3.71032649558
891 455 3.71032649558
892 455 3.71032649558
893 455 3.71032649558
894 455 3.71032649558
895 455 3.71032649558
896 455 3.71032649558
897 455 3.71032649558
898 455 3.71032649558
899 455 3.71032649558
900 455 3.71032649558
901 455 3.71032649558
902 455 3.71032649558
903 455 3.71032649558
904 455 3.71032649558
905 455 3.71032649558
906 455 3.71032649558
907 455 3.71032649558
908 455 3.71032649558
909 455 3.71032649558
910 455 3.71032649558
911 455 3.71032649558
912 455 3.71032649558
913 455 3.71032649558
914 455 3.71032649558
915 455 3.71032649558
916 455 3.71032649558
917 455 3.71032649558
918 455 3.71032649558
919 455 3.71032649558
920 455 3.71032649558
921 455 3.71032649558
922 455 3.71032649558
923 455 3.71032649558
924 455 3.71032649558
925 455 3.71032649558
926 455 3.71032649558
927 455 3.71032649558
928 455 3.71032649558
929 455 3.71032649558
930 455 3.71032649558
931 455 3.71032649558
932 455 3.71032649558
933 455 3.71032649558
934 455 3.71032649558
935 455 3.71032649558
936 455 3.71032649558
937 455 3.71032649558
938 455 3.71032649558
939 455 3.71032649558
940 455 3.71032649558
941 455 3.71032649558
942 456 4.01239455284
943 457 3.68047887805
944 458 3.96971556451
945 459 3.55684194622
946 460 3.59578997073
947 461 4.03798545504
948 462 3.74206788986
949 463 3.69351157158
950 464 3.24255586898
951 465 3.05918556343
952 466 2.86751277027
953 467 3.10630625611
954 468 3.37879587202
955 469 2.99529780087
956 470 2.63958459913
957 471 3.01164578218
958 472 3.24941354199
959 473 2.84312079346
960 474 2.64423353939
961 475 2.15440497936
962 476 2.31202973327
963 477 1.91837887698
964 478 9.9353459888
965 478 9.9353459888
966 478 9.9353459888
967 478 9.9353459888
968 478 9.9353459888
969 478 9.9353459888
970 478 9.9353459888
971 478 9.9353459888
972 478 9.9353459888
973 478 9.9353459888
974 478 9.9353459888
975 478 9.9353459888
976 478 9.9353459888
977 478 9.9353459888
978 478 9.9353459888
979 478 9.9353459888
980 478 9.9353459888
981 478 9.9353459888
982 478 9.9353459888
983 478 9.9353459888
984 478 9.9353459888
985 478 9.9353459888
986 478 9.9353459888
987 478 9.9353459888
988 478 9.9353459888
989 478 9.9353459888
990 478 9.9353459888
991 478 9.9353459888
992 478 9.9353459888
993 478 9.9353459888
994 478 9.9353459888
995 478 9.9353459888
996 478 9.9353459888
997 478 9.9353459888
998 478 9.9353459888
999 478 9.9353459888
1000 479 1.6391983127
1001 480 2.07468032979
1002 481 2.1732393687
1003 482 2.59229835199
1004 483 2.63549317797
1005 484 3.07315600734
1006 485 3.37147259892
1007 486 3.78436616977
1008 487 4.07933135337
1009 488 3.92244094467
1010 489 3.79245840033
1011 490 3.35844156212
1012 491 3.10782222719
1013 492 2.73194815257
1014 493 2.27892668851
1015 494 2.21084534245
1016 495 2.66689347664
1017 496 2.68745509793
1018 497 2.23091723591
1019 498 2.41065498061
1020 499 2.85574215316
1021 500 2.70008168738
1022 501 2.44855971194
1023 502 2.90986191487
1024 503 3.19721870077
1025 504 3.12253028227
1026 505 3.62295030418
1027 506 3.73122913936
1028 507 3.94492895281
1029 508 4.29852780579
1030 509 4.78711202551
1031 510 4.89474791453
1032 511 4.46675880794
1033 512 5.80310298463
1034 512 5.80310298463
1035 512 5.80310298463
1036 512 5.80310298463
1037 512 5.80310298463
1038 512 5.80310298463
