1 0 6.07683364023
2 0 6.07683364023
3 0 6.07683364023
4 0 6.07683364023
5 0 6.07683364023
6 0 6.07683364023
7 0 6.07683364023
8 0 6.07683364023
9 0 6.07683364023
10 0 6.07683364023
11 0 6.07683364023
12 0 6.07683364023
13 0 6.07683364023
14 0 6.07683364023
15 0 6.07683364023
16 0 6.07683364023
17 0 6.07683364023
18 0 6.07683364023
19 0 6.07683364023
20 0 6.07683364023
21 0 6.07683364023
22 0 6.07683364023
23 0 6.07683364023
24 0 6.07683364023
25 0 6.07683364023
26 0 6.07683364023
27 0 6.07683364023
28 0 6.07683364023
29 0 6.07683364023
30 0 6.07683364023
31 0 6.07683364023
32 0 6.07683364023
33 0 6.07683364023
34 0 6.07683364023
35 0 6.07683364023
36 0 6.07683364023
37 0 6.07683364023
38 0 6.07683364023
39 0 6.07683364023
40 0 6.07683364023
41 0 6.07683364023
42 0 6.07683364023
43 0 6.07683364023
44 0 6.07683364023
45 1 3.82964557176
46 2 3.64007585175
47 3 3.60659520365
48 4 3.36794971316
49 5 3.02198139458
50 6 2.83203180885
51 7 2.48924721487
52 8 2.33155669209
53 9 2.03685816492
54 10 1.96308726322
55 11 2.20914858663
56 12 2.10420186963
57 13 2.41606183629
58 14 2.75631958642
59 15 3.06949129494
60 16 3.41409210488
61 17 3.65847109656
62 18 3.93036568679
63 19 4.17336016502
64 20 4.07196864619
65 21 4.02711690544
66 22 3.72927664228
67 23 3.62467466951
68 24 3.30573405967
69 25 3.07460948713
70 26 2.74274606214
71 27 2.4612309857
72 28 2.19615009133
73 29 1.85518848569
74 30 1.95951287774
75 31 2.16982930766
76 32 2.45682351659
77 33 2.69252564274
78 34 2.94525558231
79 35 3.24029143583
80 36 3.39055428386
81 37 3.67835535029
82 38 3.59769608622
83 39 3.92212209847
84 40 3.94683978436
85 41 3.6091529739
86 42 3.63007642344
87 43 3.6651500217
88 44 7.6353002053
89 44 7.6353002053
90 44 7.6353002053
91 44 7.6353002053
92 44 7.6353002053
93 44 7.6353002053
94 44 7.6353002053
95 44 7.6353002053
96 44 7.6353002053
97 44 7.6353002053
98 44 7.6353002053
99 44 7.6353002053
100 44 7.6353002053
101 44 7.6353002053
102 44 7.6353002053
103 44 7.6353002053
104 44 7.6353002053
105 44 7.6353002053
106 44 7.6353002053
107 44 7.6353002053
108 44 7.6353002053
109 44 7.6353002053
110 44 7.6353002053
111 44 7.6353002053
112 44 7.6353002053
113 44 7.6353002053
114 44 7.6353002053
115 44 7.6353002053
116 44 7.6353002053
117 44 7.6353002053
118 44 7.6353002053
119 44 7.6353002053
120 44 7.6353002053
121 44 7.6353002053
122 44 7.6353002053
123 44 7.6353002053
124 45 3.38677795639
125 46 3.38896183355
126 47 3.0760703834
127 48 2.95610179912
128 49 2.7017867257
129 50 2.58003069271
130 51 2.38550445715
131 52 4.45113907298
132 52 4.45113907298
133 52 4.45113907298
134 52 4.45113907298
135 52 4.45113907298
136 52 4.45113907298
137 52 4.45113907298
138 52 4.45113907298
139 52 4.45113907298
140 52 4.45113907298
141 52 4.45113907298
142 52 4.45113907298
143 52 4.45113907298
144 52 4.45113907298
145 52 4.45113907298
146 52 4.45113907298
147 52 4.45113907298
148 52 4.45113907298
149 53 1.9490572696
150 54 1.84440569567
151 55 1.84848002573
152 56 2.12029615585
153 57 2.04937408628
154 58 2.34981319719
155 59 2.68738576292
156 60 2.98316580278
157 61 3.31835041991
158 62 3.52399924324
159 63 3.83024484774
160 64 4.02104407248
161 65 3.80087974432
162 66 3.61241821565
163 67 3.2787540522
164 68 2.99429933766
165 69 2.67334621368
166 70 2.34577106097
167 71 2.08822609328
168 72 1.77321984436
169 73 1.49837389072
170 74 1.22642113879
171 75 1.48348376407
172 76 1.79332553421
173 77 2.080680986
174 78 2.03889410475
175 79 2.37411781375
176 80 2.5775507303
177 81 2.83346022402
178 82 3.13284167874
179 83 3.35112804188
180 84 3.66107978568
181 85 3.70155278942
182 86 4.01896189451
183 87 3.9525811502
184 88 3.61993730183
185 89 3.55959771901
186 90 3.80836823445
187 91 3.81781977687
188 92 3.97229452341
189 93 3.74146323559
190 94 3.40187342863
191 95 3.35608691681
192 96 3.39008620096
193 97 3.5600085183
194 98 3.27585971173
195 99 2.99431827909
196 100 2.75613171932
197 101 2.41635512089
198 102 2.32174188649
199 103 1.98212883901
200 104 1.76126053271
201 105 1.57677348479
202 106 1.64294999471
203 107 1.92094372062
204 108 1.88404912674
205 109 2.21394002758
206 110 2.5293374716
207 111 2.77754846543
208 112 3.09202084836
209 113 3.27342107405
210 114 3.59106427074
211 115 3.78180861588
212 116 3.55089658037
213 117 3.36624122229
214 118 3.018697431
215 119 2.7224752542
216 120 2.3838414978
217 121 2.03316167355
218 122 1.73608024271
219 123 1.46136129654
220 124 1.38304385872
221 125 1.70016426688
222 126 2.0344508913
223 127 2.2566881346
224 128 2.59633453097
225 129 2.81218188743
226 130 3.14718754434
227 131 3.39448554608
228 132 3.5419205436
229 133 3.29492218368
230 134 2.94408740105
231 135 2.75611916597
232 136 2.45570667486
233 137 2.1471229373
234 138 1.98989900078
235 139 1.64315830649
236 140 1.48966771485
237 141 1.41900687768
238 142 1.0929558658
239 143 1.1305991812
240 144 1.34245007774
241 145 1.67967999726
242 146 1.79095710727
243 147 2.13347044478
244 148 2.36883280798
245 149 2.70212316889
246 150 2.96449180344
247 151 3.14945001144
248 152 3.46326691919
249 153 3.62314321428
250 154 3.46075598619
251 155 3.32403019807
252 156 3.18930575561
253 157 2.92573223492
254 158 2.73253750667
255 159 2.48568904609
256 160 2.16530283238
257 161 2.00909222389
258 162 1.66005741944
259 163 1.38179182144
260 164 1.33597236348
261 165 1.62069905559
262 166 1.82099977716
263 167 2.09175919731
264 168 2.11592656729
265 169 2.42825191758
266 170 2.45266919551
267 171 2.71748230306
268 172 2.80118823422
269 173 2.7406349877
270 174 2.45402590519
271 175 2.14790292258
272 176 1.99682508136
273 177 3.53351613202
274 177 3.53351613202
275 177 3.53351613202
276 177 3.53351613202
277 177 3.53351613202
278 177 3.53351613202
279 177 3.53351613202
280 177 3.53351613202
281 177 3.53351613202
282 177 3.53351613202
283 177 3.53351613202
284 177 3.53351613202
285 178 2.50819098835
286 179 2.22138547412
287 180 2.32309458342
288 181 2.08754040547
289 182 2.21502320074
290 183 2.06003784244
291 184 2.16287103685
292 185 2.09515128827
293 186 1.96097374826
294 187 1.66342403048
295 188 1.66830269751
296 189 1.84632242932
297 190 1.72159244166
298 191 1.47110686522
299 192 1.46762585677
300 193 1.28250701221
301 194 1.17885301769
302 195 1.37147120575
303 196 1.56104329723
304 197 1.80348776379
305 198 1.83901570168
306 199 2.16818846129
307 200 2.43600795401
308 201 2.78215618245
309 202 3.07411533224
310 203 3.38196121621
311 204 3.64116234961
312 205 3.87207711694
313 206 3.76207121048
314 207 3.62787830848
315 208 3.31333006175
316 209 3.23741275489
317 210 2.89191273618
318 211 2.75960227486
319 212 2.42528825582
320 213 2.2373416425
321 214 1.92022811666
322 215 1.68588149953
323 216 1.85800176648
324 217 2.08666586501
325 218 2.34687454059
326 219 2.53238175686
327 220 2.68484027548
328 221 2.94837135002
329 222 2.95351311097
330 223 3.16387280824
331 224 3.02283661166
332 225 3.17082751084
333 226 3.49937235443
334 227 5.43705445081
335 227 5.43705445081
336 227 5.43705445081
337 227 5.43705445081
338 227 5.43705445081
339 227 5.43705445081
340 227 5.43705445081
341 227 5.43705445081
342 227 5.43705445081
343 227 5.43705445081
344 227 5.43705445081
345 227 5.43705445081
346 227 5.43705445081
347 227 5.43705445081
348 227 5.43705445081
349 227 5.43705445081
350 227 5.43705445081
351 227 5.43705445081
352 227 5.43705445081
353 227 5.43705445081
354 227 5.43705445081
355 227 5.43705445081
356 228 2.82798841989
357 229 3.02435659946
358 230 2.99290592165
359 231 3.29514000922
360 232 3.18755822359
361 233 2.90587550526
362 234 2.90516840017
363 235 2.71820308015
364 236 2.68965136046
365 237 2.37217670485
366 238 2.14333261375
367 239 1.85673063711
368 240 1.76506261202
369 241 2.05638628804
370 242 2.03700732744
371 243 2.34480264175
372 244 2.65333494982
373 245 2.93719577805
374 246 3.27510085756
375 247 3.49210813699
376 248 3.74102887904
377 249 4.01488968999
378 250 3.90816149151
379 251 3.81527501777
380 252 3.6068974943
381 253 3.64188109277
382 254 3.44258870979
383 255 3.17566440554
384 256 3.29506435532
385 257 3.01173703798
386 258 2.6857601542
387 259 2.42363138854
388 260 2.14837795323
389 261 1.82590347202
390 262 1.93113424517
391 263 2.11125270816
392 264 2.42182946391
393 265 2.70511507376
394 266 2.89651950427
395 267 3.23356664388
396 268 3.29960326227
397 269 2.98654976055
398 270 2.86360921644
399 271 2.71024655674
400 272 2.41373172543
401 273 2.07985882864
402 274 2.20224928727
403 275 2.07009517776
404 276 2.37613476735
405 277 2.72264613318
406 278 3.01900858505
407 279 3.3490693431
408 280 3.63549143389
409 281 3.92500251407
410 282 4.24728645761
411 283 4.25411560899
412 284 3.92836659935
413 285 3.7074344078
414 286 3.38627616583
415 287 3.10375421022
416 288 2.76337633934
417 289 2.48055057805
418 290 2.25740040397
419 291 1.94627622951
420 292 2.10797666065
421 293 2.43484729414
422 294 2.71925836433
423 295 3.04493570538
424 296 3.1883215706
425 297 3.48638504305
426 298 3.48882672213
427 299 6.71622483212
428 299 6.71622483212
429 299 6.71622483212
430 299 6.71622483212
431 299 6.71622483212
432 299 6.71622483212
433 299 6.71622483212
434 299 6.71622483212
435 299 6.71622483212
436 299 6.71622483212
437 299 6.71622483212
438 299 6.71622483212
439 299 6.71622483212
440 299 6.71622483212
441 299 6.71622483212
442 299 6.71622483212
443 299 6.71622483212
444 299 6.71622483212
445 299 6.71622483212
446 299 6.71622483212
447 299 6.71622483212
448 299 6.71622483212
449 299 6.71622483212
450 299 6.71622483212
451 299 6.71622483212
452 299 6.71622483212
453 299 6.71622483212
454 299 6.71622483212
455 299 6.71622483212
456 299 6.71622483212
457 299 6.71622483212
458 299 6.71622483212
459 299 6.71622483212
460 299 6.71622483212
461 299 6.71622483212
462 299 6.71622483212
463 299 6.71622483212
464 299 6.71622483212
465 299 6.71622483212
466 299 6.71622483212
467 299 6.71622483212
468 299 6.71622483212
469 299 6.71622483212
470 299 6.71622483212
471 299 6.71622483212
472 299 6.71622483212
473 299 6.71622483212
474 299 6.71622483212
475 299 6.71622483212
476 299 6.71622483212
477 299 6.71622483212
478 299 6.71622483212
479 299 6.71622483212
480 299 6.71622483212
481 299 6.71622483212
482 299 6.71622483212
483 299 6.71622483212
484 299 6.71622483212
485 299 6.71622483212
486 299 6.71622483212
487 299 6.71622483212
488 299 6.71622483212
489 299 6.71622483212
490 299 6.71622483212
491 300 1.74001453264
492 300 1.74001453264
493 300 1.74001453264
494 300 1.74001453264
495 300 1.74001453264
496 300 1.74001453264
497 300 1.74001453264
498 300 1.74001453264
499 300 1.74001453264
500 300 1.74001453264
501 300 1.74001453264
502 300 1.74001453264
503 300 1.74001453264
504 300 1.74001453264
505 300 1.74001453264
506 300 1.74001453264
507 300 1.74001453264
508 300 1.74001453264
509 300 1.74001453264
510 300 1.74001453264
511 300 1.74001453264
512 300 1.74001453264
513 300 1.74001453264
514 300 1.74001453264
515 300 1.74001453264
516 300 1.74001453264
517 300 1.74001453264
518 300 1.74001453264
519 300 1.74001453264
520 300 1.74001453264
521 300 1.74001453264
522 300 1.74001453264
523 300 1.74001453264
524 300 1.74001453264
525 300 1.74001453264
526 300 1.74001453264
527 300 1.74001453264
528 300 1.74001453264
529 300 1.74001453264
530 300 1.74001453264
531 300 1.74001453264
532 300 1.74001453264
533 300 1.74001453264
534 300 1.74001453264
535 300 1.74001453264
536 300 1.74001453264
537 300 1.74001453264
538 300 1.74001453264
539 300 1.74001453264
540 300 1.74001453264
541 300 1.74001453264
542 300 1.74001453264
543 300 1.74001453264
544 300 1.74001453264
545 300 1.74001453264
546 300 1.74001453264
547 300 1.74001453264
548 300 1.74001453264
549 300 1.74001453264
550 300 1.74001453264
551 300 1.74001453264
552 300 1.74001453264
553 300 1.74001453264
554 300 1.74001453264
555 300 1.74001453264
556 300 1.74001453264
557 300 1.74001453264
558 300 1.74001453264
559 300 1.74001453264
560 300 1.74001453264
561 300 1.74001453264
562 300 1.74001453264
563 300 1.74001453264
564 300 1.74001453264
565 300 1.74001453264
566 300 1.74001453264
567 300 1.74001453264
568 300 1.74001453264
569 300 1.74001453264
570 300 1.74001453264
571 300 1.74001453264
572 300 1.74001453264
573 300 1.74001453264
574 300 1.74001453264
575 301 9.02954127378
576 301 9.02954127378
577 301 9.02954127378
578 301 9.02954127378
579 301 9.02954127378
580 301 9.02954127378
581 301 9.02954127378
582 301 9.02954127378
583 301 9.02954127378
584 301 9.02954127378
585 301 9.02954127378
586 301 9.02954127378
587 301 9.02954127378
588 301 9.02954127378
589 301 9.02954127378
590 301 9.02954127378
591 301 9.02954127378
592 301 9.02954127378
593 301 9.02954127378
594 301 9.02954127378
595 301 9.02954127378
596 301 9.02954127378
597 301 9.02954127378
598 301 9.02954127378
599 301 9.02954127378
600 301 9.02954127378
601 301 9.02954127378
602 301 9.02954127378
603 301 9.02954127378
604 301 9.02954127378
605 301 9.02954127378
606 301 9.02954127378
607 301 9.02954127378
608 301 9.02954127378
609 301 9.02954127378
610 301 9.02954127378
611 301 9.02954127378
612 301 9.02954127378
613 301 9.02954127378
614 301 9.02954127378
615 301 9.02954127378
616 301 9.02954127378
617 301 9.02954127378
618 301 9.02954127378
619 301 9.02954127378
620 301 9.02954127378
621 301 9.02954127378
622 301 9.02954127378
623 301 9.02954127378
624 301 9.02954127378
625 301 9.02954127378
626 301 9.02954127378
627 301 9.02954127378
628 301 9.02954127378
629 301 9.02954127378
630 301 9.02954127378
631 301 9.02954127378
632 301 9.02954127378
633 301 9.02954127378
634 301 9.02954127378
635 301 9.02954127378
636 301 9.02954127378
637 301 9.02954127378
638 301 9.02954127378
639 301 9.02954127378
640 301 9.02954127378
641 301 9.02954127378
642 301 9.02954127378
643 301 9.02954127378
644 301 9.02954127378
645 301 9.02954127378
646 301 9.02954127378
647 301 9.02954127378
648 301 9.02954127378
649 301 9.02954127378
650 301 9.02954127378
651 301 9.02954127378
652 301 9.02954127378
653 301 9.02954127378
654 301 9.02954127378
655 301 9.02954127378
656 301 9.02954127378
657 301 9.02954127378
658 301 9.02954127378
659 302 5.84919382251
660 303 5.82521210625
661 304 5.66901327297
662 305 5.64268842998
663 306 5.61806145454
664 307 5.49079343782
665 308 5.39330451834
666 309 5.37468637661
667 310 5.32901100124
668 311 5.18861527181
669 312 5.12104342941
670 313 5.10956506815
671 314 5.02522435185
672 315 4.91385193273
673 316 4.87121309607
674 317 4.92258340605
675 318 5.01481212424
676 319 5.03073088449
677 320 5.12200152678
678 321 5.23433539723
679 322 5.3030624354
680 323 5.3447719328
681 324 5.43777126777
682 325 5.53468477069
683 326 5.57945143485
684 327 5.62618747093
685 328 5.76961651409
686 329 5.94239007024
687 330 5.80486454058
688 331 5.77475133245
689 332 5.92826795711
690 333 5.95853815635
691 334 5.89040731941
692 335 5.74694029757
693 336 5.6870867169
694 337 5.67975015807
695 338 5.55563887302
696 339 5.45965192356
697 340 5.43934821107
698 341 5.40103744076
699 342 5.25253925412
700 343 5.19476898517
701 344 5.22834139026
702 345 5.13194896704
703 346 4.98444046649
704 347 4.88605216507
705 348 4.7945934911
706 349 4.87654233933
707 350 4.83788663105
708 351 4.88377192808
709 352 4.90653499796
710 353 4.94381446511
711 354 4.94888700575
712 355 5.09572870769
713 356 5.18695624761
714 357 5.34306581078
715 358 5.39370532881
716 359 5.46360508681
717 360 5.50821642454
718 361 5.63173748115
719 362 5.69563207306
720 363 5.72613407428
721 364 5.84140620101
722 365 5.99477048563
723 366 5.94773654185
724 367 5.90568755666
725 368 6.02349673926
726 369 6.00270647343
727 370 5.87392087579
728 371 5.78071629459
729 372 5.78001578945
730 373 5.66662628177
731 374 5.54780779214
732 375 5.52180842509
733 376 5.46279053672
734 377 5.33763010881
735 378 5.2685496349
736 379 5.26764526136
737 380 5.17184635328
738 381 5.25388828538
739 382 5.37463213287
740 383 5.40474852807
741 384 5.52101685313
742 385 5.66059017723
743 386 5.66516238194
744 387 5.64677355018
745 388 5.80213464142
746 389 5.91157093434
747 390 5.9262234443
748 391 6.06830383643
749 392 5.99169317952
750 393 5.85684295043
751 394 5.74126095403
752 395 5.65517104671
753 396 5.59846307978
754 397 5.57191246385
755 398 5.44184086453
756 399 5.33817490161
757 400 5.32821823853
758 401 5.24914529124
759 402 5.11089583309
760 403 5.07780838072
761 404 5.06598507273
762 405 4.99738747595
763 406 4.86320449853
764 407 4.78825871602
765 408 4.90402207831
766 409 5.04294173675
767 410 5.10375201619
768 411 5.16839996671
769 412 5.2649337485
770 413 5.35830875053
771 414 5.38462649908
772 415 5.45780189954
773 416 5.56846047923
774 417 5.63767919656
775 418 5.67023756109
776 419 5.79032387663
777 420 5.89880033709
778 421 5.92003735019
779 422 6.0329300916
780 423 6.15795446099
781 424 6.17032062696
782 425 6.15712035883
783 426 14.2021592657
784 426 14.2021592657
785 426 14.2021592657
786 426 14.2021592657
787 426 14.2021592657
788 426 14.2021592657
789 426 14.2021592657
790 426 14.2021592657
791 426 14.2021592657
792 426 14.2021592657
793 426 14.2021592657
794 426 14.2021592657
795 426 14.2021592657
796 426 14.2021592657
797 426 14.2021592657
798 426 14.2021592657
799 426 14.2021592657
800 426 14.2021592657
801 426 14.2021592657
802 426 14.2021592657
803 426 14.2021592657
804 426 14.2021592657
805 426 14.2021592657
806 426 14.2021592657
807 426 14.2021592657
808 426 14.2021592657
809 427 5.880998489
810 428 5.9730527343
811 429 5.91858070876
812 430 5.81499165682
813 431 5.76224802509
814 432 5.65752099805
815 433 5.54388544419
816 434 5.50072557142
817 435 5.45509113904
818 436 5.35314839637
819 437 5.23823675132
820 438 5.23074554521
821 439 5.21536870515
822 440 5.24420692299
823 441 5.2423380788
824 442 5.13263579775
825 443 5.25358999057
826 444 5.44363815893
827 445 5.48851708507
828 446 5.65416543239
829 447 5.59685635654
830 448 5.59716579876
831 449 5.76987496576
832 450 5.86755897067
833 451 5.78432044574
834 452 5.80714136127
835 453 6.00392080443
836 454 8.57633057792
837 454 8.57633057792
838 454 8.57633057792
839 454 8.57633057792
840 454 8.57633057792
841 454 8.57633057792
842 454 8.57633057792
843 454 8.57633057792
844 454 8.57633057792
845 454 8.57633057792
846 454 8.57633057792
847 454 8.57633057792
848 454 8.57633057792
849 454 8.57633057792
850 454 8.57633057792
851 454 8.57633057792
852 454 8.57633057792
853 454 8.57633057792
854 454 8.57633057792
855 454 8.57633057792
856 454 8.57633057792
857 454 8.57633057792
858 454 8.57633057792
859 454 8.57633057792
860 454 8.57633057792
861 454 8.57633057792
862 454 8.57633057792
863 454 8.57633057792
864 454 8.57633057792
865 454 8.57633057792
866 454 8.57633057792
867 454 8.57633057792
868 454 8.57633057792
869 454 8.57633057792
870 454 8.57633057792
871 454 8.57633057792
872 454 8.57633057792
873 454 8.57633057792
874 454 8.57633057792
875 454 8.57633057792
876 454 8.57633057792
877 454 8.57633057792
878 454 8.57633057792
879 454 8.57633057792
880 454 8.57633057792
881 454 8.57633057792
882 454 8.57633057792
883 454 8.57633057792
884 454 8.57633057792
885 454 8.57633057792
886 454 8.57633057792
887 454 8.57633057792
888 454 8.57633057792
889 455 4.14008584833
890 455 4.14008584833
891 455 4.14008584833
892 455 4.14008584833
893 455 4.14008584833
894 455 4.14008584833
895 455 4.14008584833
896 455 4.14008584833
897 455 4.14008584833
898 455 4.14008584833
899 455 4.14008584833
900 455 4.14008584833
901 455 4.14008584833
902 455 4.14008584833
903 455 4.14008584833
904 455 4.14008584833
905 455 4.14008584833
906 455 4.14008584833
907 455 4.14008584833
908 455 4.14008584833
909 455 4.14008584833
910 455 4.14008584833
911 455 4.14008584833
912 455 4.14008584833
913 455 4.14008584833
914 455 4.14008584833
915 455 4.14008584833
916 455 4.14008584833
917 455 4.14008584833
918 455 4.14008584833
919 455 4.14008584833
920 455 4.14008584833
921 455 4.14008584833
922 455 4.14008584833
923 455 4.14008584833
924 455 4.14008584833
925 455 4.14008584833
926 455 4.14008584833
927 455 4.14008584833
928 455 4.14008584833
929 455 4.14008584833
930 455 4.14008584833
931 455 4.14008584833
932 455 4.14008584833
933 455 4.14008584833
934 455 4.14008584833
935 455 4.14008584833
936 455 4.14008584833
937 455 4.14008584833
938 455 4.14008584833
939 455 4.14008584833
940 455 4.14008584833
941 455 4.14008584833
942 456 4.52739344854
943 457 4.20980282808
944 458 4.46830598221
945 459 4.12985345915
946 460 4.26507313906
947 461 4.69105336684
948 462 4.45177027646
949 463 4.34918181453
950 464 3.88446696618
951 465 3.82998791602
952 466 3.72315589982
953 467 3.92481297001
954 468 4.23252574644
955 469 3.88978214148
956 470 3.57945000934
957 471 3.95636973685
958 472 4.20376026541
959 473 3.83793247919
960 474 3.66076129499
961 475 3.18375757298
962 476 3.27957546252
963 477 2.93160490442
964 478 9.1481439778
965 478 9.1481439778
966 478 9.1481439778
967 478 9.1481439778
968 478 9.1481439778
969 478 9.1481439778
970 478 9.1481439778
971 478 9.1481439778
972 478 9.1481439778
973 478 9.1481439778
974 478 9.1481439778
975 478 9.1481439778
976 478 9.1481439778
977 478 9.1481439778
978 478 9.1481439778
979 478 9.1481439778
980 478 9.1481439778
981 478 9.1481439778
982 478 9.1481439778
983 478 9.1481439778
984 478 9.1481439778
985 478 9.1481439778
986 478 9.1481439778
987 478 9.1481439778
988 478 9.1481439778
989 478 9.1481439778
990 478 9.1481439778
991 478 9.1481439778
992 478 9.1481439778
993 478 9.1481439778
994 478 9.1481439778
995 478 9.1481439778
996 478 9.1481439778
997 478 9.1481439778
998 478 9.1481439778
999 478 9.1481439778
1000 479 2.58621705183
1001 480 2.93305955085
1002 481 2.88756932583
1003 482 3.14996112774
1004 483 3.02530875443
1005 484 3.30428601749
1006 485 3.46429338912
1007 486 3.71543977253
1008 487 4.10086874681
1009 488 4.01884602389
1010 489 4.03389370628
1011 490 3.73006249572
1012 491 3.58801619702
1013 492 3.35851554766
1014 493 2.88276597866
1015 494 2.95461749118
1016 495 3.3361101908
1017 496 3.1976690876
1018 497 2.77690883511
1019 498 3.05331183251
1020 499 3.36760724437
1021 500 3.0710812104
1022 501 2.90270752094
1023 502 3.3512271271
1024 503 3.49762843541
1025 504 3.31210325172
1026 505 3.77154148008
1027 506 3.95280562622
1028 507 4.2622073128
1029 508 4.57993888945
1030 509 4.97899230431
1031 510 4.97304492221
1032 511 4.54401115763
1033 512 5.03178089798
1034 512 5.03178089798
1035 512 5.03178089798
1036 512 5.03178089798
1037 512 5.03178089798
1038 512 5.03178089798
