1 0 1.60840267185
2 0 1.60840267185
3 0 1.60840267185
4 0 1.60840267185
5 0 1.60840267185
6 0 1.60840267185
7 0 1.60840267185
8 0 1.60840267185
9 0 1.60840267185
10 0 1.60840267185
11 0 1.60840267185
12 0 1.60840267185
13 0 1.60840267185
14 0 1.60840267185
15 0 1.60840267185
16 0 1.60840267185
17 0 1.60840267185
18 0 1.60840267185
19 0 1.60840267185
20 0 1.60840267185
21 0 1.60840267185
22 0 1.60840267185
23 0 1.60840267185
24 0 1.60840267185
25 0 1.60840267185
26 0 1.60840267185
27 0 1.60840267185
28 0 1.60840267185
29 0 1.60840267185
30 0 1.60840267185
31 0 1.60840267185
32 0 1.60840267185
33 0 1.60840267185
34 0 1.60840267185
35 0 1.60840267185
36 0 1.60840267185
37 0 1.60840267185
38 0 1.60840267185
39 0 1.60840267185
40 0 1.60840267185
41 0 1.60840267185
42 0 1.60840267185
43 0 1.60840267185
44 0 1.60840267185
45 0 1.60840267185
46 0 1.60840267185
47 0 1.60840267185
48 0 1.60840267185
49 0 1.60840267185
50 0 1.60840267185
51 1 2.26086012488
52 1 2.26086012488
53 1 2.26086012488
54 1 2.26086012488
55 1 2.26086012488
56 1 2.26086012488
57 1 2.26086012488
58 1 2.26086012488
59 1 2.26086012488
60 1 2.26086012488
61 1 2.26086012488
62 1 2.26086012488
63 1 2.26086012488
64 1 2.26086012488
65 1 2.26086012488
66 1 2.26086012488
67 1 2.26086012488
68 1 2.26086012488
69 1 2.26086012488
70 1 2.26086012488
71 1 2.26086012488
72 1 2.26086012488
73 1 2.26086012488
74 1 2.26086012488
75 1 2.26086012488
76 1 2.26086012488
77 1 2.26086012488
78 1 2.26086012488
79 1 2.26086012488
80 1 2.26086012488
81 1 2.26086012488
82 1 2.26086012488
83 1 2.26086012488
84 1 2.26086012488
85 1 2.26086012488
86 1 2.26086012488
87 1 2.26086012488
88 1 2.26086012488
89 1 2.26086012488
90 1 2.26086012488
91 1 2.26086012488
92 1 2.26086012488
93 1 2.26086012488
94 1 2.26086012488
95 1 2.26086012488
96 1 2.26086012488
97 1 2.26086012488
98 1 2.26086012488
99 1 2.26086012488
100 1 2.26086012488
101 2 4.08099486379
102 3 4.19721777514
103 4 4.23805566801
104 5 4.15935589499
105 6 4.23181804248
106 7 4.20466548996
107 8 4.14820584979
108 9 4.24851186271
109 10 4.19616295831
110 11 4.34911138686
111 12 4.40258481728
112 13 4.51572557446
113 14 4.59018981658
114 15 4.46241098804
115 16 4.42138735298
116 17 4.25204102956
117 18 4.34437902058
118 19 4.32745001048
119 20 4.50386577894
120 21 4.55352504445
121 22 4.70940076443
122 23 4.86107476716
123 24 4.78800370223
124 25 4.59785029534
125 26 4.70049513817
126 27 4.73470769507
127 28 4.61094036329
128 29 4.55311505591
129 30 4.5858402481
130 31 4.67428290441
131 32 4.54450952184
132 33 4.40140018516
133 34 4.23072581784
134 35 4.14158284009
135 36 3.96817509884
136 37 3.9245978085
137 38 3.80442921533
138 39 3.79830466687
139 40 3.80974548675
140 41 3.81259206772
141 42 3.73869502861
142 43 3.72947070483
143 44 3.67251769593
144 45 3.75604835947
145 46 3.70135043811
146 47 3.74855045326
147 48 3.72623640989
148 49 3.62000051308
149 50 3.5469897574
150 51 3.57594437978
151 52 3.71506123887
152 53 3.82718626777
153 54 3.97283897055
154 55 4.12839820375
155 56 4.31096525576
156 57 4.43254977536
157 58 4.61785475344
158 59 4.76521293787
159 60 4.75253587075
160 61 4.91391565372
161 62 4.94986231934
162 63 5.00189233439
163 64 4.88900643298
164 65 4.90838081478
165 66 4.94582539842
166 67 4.88527149584
167 68 4.89444030029
168 69 4.71943048787
169 70 4.6727303121
170 71 4.49090508397
171 72 4.39812315136
172 73 4.33831598821
173 74 4.36020959438
174 75 4.24049160384
175 76 4.22618133464
176 77 4.08932897213
177 78 3.98034891916
178 79 3.90612336312
179 80 3.9928867426
180 81 3.94400683262
181 82 3.79434743142
182 83 3.76412224745
183 84 3.79549059308
184 85 3.69530472645
185 86 3.81537821328
186 87 3.84005533322
187 88 3.99639806127
188 89 4.07019565649
189 90 3.95210884551
190 91 4.00791352583
191 92 3.96199985364
192 93 4.0033160332
193 94 4.09094139679
194 95 4.05231993295
195 96 4.17040644442
196 97 4.1011516079
197 98 4.1369005046
198 99 4.26208906728
199 100 4.21081763059
200 101 4.27694926922
201 102 4.45976283904
202 103 4.50712006475
203 104 4.51138480766
204 105 4.33911612767
205 106 4.41060911155
206 107 4.31418012904
207 108 4.18746163646
208 109 4.09370866983
209 110 4.06170459
210 111 3.89543824722
211 112 3.8841537247
212 113 3.75590375448
213 114 3.75212933336
214 115 3.8164613572
215 116 3.88838692047
216 117 3.83097604678
217 118 3.89831970265
218 119 3.97111525373
219 120 4.12372850719
220 121 4.21823620028
221 122 4.1604869124
222 123 4.21065026711
223 124 4.37888254821
224 125 4.42805372293
225 126 4.45059258684
226 127 4.55163249029
227 128 4.57373045735
228 129 4.41435427201
229 130 4.51059618596
230 131 4.48656325679
231 132 4.34294862944
232 133 4.22257697542
233 134 4.07269748742
234 135 3.91227245725
235 136 3.7923075289
236 137 3.72045256154
237 138 3.83434828489
238 139 3.85404973561
239 140 4.01110625876
240 141 4.11442407229
241 142 4.27646355677
242 143 4.33966181436
243 144 4.24565643955
244 145 4.20916536487
245 146 4.16004053454
246 147 4.03755593296
247 148 3.97583306431
248 149 3.87645790569
249 150 3.92563235909
250 151 3.85341050937
251 152 3.91314255837
252 153 4.01188529208
253 154 3.94475014868
254 155 3.94104194322
255 156 4.06459223069
256 157 4.15559580222
257 158 4.22144673077
258 159 4.0844949867
259 160 3.94776298536
260 161 3.83618788422
261 162 3.97612533022
262 163 4.14678009416
263 164 4.32871936356
264 165 4.40451983105
265 166 4.59307210801
266 167 4.72229334204
267 168 4.74381288292
268 169 4.5378572747
269 170 4.50162349978
270 171 4.39015704836
271 172 4.3014974173
272 173 4.21621546534
273 174 4.13641454161
274 175 4.0816254248
275 176 4.25257809786
276 177 9.77734919352
277 177 9.77734919352
278 177 9.77734919352
279 178 1.34276322408
280 179 1.3235773428
281 180 1.3759099519
282 181 1.33751796859
283 182 1.3947812519
284 183 1.3854647886
285 184 1.42719098867
286 185 1.39450387386
287 186 1.4424899807
288 187 1.4627559477
289 188 1.49961718004
290 189 1.56179942428
291 190 1.59146055895
292 191 1.68168618083
293 192 1.73648863648
294 193 1.8304119972
295 194 1.83281914967
296 195 1.77567785112
297 196 1.73862141483
298 197 1.65485758622
299 198 1.58838562607
300 199 1.55970915522
301 200 1.64458148105
302 201 1.65663055843
303 202 1.57212298997
304 203 1.56833860892
305 204 1.65284677237
306 205 1.68025586017
307 206 1.61217572385
308 207 1.55768095546
309 208 1.61944405747
310 209 1.65723756506
311 210 1.58102301644
312 211 1.55317660526
313 212 1.63524812017
314 213 1.64441355119
315 214 1.55630052638
316 215 1.56710748734
317 216 1.64673906942
318 217 1.61699893155
319 218 1.54303929611
320 219 1.48821258091
321 220 1.39942244549
322 221 1.38664954661
323 222 1.33765070088
324 223 1.35537410293
325 224 1.31089207771
326 225 1.34181567803
327 226 1.29523858991
328 227 1.32690225012
329 228 1.29753510414
330 229 1.34978975835
331 230 1.30752714888
332 231 8.236280373
333 231 8.236280373
334 231 8.236280373
335 231 8.236280373
336 231 8.236280373
337 231 8.236280373
338 231 8.236280373
339 231 8.236280373
340 231 8.236280373
341 231 8.236280373
342 231 8.236280373
343 231 8.236280373
344 232 1.33531907834
345 233 1.25935079243
346 234 1.1981772978
347 235 1.18588169787
348 236 1.13750575769
349 237 1.08376955751
350 238 1.04002054887
351 239 1.05489102936
352 240 1.00104956534
353 241 1.01670025516
354 242 1.08359995867
355 243 1.13044377561
356 244 1.20626429717
357 245 1.21674177812
358 246 1.24693855911
359 247 1.24639988196
360 248 1.32262790212
361 249 1.31398655269
362 250 1.24821292189
363 251 1.25433236345
364 252 1.3004966491
365 253 1.37433791039
366 254 1.44266404764
367 255 1.49622810211
368 256 1.57200564206
369 257 1.52979024973
370 258 1.48867902908
371 259 1.56863055309
372 260 1.60822529841
373 261 1.54962564674
374 262 1.55906880617
375 263 1.64913174301
376 264 1.66107468659
377 265 0.945477411426
378 265 0.945477411426
379 265 0.945477411426
380 265 0.945477411426
381 265 0.945477411426
382 265 0.945477411426
383 265 0.945477411426
384 265 0.945477411426
385 265 0.945477411426
386 265 0.945477411426
387 265 0.945477411426
388 265 0.945477411426
389 265 0.945477411426
390 265 0.945477411426
391 265 0.945477411426
392 265 0.945477411426
393 265 0.945477411426
394 265 0.945477411426
395 265 0.945477411426
396 265 0.945477411426
397 265 0.945477411426
398 265 0.945477411426
399 265 0.945477411426
400 266 1.56970428005
401 267 1.49802045665
402 268 1.51722386953
403 269 1.47837036568
404 270 1.41519003161
405 271 1.3496920964
406 272 1.30797309183
407 273 1.23954652737
408 274 1.19919827268
409 275 1.24736302284
410 276 1.19248935664
411 277 1.14583093436
412 278 1.20791153204
413 279 1.21224466002
414 280 1.13578950588
415 281 1.14329963157
416 282 1.20329324712
417 283 1.16209759828
418 284 1.10368244842
419 285 1.15110696815
420 286 1.17497303326
421 287 1.10465627866
422 288 1.07106746856
423 289 1.1267829739
424 290 1.1469179601
425 291 1.08640591253
426 292 1.09529405555
427 293 1.16798404094
428 294 1.20212541392
429 295 1.26779945385
430 296 1.29111253017
431 297 1.37163587881
432 298 1.37167284847
433 299 1.31806366471
434 300 1.2934683794
435 301 1.33953662085
436 302 1.32746997836
437 303 1.39571730628
438 304 1.37965561926
439 305 1.44233722206
440 306 1.42058755322
441 307 1.44790483113
442 308 1.40558840957
443 309 1.39018043769
444 310 1.32079953957
445 311 1.24806746959
446 312 1.1901054516
447 313 1.11456819955
448 314 1.09399640548
449 315 1.08859347921
450 316 1.13740326522
451 317 1.08469992232
452 318 1.07442620673
453 319 1.14551946731
454 320 1.13451460377
455 321 1.08467178763
456 322 1.13488872812
457 323 1.18960897366
458 324 1.14720110507
459 325 1.12902911408
460 326 1.20488528668
461 327 1.22706487119
462 328 1.16878536524
463 329 1.17702939862
464 330 1.25629545105
465 331 1.27136162294
466 332 1.34271643031
467 333 1.36173024864
468 334 1.42828046277
469 335 1.47811382769
470 336 1.51122797268
471 337 1.58267068514
472 338 1.62104187669
473 339 1.65419322654
474 340 2.88302355489
475 340 2.88302355489
476 340 2.88302355489
477 340 2.88302355489
478 340 2.88302355489
479 340 2.88302355489
480 340 2.88302355489
481 340 2.88302355489
482 340 2.88302355489
483 340 2.88302355489
484 340 2.88302355489
485 340 2.88302355489
486 340 2.88302355489
487 340 2.88302355489
488 340 2.88302355489
489 340 2.88302355489
490 340 2.88302355489
491 340 2.88302355489
492 340 2.88302355489
493 340 2.88302355489
494 340 2.88302355489
495 340 2.88302355489
496 340 2.88302355489
497 340 2.88302355489
498 340 2.88302355489
499 340 2.88302355489
500 340 2.88302355489
501 340 2.88302355489
502 340 2.88302355489
503 340 2.88302355489
504 340 2.88302355489
505 340 2.88302355489
506 340 2.88302355489
507 340 2.88302355489
508 340 2.88302355489
509 340 2.88302355489
510 340 2.88302355489
511 340 2.88302355489
512 340 2.88302355489
513 340 2.88302355489
514 340 2.88302355489
515 340 2.88302355489
516 340 2.88302355489
517 340 2.88302355489
518 340 2.88302355489
519 340 2.88302355489
520 340 2.88302355489
521 340 2.88302355489
522 340 2.88302355489
523 340 2.88302355489
524 340 2.88302355489
525 340 2.88302355489
526 340 2.88302355489
527 341 1.11619992117
528 341 1.11619992117
529 341 1.11619992117
530 341 1.11619992117
531 341 1.11619992117
532 341 1.11619992117
533 341 1.11619992117
534 341 1.11619992117
535 341 1.11619992117
536 341 1.11619992117
537 341 1.11619992117
538 341 1.11619992117
539 341 1.11619992117
540 341 1.11619992117
541 341 1.11619992117
542 341 1.11619992117
543 341 1.11619992117
544 341 1.11619992117
545 341 1.11619992117
546 341 1.11619992117
547 341 1.11619992117
548 341 1.11619992117
549 341 1.11619992117
550 341 1.11619992117
551 341 1.11619992117
552 341 1.11619992117
553 341 1.11619992117
554 341 1.11619992117
555 341 1.11619992117
556 341 1.11619992117
557 341 1.11619992117
558 341 1.11619992117
559 341 1.11619992117
560 341 1.11619992117
561 341 1.11619992117
562 341 1.11619992117
563 341 1.11619992117
564 341 1.11619992117
565 341 1.11619992117
566 341 1.11619992117
567 341 1.11619992117
568 341 1.11619992117
569 341 1.11619992117
570 341 1.11619992117
571 341 1.11619992117
572 341 1.11619992117
573 341 1.11619992117
574 341 1.11619992117
575 341 1.11619992117
576 341 1.11619992117
577 341 1.11619992117
578 341 1.11619992117
579 341 1.11619992117
580 341 1.11619992117
581 341 1.11619992117
582 341 1.11619992117
583 341 1.11619992117
584 341 1.11619992117
585 341 1.11619992117
586 341 1.11619992117
587 341 1.11619992117
588 341 1.11619992117
589 341 1.11619992117
590 341 1.11619992117
591 341 1.11619992117
592 341 1.11619992117
593 341 1.11619992117
594 341 1.11619992117
595 341 1.11619992117
596 341 1.11619992117
597 341 1.11619992117
598 341 1.11619992117
599 341 1.11619992117
600 341 1.11619992117
601 341 1.11619992117
602 341 1.11619992117
603 341 1.11619992117
604 341 1.11619992117
605 341 1.11619992117
606 341 1.11619992117
607 341 1.11619992117
608 341 1.11619992117
609 341 1.11619992117
610 342 1.34976876642
611 342 1.34976876642
612 342 1.34976876642
613 342 1.34976876642
614 342 1.34976876642
615 342 1.34976876642
616 342 1.34976876642
617 342 1.34976876642
618 342 1.34976876642
619 342 1.34976876642
620 342 1.34976876642
621 342 1.34976876642
622 342 1.34976876642
623 342 1.34976876642
624 342 1.34976876642
625 342 1.34976876642
626 342 1.34976876642
627 342 1.34976876642
628 342 1.34976876642
629 342 1.34976876642
630 342 1.34976876642
631 342 1.34976876642
632 342 1.34976876642
633 342 1.34976876642
634 342 1.34976876642
635 342 1.34976876642
636 342 1.34976876642
637 342 1.34976876642
638 342 1.34976876642
639 342 1.34976876642
640 342 1.34976876642
641 342 1.34976876642
642 342 1.34976876642
643 342 1.34976876642
644 342 1.34976876642
645 342 1.34976876642
646 342 1.34976876642
647 342 1.34976876642
648 342 1.34976876642
649 342 1.34976876642
650 342 1.34976876642
651 342 1.34976876642
652 342 1.34976876642
653 342 1.34976876642
654 342 1.34976876642
655 342 1.34976876642
656 342 1.34976876642
657 342 1.34976876642
658 342 1.34976876642
659 342 1.34976876642
660 342 1.34976876642
661 342 1.34976876642
662 342 1.34976876642
663 342 1.34976876642
664 342 1.34976876642
665 342 1.34976876642
666 342 1.34976876642
667 342 1.34976876642
668 342 1.34976876642
669 342 1.34976876642
670 342 1.34976876642
671 342 1.34976876642
672 342 1.34976876642
673 342 1.34976876642
674 342 1.34976876642
675 342 1.34976876642
676 342 1.34976876642
677 342 1.34976876642
678 342 1.34976876642
679 342 1.34976876642
680 342 1.34976876642
681 342 1.34976876642
682 342 1.34976876642
683 342 1.34976876642
684 342 1.34976876642
685 342 1.34976876642
686 342 1.34976876642
687 342 1.34976876642
688 342 1.34976876642
689 342 1.34976876642
690 342 1.34976876642
691 342 1.34976876642
692 342 1.34976876642
693 343 1.44244010125
694 343 1.44244010125
695 343 1.44244010125
696 343 1.44244010125
697 343 1.44244010125
698 343 1.44244010125
699 343 1.44244010125
700 343 1.44244010125
701 343 1.44244010125
702 343 1.44244010125
703 343 1.44244010125
704 343 1.44244010125
705 343 1.44244010125
706 343 1.44244010125
707 343 1.44244010125
708 343 1.44244010125
709 343 1.44244010125
710 343 1.44244010125
711 343 1.44244010125
712 343 1.44244010125
713 343 1.44244010125
714 343 1.44244010125
715 343 1.44244010125
716 343 1.44244010125
717 343 1.44244010125
718 343 1.44244010125
719 343 1.44244010125
720 343 1.44244010125
721 343 1.44244010125
722 343 1.44244010125
723 343 1.44244010125
724 343 1.44244010125
725 343 1.44244010125
726 343 1.44244010125
727 343 1.44244010125
728 343 1.44244010125
729 343 1.44244010125
730 343 1.44244010125
731 343 1.44244010125
732 343 1.44244010125
733 343 1.44244010125
734 343 1.44244010125
735 343 1.44244010125
736 343 1.44244010125
737 343 1.44244010125
738 343 1.44244010125
739 343 1.44244010125
740 343 1.44244010125
741 343 1.44244010125
742 343 1.44244010125
743 343 1.44244010125
744 343 1.44244010125
745 343 1.44244010125
746 343 1.44244010125
747 343 1.44244010125
748 343 1.44244010125
749 343 1.44244010125
750 343 1.44244010125
751 343 1.44244010125
752 343 1.44244010125
753 343 1.44244010125
754 343 1.44244010125
755 343 1.44244010125
756 343 1.44244010125
757 343 1.44244010125
758 343 1.44244010125
759 343 1.44244010125
760 343 1.44244010125
761 343 1.44244010125
762 343 1.44244010125
763 343 1.44244010125
764 343 1.44244010125
765 343 1.44244010125
766 343 1.44244010125
767 343 1.44244010125
768 343 1.44244010125
769 343 1.44244010125
770 343 1.44244010125
771 343 1.44244010125
772 343 1.44244010125
773 343 1.44244010125
774 343 1.44244010125
775 343 1.44244010125
776 344 0.92076353888
777 344 0.92076353888
778 344 0.92076353888
779 344 0.92076353888
780 344 0.92076353888
781 344 0.92076353888
782 344 0.92076353888
783 344 0.92076353888
784 344 0.92076353888
785 344 0.92076353888
786 344 0.92076353888
787 344 0.92076353888
788 344 0.92076353888
789 344 0.92076353888
790 344 0.92076353888
791 344 0.92076353888
792 344 0.92076353888
793 344 0.92076353888
794 344 0.92076353888
795 344 0.92076353888
796 344 0.92076353888
797 344 0.92076353888
798 344 0.92076353888
799 344 0.92076353888
800 344 0.92076353888
801 344 0.92076353888
802 344 0.92076353888
803 344 0.92076353888
804 344 0.92076353888
805 344 0.92076353888
806 344 0.92076353888
807 344 0.92076353888
808 344 0.92076353888
809 344 0.92076353888
810 344 0.92076353888
811 344 0.92076353888
812 344 0.92076353888
813 344 0.92076353888
814 344 0.92076353888
815 344 0.92076353888
816 344 0.92076353888
817 344 0.92076353888
818 344 0.92076353888
819 344 0.92076353888
820 344 0.92076353888
821 344 0.92076353888
822 344 0.92076353888
823 344 0.92076353888
824 344 0.92076353888
825 344 0.92076353888
826 344 0.92076353888
827 344 0.92076353888
828 344 0.92076353888
829 344 0.92076353888
830 344 0.92076353888
831 344 0.92076353888
832 344 0.92076353888
833 344 0.92076353888
834 344 0.92076353888
835 344 0.92076353888
836 344 0.92076353888
837 344 0.92076353888
838 344 0.92076353888
839 344 0.92076353888
840 344 0.92076353888
841 344 0.92076353888
842 344 0.92076353888
843 344 0.92076353888
844 344 0.92076353888
845 344 0.92076353888
846 344 0.92076353888
847 344 0.92076353888
848 344 0.92076353888
849 344 0.92076353888
850 344 0.92076353888
851 344 0.92076353888
852 344 0.92076353888
853 344 0.92076353888
854 344 0.92076353888
855 344 0.92076353888
856 344 0.92076353888
857 344 0.92076353888
858 344 0.92076353888
859 345 6.34749666322
860 346 1.93689187703
861 346 1.93689187703
862 346 1.93689187703
863 346 1.93689187703
864 346 1.93689187703
865 346 1.93689187703
866 346 1.93689187703
867 346 1.93689187703
868 346 1.93689187703
869 346 1.93689187703
870 346 1.93689187703
871 346 1.93689187703
872 346 1.93689187703
873 346 1.93689187703
874 346 1.93689187703
875 346 1.93689187703
876 346 1.93689187703
877 346 1.93689187703
878 346 1.93689187703
879 346 1.93689187703
880 346 1.93689187703
881 346 1.93689187703
882 346 1.93689187703
883 346 1.93689187703
884 346 1.93689187703
885 346 1.93689187703
886 346 1.93689187703
887 346 1.93689187703
888 346 1.93689187703
889 346 1.93689187703
890 346 1.93689187703
891 346 1.93689187703
892 346 1.93689187703
893 346 1.93689187703
894 346 1.93689187703
895 346 1.93689187703
896 346 1.93689187703
897 346 1.93689187703
898 346 1.93689187703
899 346 1.93689187703
900 346 1.93689187703
901 346 1.93689187703
902 346 1.93689187703
903 346 1.93689187703
904 346 1.93689187703
905 346 1.93689187703
906 346 1.93689187703
907 346 1.93689187703
908 346 1.93689187703
909 346 1.93689187703
910 346 1.93689187703
911 346 1.93689187703
912 346 1.93689187703
913 346 1.93689187703
914 346 1.93689187703
915 346 1.93689187703
916 346 1.93689187703
917 346 1.93689187703
918 346 1.93689187703
919 346 1.93689187703
920 346 1.93689187703
921 346 1.93689187703
922 346 1.93689187703
923 346 1.93689187703
924 346 1.93689187703
925 346 1.93689187703
926 346 1.93689187703
927 346 1.93689187703
928 346 1.93689187703
929 346 1.93689187703
930 346 1.93689187703
931 346 1.93689187703
932 346 1.93689187703
933 346 1.93689187703
934 346 1.93689187703
935 346 1.93689187703
936 346 1.93689187703
937 346 1.93689187703
938 346 1.93689187703
939 346 1.93689187703
940 346 1.93689187703
941 346 1.93689187703
942 346 1.93689187703
943 346 1.93689187703
944 346 1.93689187703
945 346 1.93689187703
946 346 1.93689187703
947 346 1.93689187703
948 346 1.93689187703
949 347 0.244366901543
950 347 0.244366901543
951 347 0.244366901543
952 347 0.244366901543
953 347 0.244366901543
954 347 0.244366901543
955 347 0.244366901543
956 347 0.244366901543
957 347 0.244366901543
958 347 0.244366901543
959 347 0.244366901543
960 347 0.244366901543
961 347 0.244366901543
962 347 0.244366901543
963 347 0.244366901543
964 347 0.244366901543
965 347 0.244366901543
966 347 0.244366901543
967 347 0.244366901543
968 347 0.244366901543
969 347 0.244366901543
970 347 0.244366901543
971 347 0.244366901543
972 347 0.244366901543
973 347 0.244366901543
974 347 0.244366901543
975 347 0.244366901543
976 347 0.244366901543
977 347 0.244366901543
978 347 0.244366901543
979 347 0.244366901543
980 347 0.244366901543
981 347 0.244366901543
982 347 0.244366901543
983 347 0.244366901543
984 347 0.244366901543
985 347 0.244366901543
986 347 0.244366901543
987 347 0.244366901543
988 347 0.244366901543
989 347 0.244366901543
990 347 0.244366901543
991 347 0.244366901543
992 347 0.244366901543
993 347 0.244366901543
994 347 0.244366901543
995 347 0.244366901543
996 347 0.244366901543
997 347 0.244366901543
998 347 0.244366901543
999 347 0.244366901543
1000 347 0.244366901543
1001 347 0.244366901543
1002 347 0.244366901543
1003 347 0.244366901543
1004 347 0.244366901543
1005 347 0.244366901543
1006 347 0.244366901543
1007 347 0.244366901543
1008 347 0.244366901543
1009 347 0.244366901543
1010 347 0.244366901543
1011 347 0.244366901543
1012 347 0.244366901543
1013 347 0.244366901543
1014 347 0.244366901543
1015 347 0.244366901543
1016 347 0.244366901543
1017 347 0.244366901543
1018 347 0.244366901543
1019 347 0.244366901543
1020 347 0.244366901543
1021 347 0.244366901543
1022 347 0.244366901543
1023 347 0.244366901543
1024 347 0.244366901543
1025 347 0.244366901543
1026 347 0.244366901543
1027 347 0.244366901543
1028 347 0.244366901543
1029 347 0.244366901543
1030 347 0.244366901543
1031 347 0.244366901543
1032 347 0.244366901543
1033 347 0.244366901543
1034 347 0.244366901543
1035 347 0.244366901543
1036 347 0.244366901543
1037 347 0.244366901543
1038 348 6.12584844271
1039 348 6.12584844271
1040 348 6.12584844271
1041 348 6.12584844271
1042 348 6.12584844271
1043 348 6.12584844271
1044 348 6.12584844271
1045 348 6.12584844271
1046 348 6.12584844271
1047 348 6.12584844271
1048 348 6.12584844271
1049 348 6.12584844271
1050 348 6.12584844271
1051 348 6.12584844271
1052 348 6.12584844271
1053 348 6.12584844271
1054 348 6.12584844271
1055 348 6.12584844271
1056 348 6.12584844271
1057 348 6.12584844271
1058 348 6.12584844271
1059 348 6.12584844271
1060 348 6.12584844271
1061 348 6.12584844271
1062 348 6.12584844271
1063 348 6.12584844271
1064 348 6.12584844271
1065 348 6.12584844271
1066 348 6.12584844271
1067 348 6.12584844271
1068 348 6.12584844271
1069 348 6.12584844271
1070 348 6.12584844271
1071 348 6.12584844271
1072 348 6.12584844271
1073 348 6.12584844271
1074 348 6.12584844271
1075 348 6.12584844271
1076 348 6.12584844271
1077 348 6.12584844271
1078 348 6.12584844271
1079 348 6.12584844271
1080 348 6.12584844271
1081 348 6.12584844271
1082 348 6.12584844271
1083 348 6.12584844271
1084 348 6.12584844271
1085 348 6.12584844271
1086 348 6.12584844271
1087 348 6.12584844271
1088 348 6.12584844271
1089 348 6.12584844271
1090 348 6.12584844271
1091 348 6.12584844271
1092 348 6.12584844271
1093 348 6.12584844271
1094 348 6.12584844271
1095 348 6.12584844271
1096 348 6.12584844271
1097 348 6.12584844271
1098 348 6.12584844271
1099 348 6.12584844271
1100 348 6.12584844271
1101 348 6.12584844271
1102 348 6.12584844271
1103 348 6.12584844271
1104 348 6.12584844271
1105 348 6.12584844271
1106 348 6.12584844271
1107 348 6.12584844271
1108 348 6.12584844271
1109 348 6.12584844271
1110 348 6.12584844271
1111 348 6.12584844271
1112 348 6.12584844271
1113 348 6.12584844271
1114 348 6.12584844271
1115 348 6.12584844271
1116 348 6.12584844271
1117 348 6.12584844271
1118 348 6.12584844271
1119 348 6.12584844271
1120 348 6.12584844271
1121 348 6.12584844271
1122 348 6.12584844271
1123 348 6.12584844271
1124 348 6.12584844271
1125 348 6.12584844271
1126 348 6.12584844271
1127 349 5.15079425824
1128 349 5.15079425824
1129 349 5.15079425824
1130 349 5.15079425824
1131 349 5.15079425824
1132 349 5.15079425824
1133 349 5.15079425824
1134 349 5.15079425824
1135 349 5.15079425824
1136 349 5.15079425824
1137 349 5.15079425824
1138 349 5.15079425824
1139 349 5.15079425824
1140 349 5.15079425824
1141 349 5.15079425824
1142 349 5.15079425824
1143 349 5.15079425824
1144 349 5.15079425824
1145 349 5.15079425824
1146 349 5.15079425824
1147 349 5.15079425824
1148 349 5.15079425824
1149 349 5.15079425824
1150 349 5.15079425824
1151 349 5.15079425824
1152 349 5.15079425824
1153 349 5.15079425824
1154 349 5.15079425824
1155 349 5.15079425824
1156 349 5.15079425824
1157 349 5.15079425824
1158 349 5.15079425824
1159 349 5.15079425824
1160 349 5.15079425824
1161 349 5.15079425824
1162 349 5.15079425824
1163 349 5.15079425824
1164 349 5.15079425824
1165 349 5.15079425824
1166 349 5.15079425824
1167 349 5.15079425824
1168 349 5.15079425824
1169 349 5.15079425824
1170 349 5.15079425824
1171 349 5.15079425824
1172 349 5.15079425824
1173 349 5.15079425824
1174 349 5.15079425824
1175 349 5.15079425824
1176 349 5.15079425824
1177 349 5.15079425824
1178 350 3.62577706724
1179 351 3.54412048884
1180 352 3.59727806896
1181 353 3.79802462422
1182 354 3.60408456344
1183 355 3.40249856098
1184 356 3.31403167775
1185 357 3.53441331688
1186 358 3.69975159176
1187 359 3.92396292262
1188 360 3.76663454094
1189 361 3.96023810503
1190 362 3.95218050414
1191 363 3.64867940147
1192 364 3.6432605366
1193 365 3.88246313166
1194 366 3.77434218558
1195 367 3.53557977709
1196 368 3.70281958434
1197 369 3.89992907494
1198 370 3.88212269148
1199 371 3.93905059029
1200 372 3.69468803399
1201 373 3.46778658249
1202 374 3.30038513226
1203 375 3.48901847152
1204 376 3.4315090276
1205 377 3.47294656703
1206 378 3.31209741278
1207 379 3.09682132112
1208 380 2.94931212331
1209 381 2.80044067454
1210 382 2.72507711451
1211 383 2.80769606233
1212 384 2.83998617561
1213 385 2.99910076434
1214 386 3.08690255252
1215 387 3.31514605888
1216 388 3.29174443175
1217 389 3.10425248198
1218 390 3.08070687178
1219 391 3.03432739705
1220 392 3.02023765866
1221 393 2.8602874965
1222 394 2.9540523331
1223 395 3.09233494793
1224 396 2.96602374994
1225 397 2.92391273091
1226 398 3.12003633443
1227 399 3.14583194268
1228 400 2.99845963333
1229 401 3.10352053728
1230 402 3.32182173236
1231 403 3.27886625861
1232 404 3.1089549285
1233 405 3.09097773348
1234 406 2.95450388697
1235 407 2.83362661038
1236 408 2.75754906603
1237 409 2.75151017079
1238 410 2.83594496211
1239 411 2.92944372436
1240 412 2.9224336349
1241 413 2.930790218
1242 414 3.08955350999
1243 415 3.19447890104
1244 416 3.1567378945
1245 417 3.2231777309
1246 418 3.43344641622
1247 419 3.48227352741
1248 420 3.45865455255
1249 421 3.63607973777
1250 422 3.83950783739
1251 423 3.84890101245
1252 424 3.72542673162
1253 425 3.53760708776
1254 426 3.52432765864
1255 427 3.33929758568
1256 428 3.30259043874
1257 429 3.42754514077
1258 430 3.71214027837
1259 431 3.71685554408
1260 432 3.53640262166
1261 433 3.41347881352
1262 434 3.21506290535
1263 435 3.04003728979
1264 436 2.90858579936
1265 437 2.82048592895
1266 438 2.91069223368
1267 439 2.89440138486
1268 440 3.03217572724
1269 441 3.15215859765
1270 442 3.3483364326
1271 443 3.55770054532
1272 444 3.7703567917
1273 445 4.07766683138
1274 446 7.28020693525
1275 446 7.28020693525
1276 446 7.28020693525
1277 446 7.28020693525
1278 446 7.28020693525
1279 446 7.28020693525
1280 446 7.28020693525
1281 446 7.28020693525
1282 446 7.28020693525
1283 446 7.28020693525
1284 446 7.28020693525
1285 446 7.28020693525
1286 446 7.28020693525
1287 446 7.28020693525
1288 446 7.28020693525
1289 446 7.28020693525
1290 446 7.28020693525
1291 446 7.28020693525
1292 446 7.28020693525
1293 446 7.28020693525
1294 446 7.28020693525
1295 446 7.28020693525
1296 446 7.28020693525
1297 446 7.28020693525
1298 446 7.28020693525
1299 446 7.28020693525
1300 446 7.28020693525
1301 446 7.28020693525
1302 446 7.28020693525
1303 446 7.28020693525
1304 446 7.28020693525
1305 446 7.28020693525
1306 446 7.28020693525
1307 446 7.28020693525
1308 446 7.28020693525
1309 446 7.28020693525
1310 446 7.28020693525
1311 446 7.28020693525
1312 446 7.28020693525
1313 446 7.28020693525
1314 446 7.28020693525
1315 446 7.28020693525
1316 446 7.28020693525
1317 446 7.28020693525
1318 446 7.28020693525
1319 446 7.28020693525
1320 446 7.28020693525
1321 446 7.28020693525
1322 446 7.28020693525
1323 446 7.28020693525
1324 446 7.28020693525
1325 446 7.28020693525
1326 446 7.28020693525
1327 446 7.28020693525
1328 446 7.28020693525
1329 446 7.28020693525
1330 446 7.28020693525
1331 446 7.28020693525
1332 446 7.28020693525
1333 446 7.28020693525
1334 446 7.28020693525
1335 446 7.28020693525
1336 446 7.28020693525
1337 446 7.28020693525
1338 446 7.28020693525
1339 446 7.28020693525
1340 446 7.28020693525
1341 447 5.37998809286
1342 447 5.37998809286
1343 447 5.37998809286
1344 447 5.37998809286
1345 447 5.37998809286
1346 447 5.37998809286
1347 447 5.37998809286
1348 447 5.37998809286
1349 447 5.37998809286
1350 447 5.37998809286
1351 447 5.37998809286
1352 447 5.37998809286
1353 447 5.37998809286
1354 447 5.37998809286
1355 447 5.37998809286
1356 447 5.37998809286
1357 447 5.37998809286
1358 447 5.37998809286
1359 447 5.37998809286
1360 447 5.37998809286
1361 447 5.37998809286
1362 447 5.37998809286
1363 447 5.37998809286
1364 447 5.37998809286
1365 447 5.37998809286
1366 447 5.37998809286
1367 447 5.37998809286
1368 447 5.37998809286
1369 447 5.37998809286
1370 447 5.37998809286
1371 447 5.37998809286
1372 447 5.37998809286
1373 447 5.37998809286
1374 447 5.37998809286
1375 447 5.37998809286
1376 447 5.37998809286
1377 447 5.37998809286
1378 447 5.37998809286
1379 447 5.37998809286
1380 447 5.37998809286
1381 447 5.37998809286
1382 447 5.37998809286
1383 447 5.37998809286
1384 447 5.37998809286
1385 447 5.37998809286
1386 447 5.37998809286
1387 447 5.37998809286
1388 447 5.37998809286
1389 447 5.37998809286
1390 447 5.37998809286
1391 447 5.37998809286
1392 447 5.37998809286
1393 447 5.37998809286
1394 447 5.37998809286
1395 447 5.37998809286
1396 447 5.37998809286
1397 447 5.37998809286
1398 447 5.37998809286
1399 447 5.37998809286
1400 447 5.37998809286
1401 447 5.37998809286
1402 447 5.37998809286
1403 447 5.37998809286
1404 447 5.37998809286
1405 447 5.37998809286
1406 447 5.37998809286
1407 447 5.37998809286
1408 447 5.37998809286
1409 447 5.37998809286
1410 447 5.37998809286
1411 447 5.37998809286
1412 447 5.37998809286
1413 447 5.37998809286
1414 447 5.37998809286
1415 447 5.37998809286
1416 447 5.37998809286
1417 447 5.37998809286
1418 447 5.37998809286
1419 447 5.37998809286
1420 447 5.37998809286
1421 447 5.37998809286
1422 448 10.7615484242
1423 448 10.7615484242
1424 448 10.7615484242
1425 448 10.7615484242
1426 448 10.7615484242
1427 448 10.7615484242
1428 448 10.7615484242
1429 448 10.7615484242
1430 448 10.7615484242
1431 448 10.7615484242
1432 448 10.7615484242
1433 448 10.7615484242
1434 448 10.7615484242
1435 448 10.7615484242
1436 448 10.7615484242
1437 448 10.7615484242
1438 448 10.7615484242
1439 448 10.7615484242
1440 448 10.7615484242
1441 448 10.7615484242
1442 448 10.7615484242
1443 448 10.7615484242
1444 448 10.7615484242
1445 448 10.7615484242
1446 448 10.7615484242
1447 448 10.7615484242
1448 448 10.7615484242
1449 448 10.7615484242
1450 448 10.7615484242
1451 448 10.7615484242
1452 448 10.7615484242
1453 448 10.7615484242
1454 448 10.7615484242
1455 448 10.7615484242
1456 448 10.7615484242
1457 448 10.7615484242
1458 448 10.7615484242
1459 448 10.7615484242
1460 448 10.7615484242
1461 448 10.7615484242
1462 448 10.7615484242
1463 448 10.7615484242
1464 448 10.7615484242
1465 448 10.7615484242
1466 448 10.7615484242
1467 448 10.7615484242
1468 448 10.7615484242
1469 448 10.7615484242
1470 448 10.7615484242
1471 448 10.7615484242
1472 448 10.7615484242
1473 448 10.7615484242
1474 448 10.7615484242
1475 448 10.7615484242
1476 448 10.7615484242
1477 448 10.7615484242
1478 448 10.7615484242
1479 448 10.7615484242
1480 448 10.7615484242
1481 448 10.7615484242
1482 448 10.7615484242
1483 448 10.7615484242
1484 448 10.7615484242
1485 448 10.7615484242
1486 448 10.7615484242
1487 448 10.7615484242
1488 448 10.7615484242
1489 448 10.7615484242
1490 448 10.7615484242
1491 448 10.7615484242
1492 448 10.7615484242
1493 448 10.7615484242
1494 448 10.7615484242
1495 448 10.7615484242
1496 448 10.7615484242
1497 448 10.7615484242
1498 448 10.7615484242
1499 448 10.7615484242
1500 448 10.7615484242
1501 448 10.7615484242
1502 448 10.7615484242
1503 449 7.31648023853
1504 449 7.31648023853
1505 449 7.31648023853
1506 449 7.31648023853
1507 449 7.31648023853
1508 449 7.31648023853
1509 449 7.31648023853
1510 449 7.31648023853
1511 449 7.31648023853
1512 449 7.31648023853
1513 449 7.31648023853
1514 449 7.31648023853
1515 449 7.31648023853
1516 449 7.31648023853
1517 449 7.31648023853
1518 449 7.31648023853
1519 449 7.31648023853
1520 449 7.31648023853
1521 449 7.31648023853
1522 449 7.31648023853
1523 449 7.31648023853
1524 449 7.31648023853
1525 449 7.31648023853
1526 449 7.31648023853
1527 449 7.31648023853
1528 449 7.31648023853
1529 449 7.31648023853
1530 449 7.31648023853
1531 449 7.31648023853
1532 449 7.31648023853
1533 449 7.31648023853
1534 449 7.31648023853
1535 449 7.31648023853
1536 449 7.31648023853
1537 449 7.31648023853
1538 449 7.31648023853
1539 449 7.31648023853
1540 449 7.31648023853
1541 449 7.31648023853
1542 449 7.31648023853
1543 449 7.31648023853
1544 449 7.31648023853
1545 449 7.31648023853
1546 449 7.31648023853
1547 449 7.31648023853
1548 449 7.31648023853
1549 449 7.31648023853
1550 449 7.31648023853
1551 449 7.31648023853
1552 449 7.31648023853
1553 449 7.31648023853
1554 449 7.31648023853
1555 449 7.31648023853
1556 449 7.31648023853
1557 449 7.31648023853
1558 449 7.31648023853
1559 449 7.31648023853
1560 449 7.31648023853
1561 449 7.31648023853
1562 449 7.31648023853
1563 449 7.31648023853
1564 449 7.31648023853
1565 449 7.31648023853
1566 449 7.31648023853
1567 449 7.31648023853
1568 449 7.31648023853
1569 449 7.31648023853
1570 449 7.31648023853
1571 449 7.31648023853
1572 449 7.31648023853
1573 449 7.31648023853
1574 449 7.31648023853
1575 449 7.31648023853
1576 449 7.31648023853
1577 449 7.31648023853
1578 449 7.31648023853
1579 449 7.31648023853
1580 449 7.31648023853
1581 449 7.31648023853
1582 449 7.31648023853
1583 449 7.31648023853
1584 450 10.677076903
