1 0 1.5828414385
2 1 1.61071894463
3 2 1.6034786026
4 3 1.68195719538
5 4 1.7237647403
6 5 1.68643035398
7 6 1.78770547742
8 7 1.73753275467
9 8 1.7972267875
10 9 1.71397980967
11 10 1.60901703808
12 11 1.54074517594
13 12 1.45485746211
14 13 1.41457549559
15 14 1.43639397191
16 15 1.41885634161
17 16 1.45119622807
18 17 1.50470471331
19 18 1.50136657961
20 19 1.56092076725
21 20 1.51340223828
22 21 1.6076981548
23 22 1.59958851044
24 23 1.54406291648
25 24 1.542891249
26 25 1.54369585646
27 26 1.54330109372
28 27 1.58149862243
29 28 1.62450247956
30 29 1.72448710617
31 30 1.67968143588
32 31 1.69468892408
33 32 1.63929281909
34 33 1.67866583423
35 34 1.66802908278
36 35 1.68443979157
37 36 1.7270158706
38 37 1.70702961004
39 38 1.81854235589
40 39 1.83212690142
41 40 1.91197699035
42 41 1.86400734331
43 42 1.74213034667
44 43 1.73999080512
45 44 1.70379239302
46 45 1.79633145469
47 46 1.80237793848
48 47 1.82355456901
49 48 1.82840875158
50 49 1.80054490408
51 50 1.80612089443
52 51 1.7811817295
53 52 1.68549574905
54 53 1.6476174418
55 54 1.69911748842
56 55 1.63989957028
57 56 1.58705176456
58 57 1.52438068257
59 58 1.44009204542
60 59 1.38906352245
61 60 1.41672088356
62 61 1.40437785057
63 62 1.46042478604
64 63 1.46687934673
65 64 1.49965927363
66 65 1.5998157935
67 66 1.63020245121
68 67 1.61099576285
69 68 1.67233455478
70 69 1.6576118818
71 70 1.57648069817
72 71 1.52324189159
73 72 1.46141423412
74 73 1.46065400871
75 74 1.42133233801
76 75 1.47834105672
77 76 1.49681274045
78 77 1.54333662287
79 78 1.45552045278
80 79 1.45846726117
81 80 1.43616395339
82 81 1.51144033541
83 82 1.53152817793
84 83 1.62273196224
85 84 1.68724438561
86 85 1.76794294215
87 86 1.88564719359
88 87 1.94692994512
89 88 2.05947778866
90 89 2.04762412671
91 90 2.07614960273
92 91 1.97360058107
93 92 1.96490007604
94 93 2.03052028098
95 94 1.93285773743
96 95 1.94122828448
97 96 1.88457789153
98 97 1.77837248259
99 98 1.77752497003
100 99 1.68789782519
101 100 1.64123405086
102 101 1.57062297869
103 102 1.51941562542
104 103 1.42990965462
105 104 1.43424846459
106 105 1.35792581336
107 106 1.35390818662
108 107 1.3941011322
109 108 1.40509734583
110 109 1.4273370455
111 110 1.37128680389
112 111 1.34503674761
113 112 1.30818210781
114 113 1.31691275465
115 114 1.30527236358
116 115 1.34428408774
117 116 1.3254551048
118 117 1.36404143148
119 118 1.44436819415
120 119 1.45842489066
121 120 1.40722551351
122 121 1.45198411375
123 122 1.44034023587
124 123 1.35950302816
125 124 1.3200005142
126 125 1.27390825223
127 126 1.28271703896
128 127 1.27213872952
129 128 1.31969153509
130 129 1.35793385723
131 130 1.32689303837
132 131 1.28068347531
133 132 1.24978909886
134 133 1.23252331797
135 134 1.25017244637
136 135 1.26653231932
137 136 1.32323177246
138 137 1.37326732938
139 138 1.45880332771
140 139 1.46824086675
141 140 1.56767229965
142 141 1.59873443857
143 142 1.69368848619
144 143 1.6474580434
145 144 1.60434025684
146 145 1.58352761249
147 146 1.52549199325
148 147 1.44261323189
149 148 1.37663960201
150 149 1.30852686771
151 150 1.27963902566
152 151 1.23518050402
153 152 1.22121494224
154 153 1.210273491
155 154 1.22982138472
156 155 1.23277999946
157 156 1.27746439983
158 157 1.30709818229
159 158 1.37404276754
160 159 1.39081922566
161 160 1.48269474056
162 161 1.53431801126
163 162 1.59117762658
164 163 1.52986638085
165 164 1.53057947684
166 165 1.46316616514
167 166 1.39063632125
168 167 1.32623598339
169 168 1.27532186253
170 169 1.24603763189
171 170 1.23140699312
172 171 1.23145646832
173 172 1.24794307826
174 173 1.26440559089
175 174 1.31243670775
176 175 1.35050657975
177 176 1.41974171579
178 177 1.44843167113
179 178 1.38078843435
180 179 1.35070608358
181 180 1.30363317975
182 181 1.25314530815
183 182 1.2240883721
184 183 1.20760357269
185 184 1.21031699217
186 185 1.22881274447
187 186 1.26330166031
188 187 1.30836619617
189 188 1.31151848103
190 189 1.27244787988
191 190 1.23106223895
192 191 1.22185769251
193 192 1.21828727375
194 193 1.22058017557
195 194 1.25240756345
196 195 1.27399681061
197 196 1.30166075424
198 197 1.35795090855
199 198 1.31201905259
200 199 1.29409891114
201 200 1.24521772978
202 201 1.22701611546
203 202 1.23552674552
204 203 1.23746978625
205 204 1.2673682049
206 205 1.26778429931
207 206 1.25751243761
208 207 1.25169424217
209 208 1.29781202057
210 209 1.31868358933
211 210 1.30246924797
212 211 1.36574391863
213 212 1.36088305338
214 213 1.32811943475
215 214 1.26980506822
216 215 1.28226001743
217 216 1.24393295622
218 217 1.21549663198
219 218 1.21962717836
220 219 1.22853179858
221 220 1.25279443765
222 221 1.30739922221
223 222 1.332916904
224 223 1.39981853511
225 224 1.44559060424
226 225 1.39928063353
227 226 1.41874070695
228 227 1.34854789017
229 228 1.28639703527
230 229 1.24606483807
231 230 1.21601528215
232 231 1.20635008464
233 232 1.21433748778
234 233 1.2370872105
235 234 1.27336279103
236 235 1.3332851173
237 236 1.35008032384
238 237 1.31389237792
239 238 1.26861539303
240 239 1.22762224285
241 240 1.22705458951
242 241 1.22252152196
243 242 1.24380522129
244 243 1.27911910609
245 244 1.29180938299
246 245 1.35494543888
247 246 1.38593121318
248 247 1.47056365831
249 248 2.50544958711
250 248 2.50544958711
251 248 2.50544958711
252 248 2.50544958711
253 248 2.50544958711
254 248 2.50544958711
255 248 2.50544958711
256 248 2.50544958711
257 248 2.50544958711
258 248 2.50544958711
259 248 2.50544958711
260 248 2.50544958711
261 248 2.50544958711
262 248 2.50544958711
263 248 2.50544958711
264 248 2.50544958711
265 248 2.50544958711
266 248 2.50544958711
267 248 2.50544958711
268 248 2.50544958711
269 248 2.50544958711
270 248 2.50544958711
271 248 2.50544958711
272 248 2.50544958711
273 248 2.50544958711
274 248 2.50544958711
275 248 2.50544958711
276 248 2.50544958711
277 248 2.50544958711
278 248 2.50544958711
279 248 2.50544958711
280 248 2.50544958711
281 248 2.50544958711
282 248 2.50544958711
283 248 2.50544958711
284 248 2.50544958711
285 248 2.50544958711
286 248 2.50544958711
287 248 2.50544958711
288 249 1.39327212089
289 250 1.37527947129
290 251 1.35211933628
291 252 1.38473783676
292 253 1.33890287546
293 254 1.35761551605
294 255 1.31492906445
295 256 1.32308611897
296 257 1.28933028566
297 258 1.27775488679
298 259 1.25248911739
299 260 1.25457115067
300 261 1.24422396064
301 262 1.27710524614
302 263 1.25944073734
303 264 1.2835708338
304 265 1.34018614415
305 266 1.36296603602
306 267 1.33381612017
307 268 1.27848963511
308 269 1.29860098086
309 270 1.26985892136
310 271 1.23146552405
311 272 1.24545260703
312 273 1.2545335121
313 274 1.29786295059
314 275 1.35461714112
315 276 1.35526229814
316 277 1.29067039991
317 278 1.29361648064
318 279 1.25544393649
319 280 1.22575966133
320 281 1.23116415545
321 282 1.23342144478
322 283 1.27539832957
323 284 1.3119895162
324 285 1.37568403198
325 286 1.3575683226
326 287 1.36861683595
327 288 1.30542428297
328 289 1.27127665463
329 290 1.22982805526
330 291 1.22478860241
331 292 1.21369599554
332 293 1.23824275623
333 294 1.26040079045
334 295 1.29032343022
335 296 1.35712670619
336 297 1.36262354836
337 298 1.31332053321
338 299 1.27735738409
339 300 1.23371257559
340 301 1.2200865633
341 302 1.20630470474
342 303 1.21673171724
343 304 1.22369535638
344 305 1.2413543765
345 306 1.28841682832
346 307 1.33756292488
347 308 5.02133701036
348 308 5.02133701036
349 308 5.02133701036
