1 0 5.42747395559
2 0 5.42747395559
3 0 5.42747395559
4 0 5.42747395559
5 0 5.42747395559
6 0 5.42747395559
7 0 5.42747395559
8 0 5.42747395559
9 0 5.42747395559
10 0 5.42747395559
11 0 5.42747395559
12 0 5.42747395559
13 0 5.42747395559
14 0 5.42747395559
15 0 5.42747395559
16 0 5.42747395559
17 0 5.42747395559
18 0 5.42747395559
19 0 5.42747395559
20 0 5.42747395559
21 0 5.42747395559
22 0 5.42747395559
23 0 5.42747395559
24 0 5.42747395559
25 0 5.42747395559
26 0 5.42747395559
27 0 5.42747395559
28 0 5.42747395559
29 0 5.42747395559
30 0 5.42747395559
31 0 5.42747395559
32 0 5.42747395559
33 0 5.42747395559
34 0 5.42747395559
35 0 5.42747395559
36 0 5.42747395559
37 0 5.42747395559
38 0 5.42747395559
39 0 5.42747395559
40 0 5.42747395559
41 0 5.42747395559
42 0 5.42747395559
43 0 5.42747395559
44 0 5.42747395559
45 0 5.42747395559
46 0 5.42747395559
47 0 5.42747395559
48 0 5.42747395559
49 0 5.42747395559
50 0 5.42747395559
51 0 5.42747395559
52 0 5.42747395559
53 0 5.42747395559
54 1 1.0734802945
55 2 1.19649879484
56 3 1.19506568519
57 4 1.09863216829
58 5 1.12084632819
59 6 1.06551563099
60 7 1.00553376865
61 8 0.951315604172
62 9 0.927979355617
63 10 0.882363953989
64 11 0.86644070063
65 12 0.777629595894
66 13 0.707863207354
67 14 0.631555735642
68 15 0.654261195894
69 16 0.621651560455
70 17 0.563464218132
71 18 0.495283497726
72 19 0.490743521355
73 20 0.548046026539
74 21 0.533804835328
75 22 0.588147734063
76 23 0.562687357125
77 24 0.568121690758
78 25 0.591606743085
79 26 0.669694241787
80 27 0.747857530561
81 28 0.825600149722
82 29 0.794489912179
83 30 0.720681419514
84 31 0.650078886112
85 32 0.572755041267
86 33 0.574942333764
87 34 0.512888739225
88 35 0.532232682385
89 36 0.486700663177
90 37 0.533061141752
91 38 0.520130178302
92 39 0.581282441902
93 40 0.567537031802
94 41 0.646710653725
95 42 0.669405594392
96 43 0.760374247706
97 44 0.821583570186
98 45 0.873259311713
99 46 0.945877254124
100 47 0.983390485998
101 48 0.992518929491
102 49 1.07733638547
103 50 1.09453369633
104 51 1.0006579196
105 52 0.95599945204
106 53 0.847155271456
107 54 0.81156824159
108 55 0.760571128561
109 56 0.73137966024
110 57 0.658690512939
111 58 0.636938103308
112 59 0.554265188952
113 60 0.529879782096
114 61 0.515706286163
115 62 0.440274692942
116 63 0.426916761449
117 64 0.422934366866
118 65 0.41636068197
119 66 0.410624922515
120 67 0.425961524925
121 68 0.426395947941
122 69 0.455028460054
123 70 0.429313499707
124 71 0.478812018364
125 72 0.44506112292
126 73 0.491599235663
127 74 0.53168671074
128 75 0.536766567362
129 76 0.511673664502
130 77 0.479124149479
131 78 0.427284647461
132 79 0.41556910011
133 80 0.395712731347
134 81 0.399842933362
135 82 0.393993790629
136 83 0.439484010558
137 84 0.44194160278
138 85 0.468753288661
139 86 0.447309750152
140 87 0.484224315372
141 88 0.499482903696
142 89 0.571284125641
143 90 0.617666592592
144 91 0.640716845889
145 92 0.719281072025
146 93 0.765810431414
147 94 0.724131268114
148 95 0.701519184942
149 96 0.63938802307
150 97 0.675193056365
151 98 0.638597291428
152 99 0.582054753606
153 100 0.572266991262
154 101 0.573300276369
155 102 0.547941579074
156 103 0.51153422758
157 104 0.520707160661
158 105 0.550129517193
159 106 0.476009450652
160 107 0.415926949151
161 108 0.407897241744
162 109 0.42697778174
163 110 0.421434702116
164 111 0.401833888653
165 112 0.417266256171
166 113 0.397148917932
167 114 0.41569225988
168 115 0.40699347406
169 116 0.401422972277
170 117 0.421882599531
171 118 0.436039186974
172 119 0.448406271674
173 120 0.422846516007
174 121 0.450314244215
175 122 0.439900239921
176 123 0.47872194338
177 124 0.47789415664
178 125 0.506108099122
179 126 0.564123417442
180 127 0.617683879364
181 128 0.611371211171
182 129 0.558027958433
183 130 0.548348936785
184 131 0.530965111567
185 132 0.514661498617
186 133 0.527080169767
187 134 0.513001290875
188 135 0.56014093387
189 136 0.638916515804
190 137 0.659325434198
191 138 0.576670506392
192 139 0.646174604013
193 140 0.630388242297
194 141 0.655595683616
195 142 0.679999580003
196 143 0.677225582368
197 144 0.693173212589
198 145 0.753857881827
199 146 0.819408961828
200 147 0.750335434252
201 148 0.774498236578
202 149 0.675711132644
203 150 0.574735247823
204 151 0.561003837657
205 152 0.534342206889
206 153 0.526602108804
207 154 0.517995572827
208 155 0.53002674411
209 156 0.530463952619
210 157 0.606410355163
211 158 0.574165999881
212 159 0.628178388204
213 160 0.613272345212
214 161 0.534515565535
215 162 0.591979218925
216 163 0.640536141479
217 164 0.605227794656
218 165 0.648795649225
219 166 0.627010340893
220 167 0.657867271339
221 168 0.663646278669
222 169 0.686063114667
223 170 0.777711425073
224 171 0.828197934774
225 172 0.832968644236
226 173 0.780773842265
227 174 0.77194915984
228 175 0.762781765644
229 176 0.727328229909
230 177 0.713567758376
231 178 0.664211172244
232 179 0.753085604432
233 180 0.822510878715
234 181 0.872460439175
235 182 0.881461439931
236 183 0.846615928138
237 184 0.900410328551
238 185 0.934462011341
239 186 0.917129507185
240 187 0.941837134002
241 188 0.986211425707
242 189 0.955734115522
243 190 1.02707426239
244 191 0.937556165133
245 192 0.934880891159
246 193 0.83446201828
247 194 0.757595221539
248 195 0.731416266017
249 196 0.646405640598
250 197 0.638089960616
251 198 0.673385310721
252 199 0.669884844317
253 200 0.706126608807
254 201 0.775315180042
255 202 0.726872274129
256 203 0.818540382415
257 204 0.928965254543
258 205 0.876098895806
259 206 0.911530745166
260 207 0.871739886658
261 208 0.820069708448
262 209 0.872182168796
263 210 0.814124480355
264 211 0.83541916751
265 212 0.798178694816
266 213 0.792514669976
267 214 0.79181224903
268 215 0.791215167109
269 216 0.905957540618
270 217 0.923246679324
271 218 0.969642771357
272 219 0.926693410542
273 220 0.966649066954
274 221 0.97103425239
275 222 0.97436505708
276 223 1.03076012916
277 224 0.952845725767
278 225 1.03880936166
279 226 2.82468819769
280 226 2.82468819769
281 226 2.82468819769
282 226 2.82468819769
283 226 2.82468819769
284 226 2.82468819769
285 226 2.82468819769
286 226 2.82468819769
287 226 2.82468819769
288 226 2.82468819769
289 226 2.82468819769
290 227 1.18358136685
291 228 1.09248264586
292 229 1.14355374037
293 230 1.09372061081
294 231 1.1391911325
295 232 1.14257414839
296 233 1.09979664061
297 234 1.08093276021
298 235 1.09473091341
299 236 1.10198954456
300 237 1.00577502183
301 238 1.01047301864
302 239 0.887901376877
303 240 0.799056822581
304 241 0.790544947185
305 242 0.682712844872
306 243 0.694532878468
307 244 0.767302081264
308 245 0.744076420442
309 246 0.797813507993
310 247 0.800854538474
311 248 0.753492470841
312 249 0.857119394118
313 250 0.93488749594
314 251 1.05848812104
315 252 2.30535195818
316 252 2.30535195818
317 252 2.30535195818
318 252 2.30535195818
319 252 2.30535195818
320 252 2.30535195818
321 252 2.30535195818
322 252 2.30535195818
323 252 2.30535195818
324 252 2.30535195818
325 253 0.9678339302
326 254 0.895459546947
327 255 0.873218023825
328 256 0.841028457745
329 257 0.815145022215
330 258 0.801062290771
331 259 0.784735404733
332 260 0.902357136905
333 261 0.886605978609
334 262 0.948741253632
335 263 0.923686648035
336 264 0.991756760412
337 265 1.01440718023
338 266 1.05928587482
339 267 1.14022671983
340 268 1.08496508933
341 269 1.18648824059
342 270 1.25739447154
343 271 1.15972910977
344 272 1.23510999618
345 273 2.74795044056
346 273 2.74795044056
347 273 2.74795044056
348 273 2.74795044056
349 273 2.74795044056
350 273 2.74795044056
351 273 2.74795044056
352 273 2.74795044056
353 273 2.74795044056
354 273 2.74795044056
355 273 2.74795044056
356 273 2.74795044056
357 273 2.74795044056
358 273 2.74795044056
359 273 2.74795044056
360 273 2.74795044056
361 273 2.74795044056
362 273 2.74795044056
363 273 2.74795044056
364 273 2.74795044056
365 273 2.74795044056
366 273 2.74795044056
367 273 2.74795044056
368 273 2.74795044056
369 273 2.74795044056
370 273 2.74795044056
371 273 2.74795044056
372 273 2.74795044056
373 273 2.74795044056
374 273 2.74795044056
375 273 2.74795044056
376 273 2.74795044056
377 273 2.74795044056
378 273 2.74795044056
379 273 2.74795044056
380 273 2.74795044056
381 273 2.74795044056
382 273 2.74795044056
383 273 2.74795044056
384 273 2.74795044056
385 273 2.74795044056
386 273 2.74795044056
387 273 2.74795044056
388 273 2.74795044056
389 273 2.74795044056
390 274 1.2417290277
391 275 1.1555848564
392 276 1.16919997576
393 277 1.11009690719
394 278 1.06584009976
395 279 1.04181407073
396 280 0.982527971646
397 281 0.994461794015
398 282 0.881878566134
399 283 0.834373189918
400 284 0.76026763289
401 285 0.729984022883
402 286 0.621273256305
403 287 0.601825351901
404 288 0.641627589439
405 289 0.61712913379
406 290 0.635842881295
407 291 0.726628863931
408 292 0.684951141706
409 293 0.681796581701
410 294 0.786471170453
411 295 0.878767053608
412 296 0.848775631513
413 297 0.7923766211
414 298 0.742350283492
415 299 0.726767929922
416 300 0.683922311372
417 301 0.714518381102
418 302 0.691000008349
419 303 0.781313745565
420 304 0.783971127455
421 305 0.761897812673
422 306 0.844338505435
423 307 0.841731902973
424 308 0.922021723232
425 309 3.70625622029
426 309 3.70625622029
427 309 3.70625622029
428 309 3.70625622029
429 309 3.70625622029
430 310 1.48513518213
431 311 1.42540245347
432 312 1.46079067571
433 313 1.50631954596
434 314 1.45593240406
435 315 1.44185929929
436 316 1.51058040504
437 317 1.50429235438
438 318 1.45732810687
439 319 1.51009959445
440 320 1.56668032316
441 321 1.52046196141
442 322 1.47465794319
443 323 1.41599946373
444 324 1.44428536812
445 325 1.49242307774
446 326 1.46569476969
447 327 1.41041500285
448 328 1.39220151914
449 329 1.39086220286
450 330 1.38238145532
451 331 1.37091606175
452 332 1.39771337047
453 333 1.44827793752
454 334 1.42645824294
455 335 1.45301154065
456 336 1.45502692639
457 337 1.48991468073
458 338 1.53135441966
459 339 1.5503587276
460 340 1.63331573254
461 341 1.66337931327
462 342 1.7509774491
463 343 1.78041333621
464 344 1.76381400175
465 345 1.8233367529
466 346 1.86068169587
467 347 1.80360718608
468 348 1.72266458547
469 349 1.71865146034
470 350 1.6909642623
471 351 1.71851067024
472 352 1.66288159533
473 353 1.69625189977
474 354 1.63681780856
475 355 1.63390364851
476 356 1.56477030885
477 357 1.59402446196
478 358 1.54983612762
479 359 1.56412967654
480 360 1.53787793957
481 361 1.54122013065
482 362 1.59282297829
483 363 1.59177592788
484 364 1.65651746631
485 365 1.62802068104
486 366 1.64467413602
487 367 1.70335247776
488 368 1.79731531678
489 369 1.82143923366
490 370 1.76657495624
491 371 1.74355967918
492 372 1.66413125008
493 373 1.66077168903
494 374 1.67338035718
495 375 1.66187203718
496 376 1.64281284622
497 377 1.5685859134
498 378 1.58143945272
499 379 1.63702858406
500 380 1.64496300766
501 381 1.72112492305
502 382 1.77585409899
503 383 1.8450699269
504 384 1.85583421538
505 385 1.94519987918
506 386 1.89849383458
507 387 1.82266161657
508 388 1.89758252772
509 389 1.94685131475
510 390 1.85839927076
511 391 1.84717511565
512 392 1.9466613175
513 393 1.93660013725
514 394 1.85052973064
515 395 1.90387222982
516 396 1.97327990423
517 397 1.90304877366
518 398 1.82137583205
519 399 1.88266334194
520 400 1.94352620386
521 401 1.88121887594
522 402 1.90625530827
523 403 1.82459047597
524 404 1.81017305518
525 405 1.75558749688
526 406 1.6984125967
527 407 1.6503699221
528 408 1.70258469553
529 409 1.63662765961
530 410 1.67214130678
531 411 1.76074799306
532 412 1.73835298144
533 413 1.70178978759
534 414 1.78027554336
535 415 1.84696556946
536 416 1.80110276574
537 417 5.79630437853
538 417 5.79630437853
539 417 5.79630437853
540 417 5.79630437853
541 417 5.79630437853
542 417 5.79630437853
543 417 5.79630437853
544 417 5.79630437853
545 417 5.79630437853
546 417 5.79630437853
547 417 5.79630437853
548 417 5.79630437853
549 417 5.79630437853
550 417 5.79630437853
551 417 5.79630437853
552 417 5.79630437853
553 417 5.79630437853
554 417 5.79630437853
555 417 5.79630437853
556 417 5.79630437853
557 417 5.79630437853
558 417 5.79630437853
559 417 5.79630437853
560 417 5.79630437853
561 417 5.79630437853
562 417 5.79630437853
563 417 5.79630437853
564 417 5.79630437853
565 417 5.79630437853
566 417 5.79630437853
567 417 5.79630437853
568 417 5.79630437853
569 417 5.79630437853
570 417 5.79630437853
571 417 5.79630437853
572 417 5.79630437853
573 417 5.79630437853
574 417 5.79630437853
575 417 5.79630437853
576 417 5.79630437853
577 417 5.79630437853
578 417 5.79630437853
579 417 5.79630437853
580 417 5.79630437853
581 417 5.79630437853
582 417 5.79630437853
583 417 5.79630437853
584 417 5.79630437853
585 417 5.79630437853
586 417 5.79630437853
587 417 5.79630437853
588 417 5.79630437853
589 417 5.79630437853
590 417 5.79630437853
591 417 5.79630437853
592 417 5.79630437853
593 417 5.79630437853
594 417 5.79630437853
595 417 5.79630437853
596 417 5.79630437853
597 417 5.79630437853
598 417 5.79630437853
599 417 5.79630437853
600 417 5.79630437853
601 417 5.79630437853
602 417 5.79630437853
603 417 5.79630437853
604 417 5.79630437853
605 417 5.79630437853
606 417 5.79630437853
607 417 5.79630437853
608 417 5.79630437853
609 417 5.79630437853
610 417 5.79630437853
611 417 5.79630437853
612 417 5.79630437853
613 417 5.79630437853
614 417 5.79630437853
615 417 5.79630437853
616 418 0.816509521044
617 418 0.816509521044
618 418 0.816509521044
619 418 0.816509521044
620 418 0.816509521044
621 418 0.816509521044
622 418 0.816509521044
623 418 0.816509521044
624 418 0.816509521044
625 418 0.816509521044
626 418 0.816509521044
627 418 0.816509521044
628 418 0.816509521044
629 418 0.816509521044
630 418 0.816509521044
631 418 0.816509521044
632 418 0.816509521044
633 418 0.816509521044
634 418 0.816509521044
635 418 0.816509521044
636 418 0.816509521044
637 418 0.816509521044
638 418 0.816509521044
639 418 0.816509521044
640 418 0.816509521044
641 418 0.816509521044
642 418 0.816509521044
643 418 0.816509521044
644 418 0.816509521044
645 418 0.816509521044
646 418 0.816509521044
647 418 0.816509521044
648 418 0.816509521044
649 418 0.816509521044
650 418 0.816509521044
651 418 0.816509521044
652 418 0.816509521044
653 418 0.816509521044
654 418 0.816509521044
655 418 0.816509521044
656 418 0.816509521044
657 418 0.816509521044
658 418 0.816509521044
659 418 0.816509521044
660 418 0.816509521044
661 418 0.816509521044
662 418 0.816509521044
663 418 0.816509521044
664 418 0.816509521044
665 418 0.816509521044
666 418 0.816509521044
667 418 0.816509521044
668 418 0.816509521044
669 418 0.816509521044
670 418 0.816509521044
671 418 0.816509521044
672 418 0.816509521044
673 418 0.816509521044
674 418 0.816509521044
675 418 0.816509521044
676 418 0.816509521044
677 418 0.816509521044
678 418 0.816509521044
679 418 0.816509521044
680 418 0.816509521044
681 418 0.816509521044
682 418 0.816509521044
683 418 0.816509521044
684 418 0.816509521044
685 418 0.816509521044
686 418 0.816509521044
687 418 0.816509521044
688 418 0.816509521044
689 418 0.816509521044
690 418 0.816509521044
691 418 0.816509521044
692 418 0.816509521044
693 418 0.816509521044
694 418 0.816509521044
695 419 2.32582064704
696 419 2.32582064704
697 419 2.32582064704
698 419 2.32582064704
699 419 2.32582064704
700 419 2.32582064704
701 419 2.32582064704
702 419 2.32582064704
703 419 2.32582064704
704 419 2.32582064704
705 419 2.32582064704
706 419 2.32582064704
707 419 2.32582064704
708 419 2.32582064704
709 419 2.32582064704
710 419 2.32582064704
711 419 2.32582064704
712 419 2.32582064704
713 419 2.32582064704
714 419 2.32582064704
715 419 2.32582064704
716 419 2.32582064704
717 419 2.32582064704
718 419 2.32582064704
719 419 2.32582064704
720 419 2.32582064704
721 419 2.32582064704
722 419 2.32582064704
723 419 2.32582064704
724 419 2.32582064704
725 419 2.32582064704
726 419 2.32582064704
727 419 2.32582064704
728 419 2.32582064704
729 419 2.32582064704
730 419 2.32582064704
731 419 2.32582064704
732 419 2.32582064704
733 419 2.32582064704
734 419 2.32582064704
735 419 2.32582064704
736 419 2.32582064704
737 419 2.32582064704
738 419 2.32582064704
739 419 2.32582064704
740 419 2.32582064704
741 419 2.32582064704
742 419 2.32582064704
743 419 2.32582064704
744 419 2.32582064704
745 419 2.32582064704
746 419 2.32582064704
747 419 2.32582064704
748 419 2.32582064704
749 419 2.32582064704
750 419 2.32582064704
751 419 2.32582064704
752 419 2.32582064704
753 419 2.32582064704
754 419 2.32582064704
755 419 2.32582064704
756 419 2.32582064704
757 419 2.32582064704
758 419 2.32582064704
759 419 2.32582064704
760 419 2.32582064704
761 419 2.32582064704
762 419 2.32582064704
763 419 2.32582064704
764 419 2.32582064704
765 419 2.32582064704
766 419 2.32582064704
767 419 2.32582064704
768 419 2.32582064704
769 419 2.32582064704
770 419 2.32582064704
771 419 2.32582064704
772 419 2.32582064704
773 420 0.707355467985
774 420 0.707355467985
775 420 0.707355467985
776 420 0.707355467985
777 420 0.707355467985
778 420 0.707355467985
779 420 0.707355467985
780 420 0.707355467985
781 420 0.707355467985
782 420 0.707355467985
783 420 0.707355467985
784 420 0.707355467985
785 420 0.707355467985
786 420 0.707355467985
787 420 0.707355467985
788 420 0.707355467985
789 420 0.707355467985
790 420 0.707355467985
791 420 0.707355467985
792 420 0.707355467985
793 420 0.707355467985
794 420 0.707355467985
795 420 0.707355467985
796 420 0.707355467985
797 420 0.707355467985
798 420 0.707355467985
799 420 0.707355467985
800 420 0.707355467985
801 420 0.707355467985
802 420 0.707355467985
803 420 0.707355467985
804 420 0.707355467985
805 420 0.707355467985
806 420 0.707355467985
807 420 0.707355467985
808 420 0.707355467985
809 420 0.707355467985
810 420 0.707355467985
811 420 0.707355467985
812 420 0.707355467985
813 420 0.707355467985
814 420 0.707355467985
815 420 0.707355467985
816 420 0.707355467985
817 420 0.707355467985
818 420 0.707355467985
819 420 0.707355467985
820 420 0.707355467985
821 420 0.707355467985
822 420 0.707355467985
823 420 0.707355467985
824 420 0.707355467985
825 420 0.707355467985
826 421 6.27901389676
827 421 6.27901389676
828 421 6.27901389676
829 421 6.27901389676
830 421 6.27901389676
831 421 6.27901389676
832 421 6.27901389676
833 421 6.27901389676
834 421 6.27901389676
835 421 6.27901389676
836 421 6.27901389676
837 421 6.27901389676
838 421 6.27901389676
839 421 6.27901389676
840 421 6.27901389676
841 421 6.27901389676
842 421 6.27901389676
843 421 6.27901389676
844 421 6.27901389676
845 421 6.27901389676
846 421 6.27901389676
847 421 6.27901389676
848 421 6.27901389676
849 421 6.27901389676
850 421 6.27901389676
851 421 6.27901389676
852 421 6.27901389676
853 421 6.27901389676
854 421 6.27901389676
855 421 6.27901389676
856 421 6.27901389676
857 421 6.27901389676
858 421 6.27901389676
859 421 6.27901389676
860 421 6.27901389676
861 421 6.27901389676
862 421 6.27901389676
863 421 6.27901389676
864 421 6.27901389676
865 421 6.27901389676
866 421 6.27901389676
867 421 6.27901389676
868 421 6.27901389676
869 421 6.27901389676
870 421 6.27901389676
871 421 6.27901389676
872 421 6.27901389676
873 421 6.27901389676
874 421 6.27901389676
875 421 6.27901389676
876 421 6.27901389676
877 421 6.27901389676
878 421 6.27901389676
879 422 9.12944408186
880 422 9.12944408186
881 422 9.12944408186
882 422 9.12944408186
883 422 9.12944408186
884 422 9.12944408186
885 422 9.12944408186
886 422 9.12944408186
887 422 9.12944408186
888 422 9.12944408186
889 422 9.12944408186
890 422 9.12944408186
891 422 9.12944408186
892 422 9.12944408186
893 422 9.12944408186
894 422 9.12944408186
895 422 9.12944408186
896 422 9.12944408186
897 422 9.12944408186
898 422 9.12944408186
899 422 9.12944408186
900 422 9.12944408186
901 422 9.12944408186
902 422 9.12944408186
903 422 9.12944408186
904 422 9.12944408186
905 422 9.12944408186
906 422 9.12944408186
907 422 9.12944408186
908 422 9.12944408186
909 422 9.12944408186
910 422 9.12944408186
911 422 9.12944408186
912 422 9.12944408186
913 422 9.12944408186
914 422 9.12944408186
915 422 9.12944408186
916 422 9.12944408186
917 422 9.12944408186
918 422 9.12944408186
919 422 9.12944408186
920 422 9.12944408186
921 422 9.12944408186
922 422 9.12944408186
923 422 9.12944408186
924 422 9.12944408186
925 422 9.12944408186
926 422 9.12944408186
927 422 9.12944408186
928 422 9.12944408186
929 422 9.12944408186
930 422 9.12944408186
931 422 9.12944408186
932 422 9.12944408186
933 422 9.12944408186
934 422 9.12944408186
935 422 9.12944408186
936 422 9.12944408186
937 422 9.12944408186
938 423 0.93646711588
939 423 0.93646711588
940 423 0.93646711588
941 423 0.93646711588
942 423 0.93646711588
943 423 0.93646711588
944 423 0.93646711588
945 423 0.93646711588
946 423 0.93646711588
947 423 0.93646711588
948 423 0.93646711588
949 423 0.93646711588
950 423 0.93646711588
951 423 0.93646711588
952 423 0.93646711588
953 423 0.93646711588
954 423 0.93646711588
955 423 0.93646711588
956 423 0.93646711588
957 423 0.93646711588
958 423 0.93646711588
959 423 0.93646711588
960 423 0.93646711588
961 423 0.93646711588
962 423 0.93646711588
963 423 0.93646711588
964 423 0.93646711588
965 423 0.93646711588
966 423 0.93646711588
967 423 0.93646711588
968 423 0.93646711588
969 423 0.93646711588
970 423 0.93646711588
971 423 0.93646711588
972 423 0.93646711588
973 423 0.93646711588
974 423 0.93646711588
975 423 0.93646711588
976 423 0.93646711588
977 423 0.93646711588
978 423 0.93646711588
979 423 0.93646711588
980 423 0.93646711588
981 423 0.93646711588
982 423 0.93646711588
983 423 0.93646711588
984 423 0.93646711588
985 423 0.93646711588
986 423 0.93646711588
987 423 0.93646711588
988 423 0.93646711588
989 423 0.93646711588
990 423 0.93646711588
991 423 0.93646711588
992 423 0.93646711588
993 423 0.93646711588
994 423 0.93646711588
995 423 0.93646711588
996 424 4.87393320579
997 424 4.87393320579
998 424 4.87393320579
999 424 4.87393320579
1000 424 4.87393320579
1001 424 4.87393320579
1002 424 4.87393320579
1003 424 4.87393320579
1004 424 4.87393320579
1005 424 4.87393320579
1006 424 4.87393320579
1007 424 4.87393320579
1008 424 4.87393320579
1009 424 4.87393320579
1010 424 4.87393320579
1011 424 4.87393320579
1012 424 4.87393320579
1013 424 4.87393320579
1014 424 4.87393320579
1015 424 4.87393320579
1016 424 4.87393320579
1017 424 4.87393320579
1018 424 4.87393320579
1019 424 4.87393320579
1020 424 4.87393320579
1021 424 4.87393320579
1022 424 4.87393320579
1023 424 4.87393320579
1024 424 4.87393320579
1025 424 4.87393320579
1026 424 4.87393320579
1027 424 4.87393320579
1028 424 4.87393320579
1029 424 4.87393320579
1030 424 4.87393320579
1031 424 4.87393320579
1032 424 4.87393320579
1033 424 4.87393320579
1034 424 4.87393320579
1035 424 4.87393320579
1036 424 4.87393320579
1037 424 4.87393320579
1038 424 4.87393320579
1039 424 4.87393320579
1040 424 4.87393320579
1041 424 4.87393320579
1042 424 4.87393320579
1043 424 4.87393320579
1044 424 4.87393320579
1045 424 4.87393320579
1046 424 4.87393320579
1047 424 4.87393320579
1048 424 4.87393320579
1049 424 4.87393320579
1050 424 4.87393320579
1051 424 4.87393320579
1052 424 4.87393320579
1053 424 4.87393320579
1054 424 4.87393320579
1055 424 4.87393320579
1056 424 4.87393320579
1057 424 4.87393320579
1058 424 4.87393320579
1059 424 4.87393320579
1060 424 4.87393320579
1061 424 4.87393320579
1062 424 4.87393320579
1063 424 4.87393320579
1064 424 4.87393320579
1065 424 4.87393320579
1066 424 4.87393320579
1067 424 4.87393320579
1068 424 4.87393320579
1069 424 4.87393320579
1070 424 4.87393320579
1071 424 4.87393320579
1072 424 4.87393320579
1073 424 4.87393320579
1074 424 4.87393320579
1075 424 4.87393320579
1076 424 4.87393320579
1077 424 4.87393320579
1078 424 4.87393320579
1079 424 4.87393320579
1080 424 4.87393320579
1081 424 4.87393320579
1082 424 4.87393320579
1083 424 4.87393320579
1084 424 4.87393320579
1085 424 4.87393320579
1086 424 4.87393320579
1087 424 4.87393320579
1088 424 4.87393320579
1089 424 4.87393320579
1090 424 4.87393320579
1091 424 4.87393320579
1092 425 4.00608261793
1093 426 3.91261681399
1094 427 3.52250819014
1095 428 3.47382365109
1096 429 3.11004718348
1097 430 3.1001165696
1098 431 3.18156727832
1099 432 3.57335047079
1100 433 3.63562124268
1101 434 3.40396624695
1102 435 3.41906781939
1103 436 3.06165177198
1104 437 2.78640469041
1105 438 2.54023685856
1106 439 2.16956273441
1107 440 1.8504473074
1108 441 2.01021193576
1109 442 2.16695802577
1110 443 2.3730336501
1111 444 2.58150076411
1112 445 2.58775274517
1113 446 2.94093720529
1114 447 2.95783846535
1115 448 3.20237287725
1116 449 2.96278720678
1117 450 2.97097636283
1118 451 2.75409948617
1119 452 2.89446231046
1120 453 2.80086537299
1121 454 2.80540367534
1122 455 3.04841734028
1123 456 3.27955930154
1124 457 3.27818906856
1125 458 3.46180431691
1126 459 3.73208812315
1127 460 3.85175829937
1128 461 3.87316657807
1129 462 4.14919475525
1130 463 4.35966339106
1131 464 4.35124581118
1132 465 4.2592919058
1133 466 3.96620959624
1134 467 3.7430927927
1135 468 4.03419745026
1136 469 3.83220345343
1137 470 3.80719730923
1138 471 3.88254833206
1139 472 4.19337472984
1140 473 9.85787102953
1141 473 9.85787102953
1142 473 9.85787102953
1143 473 9.85787102953
1144 473 9.85787102953
1145 473 9.85787102953
1146 473 9.85787102953
1147 473 9.85787102953
1148 473 9.85787102953
