1 0 6.55986572781
2 0 6.55986572781
3 0 6.55986572781
4 0 6.55986572781
5 0 6.55986572781
6 0 6.55986572781
7 0 6.55986572781
8 0 6.55986572781
9 0 6.55986572781
10 0 6.55986572781
11 0 6.55986572781
12 0 6.55986572781
13 0 6.55986572781
14 0 6.55986572781
15 0 6.55986572781
16 0 6.55986572781
17 0 6.55986572781
18 0 6.55986572781
19 0 6.55986572781
20 0 6.55986572781
21 0 6.55986572781
22 0 6.55986572781
23 0 6.55986572781
24 0 6.55986572781
25 0 6.55986572781
26 0 6.55986572781
27 0 6.55986572781
28 0 6.55986572781
29 0 6.55986572781
30 0 6.55986572781
31 0 6.55986572781
32 0 6.55986572781
33 0 6.55986572781
34 0 6.55986572781
35 0 6.55986572781
36 0 6.55986572781
37 0 6.55986572781
38 0 6.55986572781
39 0 6.55986572781
40 0 6.55986572781
41 0 6.55986572781
42 0 6.55986572781
43 0 6.55986572781
44 0 6.55986572781
45 1 3.39404310363
46 2 3.1546753664
47 3 3.06666389527
48 4 2.78190835936
49 5 2.43636873728
50 6 2.20001816233
51 7 1.86950457589
52 8 1.69231495557
53 9 1.42809422727
54 10 1.39938847631
55 11 1.61854332178
56 12 1.54030083397
57 13 1.83234525026
58 14 2.16528976766
59 15 2.49000881247
60 16 2.84320792316
61 17 3.09008429462
62 18 3.38981319982
63 19 3.63286771198
64 20 3.50624019718
65 21 3.46270661793
66 22 3.14681395054
67 23 3.0245420706
68 24 2.70281762639
69 25 2.46245110718
70 26 2.1227352182
71 27 1.85185174071
72 28 1.59131542838
73 29 1.30367120443
74 30 1.40640430782
75 31 1.6288059887
76 32 1.86242699213
77 33 2.08014410762
78 34 2.31089581453
79 35 2.61286050436
80 36 2.75425713469
81 37 3.05951113673
82 38 2.99179825004
83 39 3.32862661077
84 40 3.32426720167
85 41 2.96666049125
86 42 2.9746348597
87 43 3.0270638434
88 44 7.6824653209
89 44 7.6824653209
90 44 7.6824653209
91 44 7.6824653209
92 44 7.6824653209
93 44 7.6824653209
94 44 7.6824653209
95 44 7.6824653209
96 44 7.6824653209
97 44 7.6824653209
98 44 7.6824653209
99 44 7.6824653209
100 44 7.6824653209
101 44 7.6824653209
102 44 7.6824653209
103 44 7.6824653209
104 44 7.6824653209
105 44 7.6824653209
106 44 7.6824653209
107 44 7.6824653209
108 44 7.6824653209
109 44 7.6824653209
110 44 7.6824653209
111 44 7.6824653209
112 44 7.6824653209
113 44 7.6824653209
114 44 7.6824653209
115 44 7.6824653209
116 44 7.6824653209
117 44 7.6824653209
118 44 7.6824653209
119 44 7.6824653209
120 44 7.6824653209
121 44 7.6824653209
122 44 7.6824653209
123 44 7.6824653209
124 45 2.73433615551
125 46 2.76483521534
126 47 2.45401655124
127 48 2.37354685476
128 49 2.15747706418
129 50 2.0671606666
130 51 1.93368569844
131 52 4.01148135465
132 52 4.01148135465
133 52 4.01148135465
134 52 4.01148135465
135 52 4.01148135465
136 52 4.01148135465
137 52 4.01148135465
138 52 4.01148135465
139 52 4.01148135465
140 52 4.01148135465
141 52 4.01148135465
142 52 4.01148135465
143 52 4.01148135465
144 52 4.01148135465
145 52 4.01148135465
146 52 4.01148135465
147 52 4.01148135465
148 52 4.01148135465
149 53 1.54672534633
150 54 1.42925050093
151 55 1.34315383162
152 56 1.57153444636
153 57 1.49517658493
154 58 1.77995232631
155 59 2.10367480587
156 60 2.40909335581
157 61 2.75220398513
158 62 2.98550325075
159 63 3.29456279853
160 64 3.51452612177
161 65 3.29701738447
162 66 3.07770913779
163 67 2.71947726553
164 68 2.4475364221
165 69 2.12296917765
166 70 1.82103267437
167 71 1.58832781783
168 72 1.29741766002
169 73 1.08985908646
170 74 1.01396443954
171 75 1.21076434518
172 76 1.4119002107
173 77 1.71352657947
174 78 1.69915477595
175 79 1.97912976648
176 80 2.11300930718
177 81 2.3548429948
178 82 2.6275348632
179 83 2.83492956131
180 84 3.13660552367
181 85 3.14147816406
182 86 3.47722801844
183 87 3.44241654723
184 88 3.08165896189
185 89 3.0668393075
186 90 3.34305966014
187 91 3.41196952898
188 92 3.62326867057
189 93 3.42480777293
190 94 3.07216010971
191 95 2.99533517415
192 96 2.95880538397
193 97 3.12067995194
194 98 2.84843756489
195 99 2.59730747224
196 100 2.40280217009
197 101 2.09398999573
198 102 1.93933587908
199 103 1.65281408848
200 104 1.55296351112
201 105 1.3110604233
202 106 1.26248191598
203 107 1.44369203932
204 108 1.37786945677
205 109 1.67401105795
206 110 1.98097426244
207 111 2.23670854191
208 112 2.56082934571
209 113 2.7640666845
210 114 3.0911626624
211 115 3.30415623702
212 116 3.0771565097
213 117 2.88845332774
214 118 2.52680648892
215 119 2.21601835309
216 120 1.86854531802
217 121 1.54088071988
218 122 1.30658955768
219 123 1.15330073126
220 124 1.06126677716
221 125 1.29422310407
222 126 1.56435536766
223 127 1.80117650726
224 128 2.13000428685
225 129 2.36492954671
226 130 2.71122464278
227 131 2.9634601203
228 132 3.15466034328
229 133 2.93959035055
230 134 2.58006016701
231 135 2.35451451974
232 136 2.05261409923
233 137 1.73474391179
234 138 1.55061956228
235 139 1.2623041489
236 140 1.13623172365
237 141 1.09570712081
238 142 0.95329201052
239 143 0.950500779386
240 144 1.01862384485
241 145 1.24589979317
242 146 1.3424402895
243 147 1.63966513552
244 148 1.8571815994
245 149 2.19376755596
246 150 2.46168186656
247 151 2.6756360271
248 152 2.99216252641
249 153 3.17937880819
250 154 3.00246927069
251 155 2.84200414863
252 156 2.71536839047
253 157 2.4475294947
254 158 2.24270308728
255 159 2.01429129496
256 160 1.69803912119
257 161 1.59670475407
258 162 1.30881384904
259 163 1.18027724033
260 164 1.18926818242
261 165 1.46895046657
262 166 1.55713693177
263 167 1.72681600089
264 168 1.7006515472
265 169 1.98063045602
266 170 1.98051656524
267 171 2.24458249495
268 172 2.33333079109
269 173 2.3017444342
270 174 2.00884098273
271 175 1.72260279093
272 176 1.56243357477
273 177 3.65920465453
274 177 3.65920465453
275 177 3.65920465453
276 177 3.65920465453
277 177 3.65920465453
278 177 3.65920465453
279 177 3.65920465453
280 177 3.65920465453
281 177 3.65920465453
282 177 3.65920465453
283 177 3.65920465453
284 177 3.65920465453
285 178 2.06433893908
286 179 1.80450452949
287 180 1.93800145078
288 181 1.74292920449
289 182 1.93016858938
290 183 1.88272525187
291 184 1.9934119666
292 185 2.06307399906
293 186 1.9212419748
294 187 1.75746565335
295 188 1.75258511314
296 189 1.92818376553
297 190 1.9740140466
298 191 1.87504840245
299 192 1.8309381209
300 193 1.66089045481
301 194 1.38757462684
302 195 1.41652345368
303 196 1.45836720767
304 197 1.53586259131
305 198 1.50198956531
306 199 1.75340773429
307 200 2.01225719947
308 201 2.33955298019
309 202 2.64107708216
310 203 2.97626567292
311 204 3.21371776074
312 205 3.48604276007
313 206 3.4126408012
314 207 3.28626384712
315 208 2.9359973583
316 209 2.88395494068
317 210 2.52957497935
318 211 2.41277470535
319 212 2.11461698712
320 213 1.96817250417
321 214 1.74298624095
322 215 1.63597637056
323 216 1.90351104352
324 217 2.0644743233
325 218 2.27300059986
326 219 2.34464504591
327 220 2.48492208858
328 221 2.69048645781
329 222 2.68016023337
330 223 2.86452642699
331 224 2.6809884027
332 225 2.87449614629
333 226 3.21124444332
334 227 6.26343287469
335 227 6.26343287469
336 227 6.26343287469
337 227 6.26343287469
338 227 6.26343287469
339 227 6.26343287469
340 227 6.26343287469
341 227 6.26343287469
342 227 6.26343287469
343 227 6.26343287469
344 227 6.26343287469
345 227 6.26343287469
346 227 6.26343287469
347 227 6.26343287469
348 227 6.26343287469
349 227 6.26343287469
350 227 6.26343287469
351 227 6.26343287469
352 227 6.26343287469
353 227 6.26343287469
354 227 6.26343287469
355 227 6.26343287469
356 228 2.5892086201
357 229 2.84257400034
358 230 2.81504203822
359 231 3.11090585709
360 232 3.05044692475
361 233 2.79582269348
362 234 2.79137574975
363 235 2.69255474227
364 236 2.68304989872
365 237 2.32615635222
366 238 2.20618710886
367 239 1.88514293903
368 240 1.67176807311
369 241 1.83896219929
370 242 1.69048592363
371 243 1.957265917
372 244 2.28920583111
373 245 2.52431527276
374 246 2.87938446315
375 247 3.07884132683
376 248 3.31153995493
377 249 3.617141264
378 250 3.54127826362
379 251 3.48051967618
380 252 3.29727602794
381 253 3.40372092286
382 254 3.22316847605
383 255 2.91343699577
384 256 2.96039891432
385 257 2.64732524716
386 258 2.35680195158
387 259 2.08511223269
388 260 1.90599448718
389 261 1.62096866979
390 262 1.83389334937
391 263 1.87654034717
392 264 2.20540410858
393 265 2.41909863165
394 266 2.67795702891
395 267 2.99159745197
396 268 3.04323727694
397 269 2.68143334554
398 270 2.4840745435
399 271 2.31925775176
400 272 2.03575127748
401 273 1.73144446787
402 274 1.78398349335
403 275 1.60359290835
404 276 1.86430347349
405 277 2.21285071198
406 278 2.4866934798
407 279 2.84062689147
408 280 3.11748520482
409 281 3.4317774216
410 282 3.77499251719
411 283 3.77530509751
412 284 3.44688508654
413 285 3.20800548978
414 286 2.8956363976
415 287 2.57274022042
416 288 2.24502310553
417 289 1.93193366385
418 290 1.75210985275
419 291 1.4584831867
420 292 1.58610577795
421 293 1.8612989131
422 294 2.14195168958
423 295 2.49182586092
424 296 2.68551735134
425 297 3.01937603967
426 298 3.08976812749
427 299 6.07412359467
428 299 6.07412359467
429 299 6.07412359467
430 299 6.07412359467
431 299 6.07412359467
432 299 6.07412359467
433 299 6.07412359467
434 299 6.07412359467
435 299 6.07412359467
436 299 6.07412359467
437 299 6.07412359467
438 299 6.07412359467
439 299 6.07412359467
440 299 6.07412359467
441 299 6.07412359467
442 299 6.07412359467
443 299 6.07412359467
444 299 6.07412359467
445 299 6.07412359467
446 299 6.07412359467
447 299 6.07412359467
448 299 6.07412359467
449 299 6.07412359467
450 299 6.07412359467
451 299 6.07412359467
452 299 6.07412359467
453 299 6.07412359467
454 299 6.07412359467
455 299 6.07412359467
456 299 6.07412359467
457 299 6.07412359467
458 299 6.07412359467
459 299 6.07412359467
460 299 6.07412359467
461 299 6.07412359467
462 299 6.07412359467
463 299 6.07412359467
464 299 6.07412359467
465 299 6.07412359467
466 299 6.07412359467
467 299 6.07412359467
468 299 6.07412359467
469 299 6.07412359467
470 299 6.07412359467
471 299 6.07412359467
472 299 6.07412359467
473 299 6.07412359467
474 299 6.07412359467
475 299 6.07412359467
476 299 6.07412359467
477 299 6.07412359467
478 299 6.07412359467
479 299 6.07412359467
480 299 6.07412359467
481 299 6.07412359467
482 299 6.07412359467
483 299 6.07412359467
484 299 6.07412359467
485 299 6.07412359467
486 299 6.07412359467
487 299 6.07412359467
488 299 6.07412359467
489 299 6.07412359467
490 299 6.07412359467
491 300 1.53110061533
492 300 1.53110061533
493 300 1.53110061533
494 300 1.53110061533
495 300 1.53110061533
496 300 1.53110061533
497 300 1.53110061533
498 300 1.53110061533
499 300 1.53110061533
500 300 1.53110061533
501 300 1.53110061533
502 300 1.53110061533
503 300 1.53110061533
504 300 1.53110061533
505 300 1.53110061533
506 300 1.53110061533
507 300 1.53110061533
508 300 1.53110061533
509 300 1.53110061533
510 300 1.53110061533
511 300 1.53110061533
512 300 1.53110061533
513 300 1.53110061533
514 300 1.53110061533
515 300 1.53110061533
516 300 1.53110061533
517 300 1.53110061533
518 300 1.53110061533
519 300 1.53110061533
520 300 1.53110061533
521 300 1.53110061533
522 300 1.53110061533
523 300 1.53110061533
524 300 1.53110061533
525 300 1.53110061533
526 300 1.53110061533
527 300 1.53110061533
528 300 1.53110061533
529 300 1.53110061533
530 300 1.53110061533
531 300 1.53110061533
532 300 1.53110061533
533 300 1.53110061533
534 300 1.53110061533
535 300 1.53110061533
536 300 1.53110061533
537 300 1.53110061533
538 300 1.53110061533
539 300 1.53110061533
540 300 1.53110061533
541 300 1.53110061533
542 300 1.53110061533
543 300 1.53110061533
544 300 1.53110061533
545 300 1.53110061533
546 300 1.53110061533
547 300 1.53110061533
548 300 1.53110061533
549 300 1.53110061533
550 300 1.53110061533
551 300 1.53110061533
552 300 1.53110061533
553 300 1.53110061533
554 300 1.53110061533
555 300 1.53110061533
556 300 1.53110061533
557 300 1.53110061533
558 300 1.53110061533
559 300 1.53110061533
560 300 1.53110061533
561 300 1.53110061533
562 300 1.53110061533
563 300 1.53110061533
564 300 1.53110061533
565 300 1.53110061533
566 300 1.53110061533
567 300 1.53110061533
568 300 1.53110061533
569 300 1.53110061533
570 300 1.53110061533
571 300 1.53110061533
572 300 1.53110061533
573 300 1.53110061533
574 300 1.53110061533
575 301 8.9444570071
576 301 8.9444570071
577 301 8.9444570071
578 301 8.9444570071
579 301 8.9444570071
580 301 8.9444570071
581 301 8.9444570071
582 301 8.9444570071
583 301 8.9444570071
584 301 8.9444570071
585 301 8.9444570071
586 301 8.9444570071
587 301 8.9444570071
588 301 8.9444570071
589 301 8.9444570071
590 301 8.9444570071
591 301 8.9444570071
592 301 8.9444570071
593 301 8.9444570071
594 301 8.9444570071
595 301 8.9444570071
596 301 8.9444570071
597 301 8.9444570071
598 301 8.9444570071
599 301 8.9444570071
600 301 8.9444570071
601 301 8.9444570071
602 301 8.9444570071
603 301 8.9444570071
604 301 8.9444570071
605 301 8.9444570071
606 301 8.9444570071
607 301 8.9444570071
608 301 8.9444570071
609 301 8.9444570071
610 301 8.9444570071
611 301 8.9444570071
612 301 8.9444570071
613 301 8.9444570071
614 301 8.9444570071
615 301 8.9444570071
616 301 8.9444570071
617 301 8.9444570071
618 301 8.9444570071
619 301 8.9444570071
620 301 8.9444570071
621 301 8.9444570071
622 301 8.9444570071
623 301 8.9444570071
624 301 8.9444570071
625 301 8.9444570071
626 301 8.9444570071
627 301 8.9444570071
628 301 8.9444570071
629 301 8.9444570071
630 301 8.9444570071
631 301 8.9444570071
632 301 8.9444570071
633 301 8.9444570071
634 301 8.9444570071
635 301 8.9444570071
636 301 8.9444570071
637 301 8.9444570071
638 301 8.9444570071
639 301 8.9444570071
640 301 8.9444570071
641 301 8.9444570071
642 301 8.9444570071
643 301 8.9444570071
644 301 8.9444570071
645 301 8.9444570071
646 301 8.9444570071
647 301 8.9444570071
648 301 8.9444570071
649 301 8.9444570071
650 301 8.9444570071
651 301 8.9444570071
652 301 8.9444570071
653 301 8.9444570071
654 301 8.9444570071
655 301 8.9444570071
656 301 8.9444570071
657 301 8.9444570071
658 301 8.9444570071
659 302 6.09841946104
660 303 6.10315793016
661 304 5.9758526615
662 305 5.97597589981
663 306 5.92600471607
664 307 5.7965929971
665 308 5.74178290398
666 309 5.72790157131
667 310 5.65189964177
668 311 5.53407960336
669 312 5.50438361572
670 313 5.47287670967
671 314 5.37340914623
672 315 5.3042354271
673 316 5.27706847118
674 317 5.35744133665
675 318 5.43889730043
676 319 5.49462149866
677 320 5.57167841028
678 321 5.6396239446
679 322 5.72498009736
680 323 5.79403200465
681 324 5.85220167338
682 325 5.92287373176
683 326 5.99921110252
684 327 6.06477061284
685 328 6.17113918003
686 329 6.31057683202
687 330 6.15597121657
688 331 6.14874493033
689 332 6.27806515873
690 333 6.30574264418
691 334 6.20706723646
692 335 6.0817657795
693 336 6.06031240466
694 337 6.02869623503
695 338 5.8950172787
696 339 5.84257580824
697 340 5.83089331899
698 341 5.75761569828
699 342 5.63045691023
700 343 5.61058609531
701 344 5.61484186181
702 345 5.50397869612
703 346 5.39705479969
704 347 5.28552724238
705 348 5.19098447675
706 349 5.28609215292
707 350 5.29384509053
708 351 5.35800639691
709 352 5.40990793122
710 353 5.47512537082
711 354 5.5085581985
712 355 5.6123172965
713 356 5.71416638725
714 357 5.85478091912
715 358 5.85929888094
716 359 5.92886782682
717 360 6.01206491224
718 361 6.10487340526
719 362 6.1357720258
720 363 6.19665839872
721 364 6.32277769413
722 365 6.43613567958
723 366 6.3687105998
724 367 6.36208959124
725 368 6.4565678131
726 369 6.45090284668
727 370 6.29744997087
728 371 6.2182040725
729 372 6.26223569382
730 373 6.15294635555
731 374 6.01382407467
732 375 6.01994017325
733 376 6.00123285602
734 377 5.85689851063
735 378 5.77989772366
736 379 5.82513548134
737 380 5.75002194892
738 381 5.86957372845
739 382 5.95500922722
740 383 6.01982718626
741 384 6.16049621259
742 385 6.25434295756
743 386 6.23916997975
744 387 6.26614330253
745 388 6.43221714307
746 389 6.49416022586
747 390 6.4757059085
748 391 6.62769885595
749 392 6.54101684782
750 393 6.37915587637
751 394 6.29376522096
752 395 6.17132463229
753 396 6.1082134409
754 397 6.13297172543
755 398 6.01971616012
756 399 5.883739925
757 400 5.88967939785
758 401 5.86545891564
759 402 5.72027933092
760 403 5.6532374346
761 404 5.67412853911
762 405 5.66051939242
763 406 5.51932735153
764 407 5.50647868538
765 408 5.65033185124
766 409 5.80383623985
767 410 5.80889739494
768 411 5.90260450326
769 412 6.02193926487
770 413 6.06199300355
771 414 6.0676177166
772 415 6.18469825644
773 416 6.28324849016
774 417 6.29925157722
775 418 6.34803454069
776 419 6.50035101884
777 420 6.56508862913
778 421 6.56089591887
779 422 6.70799695294
780 423 6.81782548804
781 424 6.78101666449
782 425 6.75074623296
783 426 14.2773432154
784 426 14.2773432154
785 426 14.2773432154
786 426 14.2773432154
787 426 14.2773432154
788 426 14.2773432154
789 426 14.2773432154
790 426 14.2773432154
791 426 14.2773432154
792 426 14.2773432154
793 426 14.2773432154
794 426 14.2773432154
795 426 14.2773432154
796 426 14.2773432154
797 426 14.2773432154
798 426 14.2773432154
799 426 14.2773432154
800 426 14.2773432154
801 426 14.2773432154
802 426 14.2773432154
803 426 14.2773432154
804 426 14.2773432154
805 426 14.2773432154
806 426 14.2773432154
807 426 14.2773432154
808 426 14.2773432154
809 427 6.58179754402
810 428 6.62347340559
811 429 6.52991089717
812 430 6.41319552029
813 431 6.41231403699
814 432 6.3287189549
815 433 6.17806848053
816 434 6.14924644352
817 435 6.1604927631
818 436 6.04626801049
819 437 5.91554148892
820 438 5.95555142261
821 439 5.98318017749
822 440 5.998979686
823 441 6.04425725186
824 442 5.98573697536
825 443 6.13337734259
826 444 6.30733350655
827 445 6.30686768152
828 446 6.4318793244
829 447 6.35637944596
830 448 6.40996848671
831 449 6.58554644064
832 450 6.6348284721
833 451 6.58005252247
834 452 6.57835998714
835 453 6.75908253253
836 454 8.55738650331
837 454 8.55738650331
838 454 8.55738650331
839 454 8.55738650331
840 454 8.55738650331
841 454 8.55738650331
842 454 8.55738650331
843 454 8.55738650331
844 454 8.55738650331
845 454 8.55738650331
846 454 8.55738650331
847 454 8.55738650331
848 454 8.55738650331
849 454 8.55738650331
850 454 8.55738650331
851 454 8.55738650331
852 454 8.55738650331
853 454 8.55738650331
854 454 8.55738650331
855 454 8.55738650331
856 454 8.55738650331
857 454 8.55738650331
858 454 8.55738650331
859 454 8.55738650331
860 454 8.55738650331
861 454 8.55738650331
862 454 8.55738650331
863 454 8.55738650331
864 454 8.55738650331
865 454 8.55738650331
866 454 8.55738650331
867 454 8.55738650331
868 454 8.55738650331
869 454 8.55738650331
870 454 8.55738650331
871 454 8.55738650331
872 454 8.55738650331
873 454 8.55738650331
874 454 8.55738650331
875 454 8.55738650331
876 454 8.55738650331
877 454 8.55738650331
878 454 8.55738650331
879 454 8.55738650331
880 454 8.55738650331
881 454 8.55738650331
882 454 8.55738650331
883 454 8.55738650331
884 454 8.55738650331
885 454 8.55738650331
886 454 8.55738650331
887 454 8.55738650331
888 454 8.55738650331
889 455 4.83408979515
890 455 4.83408979515
891 455 4.83408979515
892 455 4.83408979515
893 455 4.83408979515
894 455 4.83408979515
895 455 4.83408979515
896 455 4.83408979515
897 455 4.83408979515
898 455 4.83408979515
899 455 4.83408979515
900 455 4.83408979515
901 455 4.83408979515
902 455 4.83408979515
903 455 4.83408979515
904 455 4.83408979515
905 455 4.83408979515
906 455 4.83408979515
907 455 4.83408979515
908 455 4.83408979515
909 455 4.83408979515
910 455 4.83408979515
911 455 4.83408979515
912 455 4.83408979515
913 455 4.83408979515
914 455 4.83408979515
915 455 4.83408979515
916 455 4.83408979515
917 455 4.83408979515
918 455 4.83408979515
919 455 4.83408979515
920 455 4.83408979515
921 455 4.83408979515
922 455 4.83408979515
923 455 4.83408979515
924 455 4.83408979515
925 455 4.83408979515
926 455 4.83408979515
927 455 4.83408979515
928 455 4.83408979515
929 455 4.83408979515
930 455 4.83408979515
931 455 4.83408979515
932 455 4.83408979515
933 455 4.83408979515
934 455 4.83408979515
935 455 4.83408979515
936 455 4.83408979515
937 455 4.83408979515
938 455 4.83408979515
939 455 4.83408979515
940 455 4.83408979515
941 455 4.83408979515
942 456 4.9650196651
943 457 4.63846345443
944 458 4.87989144273
945 459 4.45768146616
946 460 4.4399337162
947 461 4.84929221449
948 462 4.57916684759
949 463 4.61426588766
950 464 4.24594467755
951 465 4.00710080454
952 466 3.73192154055
953 467 3.92932777799
954 468 4.07243349339
955 469 3.67031341163
956 470 3.35550249367
957 471 3.65552635746
958 472 3.73942666618
959 473 3.27994485057
960 474 3.17898487984
961 475 2.83001169705
962 476 3.13779151027
963 477 2.79147288504
964 478 10.9730233724
965 478 10.9730233724
966 478 10.9730233724
967 478 10.9730233724
968 478 10.9730233724
969 478 10.9730233724
970 478 10.9730233724
971 478 10.9730233724
972 478 10.9730233724
973 478 10.9730233724
974 478 10.9730233724
975 478 10.9730233724
976 478 10.9730233724
977 478 10.9730233724
978 478 10.9730233724
979 478 10.9730233724
980 478 10.9730233724
981 478 10.9730233724
982 478 10.9730233724
983 478 10.9730233724
984 478 10.9730233724
985 478 10.9730233724
986 478 10.9730233724
987 478 10.9730233724
988 478 10.9730233724
989 478 10.9730233724
990 478 10.9730233724
991 478 10.9730233724
992 478 10.9730233724
993 478 10.9730233724
994 478 10.9730233724
995 478 10.9730233724
996 478 10.9730233724
997 478 10.9730233724
998 478 10.9730233724
999 478 10.9730233724
1000 479 2.60971054856
1001 480 3.07198308126
1002 481 3.27924618718
1003 482 3.71431353917
1004 483 3.77877248577
1005 484 4.2080435785
1006 485 4.47189431112
1007 486 4.86007094189
1008 487 5.13091331926
1009 488 5.01023776159
1010 489 4.85906937576
1011 490 4.44472856455
1012 491 4.16362849556
1013 492 3.7651379514
1014 493 3.37182564063
1015 494 3.2178930624
1016 495 3.63831889921
1017 496 3.72781179049
1018 497 3.29461740509
1019 498 3.38980301925
1020 499 3.83715717474
1021 500 3.73056616421
1022 501 3.45822830164
1023 502 3.86278747385
1024 503 4.17162560623
1025 504 4.13793611014
1026 505 4.6148610583
1027 506 4.73239865404
1028 507 4.89811609367
1029 508 5.25335266279
1030 509 5.72001269515
1031 510 5.85218402572
1032 511 5.4402968368
1033 512 6.25515367909
1034 512 6.25515367909
1035 512 6.25515367909
1036 512 6.25515367909
1037 512 6.25515367909
1038 512 6.25515367909
