1 0 1.99232160147
2 1 2.07298677287
3 2 2.10102519913
4 3 2.2029276953
5 4 2.28241872508
6 5 2.23938108931
7 6 2.37829545522
8 7 2.3404530293
9 8 2.43516433259
10 9 2.34250508377
11 10 2.20735624073
12 11 2.10115867586
13 12 1.98730907406
14 13 1.90649799338
15 14 1.90384742935
16 15 1.84388460926
17 16 1.83735186831
18 17 1.8775771522
19 18 1.82273793778
20 19 1.86775928042
21 20 1.84296910785
22 21 1.96566594363
23 22 2.00488635916
24 23 1.98054755264
25 24 2.01666221416
26 25 2.05351053716
27 26 2.08296235534
28 27 2.15521798935
29 28 2.22841909514
30 29 2.35100578587
31 30 2.29050960621
32 31 2.28741444679
33 32 2.19260175239
34 33 2.21667652413
35 34 2.16551375654
36 35 2.15829154608
37 36 2.16503545878
38 37 2.10606141698
39 38 2.21575131705
40 39 2.17925242399
41 40 2.26422519922
42 41 2.24739646467
43 42 2.11069842737
44 43 2.16061019392
45 44 2.1494796643
46 45 2.2781608891
47 46 2.31676245081
48 47 2.32898903559
49 48 2.37183254827
50 49 2.37261958678
51 50 2.40389916499
52 51 2.40011763355
53 52 2.28316581299
54 53 2.25514985134
55 54 2.3357152123
56 55 2.25943321206
57 56 2.18475751615
58 57 2.08812473678
59 58 1.97201484128
60 59 1.88014045278
61 60 1.89026180123
62 61 1.83398736732
63 62 1.8688312127
64 63 1.85098207313
65 64 1.83829609285
66 65 1.94692477426
67 66 1.96555266573
68 67 1.99343822655
69 68 2.0828314839
70 69 2.09059426754
71 70 2.02597734084
72 71 1.98903278804
73 72 1.93978181318
74 73 1.96989014596
75 74 1.93876097885
76 75 2.03392081669
77 76 2.06859564715
78 77 2.13599540041
79 78 2.0146134691
80 79 2.01129586509
81 80 1.95964132214
82 81 2.04808835694
83 82 2.0422023254
84 83 2.14147323016
85 84 2.18775340704
86 85 2.26754665543
87 86 2.40864021418
88 87 2.44553779546
89 88 2.59645982315
90 89 2.60682958733
91 90 2.63360036815
92 91 2.51305926547
93 92 2.53541575696
94 93 2.62887194767
95 94 2.53560808357
96 95 2.53936907455
97 96 2.43974455255
98 97 2.32478538166
99 98 2.34488100561
100 99 2.25682324067
101 100 2.1870225261
102 101 2.12342275258
103 102 2.07859358658
104 103 1.96214690902
105 104 1.98765167067
106 105 1.87504942213
107 106 1.86447043976
108 107 1.92408191846
109 108 1.93406305602
110 109 1.96953086929
111 110 1.88226491848
112 111 1.83737203892
113 112 1.76371783555
114 113 1.75535760226
115 114 1.69726913667
116 115 1.71708765787
117 116 1.64628476066
118 117 1.6401917607
119 118 1.73223291323
120 119 1.70443023057
121 120 1.68195277643
122 121 1.77782631381
123 122 1.81424179894
124 123 1.72686807728
125 124 1.7070428391
126 125 1.66681462041
127 126 1.7150385026
128 127 1.70970247489
129 128 1.79697579625
130 129 1.84910925531
131 130 1.79638854881
132 131 1.70597345065
133 132 1.6600368753
134 133 1.62256086118
135 134 1.65457204414
136 135 1.64894202388
137 136 1.73841090956
138 137 1.77442310971
139 138 1.88706488892
140 139 1.87836615455
141 140 2.00143567419
142 141 2.01647529582
143 142 2.1529102285
144 143 2.14216278073
145 144 2.09094029536
146 145 2.10685980495
147 146 2.0267911323
148 147 1.92223379559
149 148 1.83541237603
150 149 1.74326488177
151 150 1.65624940356
152 151 1.59169582898
153 152 1.59191636028
154 153 1.54602283477
155 154 1.57731175598
156 155 1.57427259153
157 156 1.6430798395
158 157 1.66204295011
159 158 1.76608634235
160 159 1.83086753191
161 160 1.9521446705
162 161 2.04768504099
163 162 2.1288616392
164 163 2.06231123715
165 164 2.08860601521
166 165 1.9894822088
167 166 1.88958871543
168 167 1.79775156438
169 168 1.71125279636
170 169 1.6514338942
171 170 1.5994621372
172 171 1.5557545156
173 172 1.53168137539
174 173 1.49157983732
175 174 1.53765356411
176 175 1.52274564748
177 176 1.58761825005
178 177 1.57190844723
179 178 1.50983441241
180 179 1.4984040724
181 180 1.50440870685
182 181 1.47033860188
183 182 1.48744226087
184 183 1.49139227797
185 184 1.54228613922
186 185 1.59249054447
187 186 1.6582155342
188 187 1.72889796393
189 188 1.69949425937
190 189 1.61263069795
191 190 1.54514186815
192 191 1.49260039764
193 192 1.45365903745
194 193 1.4507611538
195 194 1.4441429091
196 195 1.47115863375
197 196 1.46144706044
198 197 1.5017549857
199 198 1.4927949414
200 199 1.51861825968
201 200 1.48209809153
202 201 1.46579623419
203 202 1.43613462476
204 203 1.44077831641
205 204 1.42830947986
206 205 1.44696850098
207 206 1.48337413476
208 207 1.49978907611
209 208 1.56192103795
210 209 1.62455540073
211 210 1.65699084208
212 211 1.76149193562
213 212 1.79448587923
214 213 1.77312232425
215 214 1.68411554165
216 215 1.72871002075
217 216 1.64993354291
218 217 1.56536724705
219 218 1.53209755238
220 219 1.48358338995
221 220 1.47512669228
222 221 1.49807229671
223 222 1.47201947075
224 223 1.5158722484
225 224 1.51670322236
226 225 1.47420838114
227 226 1.4824742228
228 227 1.44299063841
229 228 1.43001987346
230 229 1.43124944427
231 230 1.45750629803
232 231 1.49475655384
233 232 1.55540658115
234 233 1.63161908048
235 234 1.69055571358
236 235 1.80049594697
237 236 1.80410196385
238 237 1.77075930454
239 238 1.67014908819
240 239 1.58813382401
241 240 1.53442342373
242 241 1.47459119066
243 242 1.45451526778
244 243 1.43421196259
245 244 1.42913519417
246 245 1.44538213239
247 246 1.45941902553
248 247 1.50941926647
249 248 2.50708057163
250 248 2.50708057163
251 248 2.50708057163
252 248 2.50708057163
253 248 2.50708057163
254 248 2.50708057163
255 248 2.50708057163
256 248 2.50708057163
257 248 2.50708057163
258 248 2.50708057163
259 249 5.11705394675
260 249 5.11705394675
261 249 5.11705394675
262 249 5.11705394675
263 249 5.11705394675
264 249 5.11705394675
265 249 5.11705394675
266 249 5.11705394675
267 249 5.11705394675
268 249 5.11705394675
269 250 0.298503842919
270 250 0.298503842919
271 250 0.298503842919
272 250 0.298503842919
273 250 0.298503842919
274 250 0.298503842919
275 250 0.298503842919
276 250 0.298503842919
277 250 0.298503842919
278 250 0.298503842919
279 251 0.298503842919
280 251 0.298503842919
281 251 0.298503842919
282 251 0.298503842919
283 251 0.298503842919
284 251 0.298503842919
285 251 0.298503842919
286 251 0.298503842919
287 251 0.298503842919
288 252 1.49537762256
289 253 1.46161087604
290 254 1.44743948611
291 255 1.45849300027
292 256 1.4409548036
293 257 1.46086498961
294 258 1.46153847403
295 259 1.48021331944
296 260 1.49673401206
297 261 1.47744094391
298 262 1.5083140626
299 263 1.57088349208
300 264 1.60670664033
301 265 1.69927340692
302 266 1.69456420113
303 267 1.75256796369
304 268 1.842588641
305 269 1.87717595878
306 270 1.82551629995
307 271 1.73194116049
308 272 1.76716748567
309 273 1.70001414573
310 274 1.60523344444
311 275 1.58580780756
312 276 1.53657262804
313 277 1.54418300258
314 278 1.5828839326
315 279 1.52949103539
316 280 1.4831497044
317 281 1.46752387798
318 282 1.48573224424
319 283 1.50394939818
320 284 1.57039448279
321 285 1.622358326
322 286 1.72098444028
323 287 1.80040973025
324 288 1.91122390997
325 289 1.89125882476
326 290 1.89685177326
327 291 1.78537253987
328 292 1.69914637226
329 293 1.60975576193
330 294 1.54242669096
331 295 1.48646874813
332 296 1.44529388971
333 297 1.42862915478
334 298 1.4344244521
335 299 1.44796358397
336 300 1.4714527751
337 301 1.44348634109
338 302 1.46196438834
339 303 1.45872799221
340 304 1.47461067083
341 305 1.51117358329
342 306 1.49198398716
343 307 1.55702568778
344 308 1.63916451891
345 309 1.71098101863
346 310 1.81865876977
347 311 0.298503842919
348 311 0.298503842919
349 311 0.298503842919
