1 0 10.0571207946
2 1 9.94620368327
3 2 9.96977920281
4 3 10.0337815119
5 4 9.8986502898
6 5 9.95439575175
7 6 9.94321235595
8 7 10.1194266244
9 8 10.1560553803
10 9 10.3185010144
11 10 10.1862544977
12 11 9.96485010424
13 12 9.73203958577
14 13 9.65316343353
15 14 9.41105925502
16 15 9.3107814481
17 16 9.10852566725
18 17 8.96152572105
19 18 8.86390779928
20 19 8.62625899881
21 20 8.47064436942
22 21 8.55615641246
23 22 8.77540825147
24 23 8.79428315585
25 24 8.96886697922
26 25 8.94136963007
27 26 9.14412204001
28 27 9.30317019043
29 28 9.52741968813
30 29 9.58320883238
31 30 9.36865696829
32 31 4.69717898078
33 31 4.69717898078
34 31 4.69717898078
35 31 4.69717898078
36 31 4.69717898078
37 31 4.69717898078
38 31 4.69717898078
39 31 4.69717898078
40 31 4.69717898078
41 31 4.69717898078
42 31 4.69717898078
43 31 4.69717898078
44 31 4.69717898078
45 31 4.69717898078
46 31 4.69717898078
47 31 4.69717898078
48 31 4.69717898078
49 31 4.69717898078
50 31 4.69717898078
51 31 4.69717898078
52 31 4.69717898078
53 31 4.69717898078
54 31 4.69717898078
55 31 4.69717898078
56 31 4.69717898078
57 31 4.69717898078
58 31 4.69717898078
59 31 4.69717898078
60 31 4.69717898078
61 31 4.69717898078
62 31 4.69717898078
63 31 4.69717898078
64 31 4.69717898078
65 31 4.69717898078
66 31 4.69717898078
67 31 4.69717898078
68 31 4.69717898078
69 31 4.69717898078
70 31 4.69717898078
71 31 4.69717898078
72 31 4.69717898078
73 31 4.69717898078
74 31 4.69717898078
75 31 4.69717898078
76 31 4.69717898078
77 31 4.69717898078
78 31 4.69717898078
79 31 4.69717898078
80 31 4.69717898078
81 31 4.69717898078
82 31 4.69717898078
83 31 4.69717898078
84 31 4.69717898078
85 31 4.69717898078
86 31 4.69717898078
87 31 4.69717898078
88 31 4.69717898078
89 31 4.69717898078
90 31 4.69717898078
91 31 4.69717898078
92 31 4.69717898078
93 31 4.69717898078
94 31 4.69717898078
95 31 4.69717898078
96 31 4.69717898078
97 31 4.69717898078
98 31 4.69717898078
99 31 4.69717898078
100 31 4.69717898078
101 31 4.69717898078
102 31 4.69717898078
103 31 4.69717898078
104 31 4.69717898078
105 31 4.69717898078
106 31 4.69717898078
107 31 4.69717898078
108 31 4.69717898078
109 31 4.69717898078
110 31 4.69717898078
111 31 4.69717898078
112 31 4.69717898078
113 31 4.69717898078
114 31 4.69717898078
115 31 4.69717898078
116 31 4.69717898078
117 31 4.69717898078
118 31 4.69717898078
119 31 4.69717898078
120 31 4.69717898078
121 31 4.69717898078
122 31 4.69717898078
123 31 4.69717898078
124 31 4.69717898078
125 31 4.69717898078
126 31 4.69717898078
127 31 4.69717898078
128 31 4.69717898078
129 32 1.03637590129
130 32 1.03637590129
131 32 1.03637590129
132 32 1.03637590129
133 32 1.03637590129
134 32 1.03637590129
135 32 1.03637590129
136 32 1.03637590129
137 32 1.03637590129
138 32 1.03637590129
139 32 1.03637590129
140 32 1.03637590129
141 32 1.03637590129
142 32 1.03637590129
143 32 1.03637590129
144 32 1.03637590129
145 32 1.03637590129
146 32 1.03637590129
147 32 1.03637590129
148 32 1.03637590129
149 32 1.03637590129
150 32 1.03637590129
151 32 1.03637590129
152 32 1.03637590129
153 32 1.03637590129
154 32 1.03637590129
155 32 1.03637590129
156 32 1.03637590129
157 32 1.03637590129
158 32 1.03637590129
159 32 1.03637590129
160 32 1.03637590129
161 32 1.03637590129
162 32 1.03637590129
163 32 1.03637590129
164 32 1.03637590129
165 32 1.03637590129
166 32 1.03637590129
167 32 1.03637590129
168 32 1.03637590129
169 32 1.03637590129
170 32 1.03637590129
171 32 1.03637590129
172 32 1.03637590129
173 32 1.03637590129
174 32 1.03637590129
175 32 1.03637590129
176 32 1.03637590129
177 32 1.03637590129
178 32 1.03637590129
179 32 1.03637590129
180 32 1.03637590129
181 32 1.03637590129
182 32 1.03637590129
183 32 1.03637590129
184 32 1.03637590129
185 32 1.03637590129
186 32 1.03637590129
187 32 1.03637590129
188 32 1.03637590129
189 32 1.03637590129
190 32 1.03637590129
191 32 1.03637590129
192 32 1.03637590129
193 32 1.03637590129
194 32 1.03637590129
195 32 1.03637590129
196 32 1.03637590129
197 32 1.03637590129
198 32 1.03637590129
199 32 1.03637590129
200 32 1.03637590129
201 32 1.03637590129
202 32 1.03637590129
203 32 1.03637590129
204 32 1.03637590129
205 32 1.03637590129
206 32 1.03637590129
207 32 1.03637590129
208 32 1.03637590129
209 32 1.03637590129
210 32 1.03637590129
211 32 1.03637590129
212 32 1.03637590129
213 32 1.03637590129
214 32 1.03637590129
215 32 1.03637590129
216 32 1.03637590129
217 32 1.03637590129
218 32 1.03637590129
219 32 1.03637590129
220 32 1.03637590129
221 32 1.03637590129
222 32 1.03637590129
223 32 1.03637590129
224 32 1.03637590129
225 32 1.03637590129
226 33 10.1475628562
227 33 10.1475628562
228 33 10.1475628562
229 33 10.1475628562
230 33 10.1475628562
231 33 10.1475628562
232 33 10.1475628562
233 33 10.1475628562
234 33 10.1475628562
235 33 10.1475628562
236 33 10.1475628562
237 33 10.1475628562
238 33 10.1475628562
239 33 10.1475628562
240 33 10.1475628562
241 33 10.1475628562
242 33 10.1475628562
243 33 10.1475628562
244 33 10.1475628562
245 33 10.1475628562
246 33 10.1475628562
247 33 10.1475628562
248 33 10.1475628562
249 33 10.1475628562
250 33 10.1475628562
251 33 10.1475628562
252 33 10.1475628562
253 33 10.1475628562
254 33 10.1475628562
255 33 10.1475628562
256 33 10.1475628562
257 33 10.1475628562
258 33 10.1475628562
259 33 10.1475628562
260 33 10.1475628562
261 33 10.1475628562
262 33 10.1475628562
263 33 10.1475628562
264 33 10.1475628562
265 33 10.1475628562
266 33 10.1475628562
267 33 10.1475628562
268 33 10.1475628562
269 33 10.1475628562
270 33 10.1475628562
271 33 10.1475628562
272 33 10.1475628562
273 33 10.1475628562
274 33 10.1475628562
275 33 10.1475628562
276 33 10.1475628562
277 33 10.1475628562
278 33 10.1475628562
279 33 10.1475628562
280 33 10.1475628562
281 33 10.1475628562
282 33 10.1475628562
283 33 10.1475628562
284 33 10.1475628562
285 33 10.1475628562
286 33 10.1475628562
287 33 10.1475628562
288 33 10.1475628562
289 33 10.1475628562
290 33 10.1475628562
291 33 10.1475628562
292 33 10.1475628562
293 33 10.1475628562
294 33 10.1475628562
295 33 10.1475628562
296 33 10.1475628562
297 33 10.1475628562
298 33 10.1475628562
299 33 10.1475628562
300 33 10.1475628562
301 33 10.1475628562
302 33 10.1475628562
303 33 10.1475628562
304 33 10.1475628562
305 33 10.1475628562
306 33 10.1475628562
307 33 10.1475628562
308 33 10.1475628562
309 33 10.1475628562
310 33 10.1475628562
311 33 10.1475628562
312 33 10.1475628562
313 33 10.1475628562
314 33 10.1475628562
315 33 10.1475628562
316 33 10.1475628562
317 33 10.1475628562
318 33 10.1475628562
319 33 10.1475628562
320 33 10.1475628562
321 33 10.1475628562
322 34 1.0720096781
323 35 1.05374848759
324 36 1.11643584162
325 37 1.19068313223
326 38 1.1841466403
327 39 1.11002408326
328 40 1.13348480925
329 41 1.17615998469
330 42 1.14020128124
331 43 1.15770062733
332 44 1.09226700564
333 45 1.13060989145
334 46 1.11324454716
335 47 1.03323312384
336 48 0.994349747103
337 49 0.986701423369
338 50 1.01169559197
339 51 1.05825921901
340 52 1.06010356675
341 53 1.09739226822
342 54 1.17045186034
343 55 1.25182879554
344 56 1.30219720392
345 57 1.24351669464
346 58 1.16223709483
347 59 1.15989632547
348 60 1.14983585252
349 61 1.07122608371
350 62 1.01435008766
351 63 0.936929419612
352 64 3.40886363276
353 64 3.40886363276
354 64 3.40886363276
355 64 3.40886363276
356 64 3.40886363276
357 64 3.40886363276
358 64 3.40886363276
359 64 3.40886363276
360 64 3.40886363276
361 64 3.40886363276
362 64 3.40886363276
363 64 3.40886363276
364 64 3.40886363276
365 64 3.40886363276
366 64 3.40886363276
367 64 3.40886363276
368 64 3.40886363276
369 64 3.40886363276
370 64 3.40886363276
371 64 3.40886363276
372 64 3.40886363276
373 64 3.40886363276
374 64 3.40886363276
375 64 3.40886363276
376 64 3.40886363276
377 64 3.40886363276
378 64 3.40886363276
379 64 3.40886363276
380 64 3.40886363276
381 64 3.40886363276
382 64 3.40886363276
383 64 3.40886363276
384 64 3.40886363276
385 64 3.40886363276
386 64 3.40886363276
387 64 3.40886363276
388 64 3.40886363276
389 64 3.40886363276
390 64 3.40886363276
391 64 3.40886363276
392 64 3.40886363276
393 64 3.40886363276
394 64 3.40886363276
395 64 3.40886363276
396 64 3.40886363276
397 64 3.40886363276
398 64 3.40886363276
399 64 3.40886363276
400 65 0.933405101525
401 66 0.976154604088
402 67 0.943868664877
403 68 0.948649332155
404 69 0.957824412373
405 70 1.03312654576
406 71 1.02165810164
407 72 1.0025962421
408 73 1.07046242532
409 74 1.11160884475
410 75 1.07296214488
411 76 1.08378337656
412 77 1.13167499615
413 78 1.21104968139
414 79 1.28245043266
415 80 1.2914920251
416 81 1.34271760352
417 82 1.33671952648
418 83 1.31550062665
419 84 1.27592794345
420 85 1.20411893192
421 86 1.182412497
422 87 1.10673704304
423 88 1.10415738913
424 89 1.03923097027
425 90 1.04230144119
426 91 1.12332658376
427 92 1.11623301302
428 93 1.1617453189
429 94 1.16853210214
430 95 1.22300282985
431 96 1.20187819162
432 97 1.26310774412
433 98 1.24556144456
434 99 1.26383215594
435 100 1.26530344662
436 101 1.23651595938
437 102 1.26890718903
438 103 1.21680549081
439 104 0.732557141899
440 104 0.732557141899
441 104 0.732557141899
442 104 0.732557141899
443 104 0.732557141899
444 104 0.732557141899
445 104 0.732557141899
446 104 0.732557141899
447 104 0.732557141899
448 104 0.732557141899
449 104 0.732557141899
450 104 0.732557141899
451 104 0.732557141899
452 104 0.732557141899
453 104 0.732557141899
454 104 0.732557141899
455 104 0.732557141899
456 104 0.732557141899
457 104 0.732557141899
458 104 0.732557141899
459 104 0.732557141899
460 104 0.732557141899
461 104 0.732557141899
462 104 0.732557141899
463 104 0.732557141899
464 104 0.732557141899
465 104 0.732557141899
466 104 0.732557141899
467 104 0.732557141899
468 104 0.732557141899
469 104 0.732557141899
470 104 0.732557141899
471 104 0.732557141899
472 104 0.732557141899
473 104 0.732557141899
474 104 0.732557141899
475 104 0.732557141899
476 104 0.732557141899
477 104 0.732557141899
478 104 0.732557141899
479 104 0.732557141899
480 104 0.732557141899
481 104 0.732557141899
482 104 0.732557141899
483 104 0.732557141899
484 104 0.732557141899
485 104 0.732557141899
486 104 0.732557141899
487 104 0.732557141899
488 104 0.732557141899
489 104 0.732557141899
490 104 0.732557141899
491 104 0.732557141899
492 104 0.732557141899
493 104 0.732557141899
494 104 0.732557141899
495 104 0.732557141899
496 104 0.732557141899
497 104 0.732557141899
498 104 0.732557141899
499 104 0.732557141899
500 104 0.732557141899
501 104 0.732557141899
502 104 0.732557141899
503 104 0.732557141899
504 104 0.732557141899
505 104 0.732557141899
506 104 0.732557141899
507 104 0.732557141899
508 104 0.732557141899
509 104 0.732557141899
510 104 0.732557141899
511 104 0.732557141899
512 104 0.732557141899
513 104 0.732557141899
514 104 0.732557141899
515 104 0.732557141899
516 104 0.732557141899
517 104 0.732557141899
518 104 0.732557141899
519 104 0.732557141899
520 104 0.732557141899
521 104 0.732557141899
522 104 0.732557141899
523 104 0.732557141899
524 104 0.732557141899
525 104 0.732557141899
526 104 0.732557141899
527 104 0.732557141899
528 104 0.732557141899
529 104 0.732557141899
530 104 0.732557141899
531 105 0.260026351894
532 106 0.245542192199
533 107 0.21952105401
534 108 0.230748288955
535 109 0.272768913648
536 110 0.318400047439
537 111 0.362462662979
538 112 0.417194758958
539 113 0.470066822842
540 114 0.51755034159
541 115 0.508882020699
542 116 0.557370259788
543 117 0.57595009252
544 118 0.534692980598
545 119 0.52005668304
546 120 0.465190076594
547 121 0.472669835867
548 122 0.425811203521
549 123 0.424778718684
550 124 0.417889305211
551 125 0.387083443869
552 126 0.347161735661
553 127 0.346064041593
554 128 0.321834860175
555 129 0.276800082298
556 130 0.274945283611
557 131 0.26660819621
558 132 0.223001345065
559 133 0.198302791076
560 134 0.2112923954
561 135 0.178560899552
562 136 0.138213790579
563 137 0.150887407663
564 138 0.150276274134
565 139 0.105572286828
566 140 0.111231426022
567 141 0.149622069337
568 142 0.173127738885
569 143 0.223042168973
570 144 0.24945436333
571 145 0.21865945246
572 146 0.233117886708
573 147 0.287432947074
574 148 0.289120920305
575 149 0.279087083541
576 151 0.471286556936
577 152 0.481422306409
578 151 0.56055233502
579 151 0.56055233502
580 151 0.56055233502
581 151 0.56055233502
582 151 0.56055233502
583 151 0.56055233502
584 151 0.56055233502
585 151 0.56055233502
586 151 0.56055233502
587 151 0.56055233502
588 151 0.56055233502
589 151 0.56055233502
590 151 0.56055233502
591 151 0.56055233502
592 151 0.56055233502
593 151 0.56055233502
594 151 0.56055233502
595 151 0.56055233502
596 151 0.56055233502
597 151 0.56055233502
598 151 0.56055233502
599 151 0.56055233502
600 151 0.56055233502
601 151 0.56055233502
602 151 0.56055233502
603 151 0.56055233502
604 151 0.56055233502
605 151 0.56055233502
606 151 0.56055233502
607 151 0.56055233502
608 151 0.56055233502
609 151 0.56055233502
610 151 0.56055233502
611 151 0.56055233502
612 151 0.56055233502
613 151 0.56055233502
614 151 0.56055233502
615 151 0.56055233502
616 151 0.56055233502
617 151 0.56055233502
618 151 0.56055233502
619 151 0.56055233502
620 151 0.56055233502
621 151 0.56055233502
622 151 0.56055233502
623 151 0.56055233502
624 151 0.56055233502
625 151 0.56055233502
626 151 0.56055233502
627 151 0.56055233502
628 151 0.56055233502
629 151 0.56055233502
630 151 0.56055233502
631 151 0.56055233502
632 151 0.56055233502
633 151 0.56055233502
634 151 0.56055233502
635 151 0.56055233502
636 151 0.56055233502
637 151 0.56055233502
638 151 0.56055233502
639 151 0.56055233502
640 151 0.56055233502
641 151 0.56055233502
642 151 0.56055233502
643 151 0.56055233502
644 151 0.56055233502
645 151 0.56055233502
646 151 0.56055233502
647 151 0.56055233502
648 151 0.56055233502
649 151 0.56055233502
650 151 0.56055233502
651 151 0.56055233502
652 151 0.56055233502
653 151 0.56055233502
654 151 0.56055233502
655 151 0.56055233502
656 151 0.56055233502
657 151 0.56055233502
658 151 0.56055233502
659 151 0.56055233502
660 151 0.56055233502
661 151 0.56055233502
662 151 0.56055233502
663 151 0.56055233502
664 151 0.56055233502
665 151 0.56055233502
666 151 0.56055233502
667 151 0.56055233502
668 151 0.56055233502
669 153 1.2771548062
670 153 1.2771548062
671 153 1.2771548062
672 153 1.2771548062
673 153 1.2771548062
674 153 1.2771548062
675 153 1.2771548062
676 153 1.2771548062
677 153 1.2771548062
678 153 1.2771548062
679 153 1.2771548062
680 153 1.2771548062
681 153 1.2771548062
682 153 1.2771548062
683 153 1.2771548062
684 153 1.2771548062
685 153 1.2771548062
686 153 1.2771548062
687 153 1.2771548062
688 153 1.2771548062
689 153 1.2771548062
690 153 1.2771548062
691 153 1.2771548062
692 153 1.2771548062
693 153 1.2771548062
694 153 1.2771548062
695 153 1.2771548062
696 153 1.2771548062
697 153 1.2771548062
698 153 1.2771548062
699 153 1.2771548062
700 153 1.2771548062
701 153 1.2771548062
702 153 1.2771548062
703 153 1.2771548062
704 153 1.2771548062
705 153 1.2771548062
706 153 1.2771548062
707 153 1.2771548062
708 153 1.2771548062
709 153 1.2771548062
710 153 1.2771548062
711 153 1.2771548062
712 153 1.2771548062
713 153 1.2771548062
714 153 1.2771548062
715 153 1.2771548062
716 153 1.2771548062
717 153 1.2771548062
718 153 1.2771548062
719 153 1.2771548062
720 153 1.2771548062
721 153 1.2771548062
722 153 1.2771548062
723 153 1.2771548062
724 153 1.2771548062
725 153 1.2771548062
726 153 1.2771548062
727 153 1.2771548062
728 153 1.2771548062
729 153 1.2771548062
730 153 1.2771548062
731 153 1.2771548062
732 153 1.2771548062
733 153 1.2771548062
734 153 1.2771548062
735 153 1.2771548062
736 153 1.2771548062
737 153 1.2771548062
738 153 1.2771548062
739 153 1.2771548062
740 153 1.2771548062
741 153 1.2771548062
742 153 1.2771548062
743 153 1.2771548062
744 153 1.2771548062
745 153 1.2771548062
746 153 1.2771548062
747 153 1.2771548062
748 153 1.2771548062
749 153 1.2771548062
750 153 1.2771548062
751 153 1.2771548062
752 153 1.2771548062
753 153 1.2771548062
754 153 1.2771548062
755 153 1.2771548062
756 153 1.2771548062
757 153 1.2771548062
758 153 1.2771548062
759 153 1.2771548062
760 153 1.2771548062
761 153 1.2771548062
762 154 8.36202362466
763 154 8.36202362466
764 154 8.36202362466
765 154 8.36202362466
766 154 8.36202362466
767 154 8.36202362466
768 154 8.36202362466
769 154 8.36202362466
770 154 8.36202362466
771 154 8.36202362466
772 154 8.36202362466
773 154 8.36202362466
774 154 8.36202362466
775 154 8.36202362466
776 154 8.36202362466
777 154 8.36202362466
778 154 8.36202362466
779 154 8.36202362466
780 154 8.36202362466
781 154 8.36202362466
782 154 8.36202362466
783 154 8.36202362466
784 154 8.36202362466
785 154 8.36202362466
786 154 8.36202362466
787 154 8.36202362466
788 154 8.36202362466
789 154 8.36202362466
790 154 8.36202362466
791 154 8.36202362466
792 154 8.36202362466
793 154 8.36202362466
794 154 8.36202362466
795 154 8.36202362466
796 154 8.36202362466
797 154 8.36202362466
798 154 8.36202362466
799 154 8.36202362466
800 154 8.36202362466
801 154 8.36202362466
802 154 8.36202362466
803 154 8.36202362466
804 154 8.36202362466
805 154 8.36202362466
806 154 8.36202362466
807 154 8.36202362466
808 154 8.36202362466
809 154 8.36202362466
810 154 8.36202362466
811 154 8.36202362466
812 154 8.36202362466
813 154 8.36202362466
814 154 8.36202362466
815 154 8.36202362466
816 154 8.36202362466
817 154 8.36202362466
818 154 8.36202362466
819 154 8.36202362466
820 154 8.36202362466
821 154 8.36202362466
822 154 8.36202362466
823 154 8.36202362466
824 154 8.36202362466
825 154 8.36202362466
826 154 8.36202362466
827 154 8.36202362466
828 154 8.36202362466
829 154 8.36202362466
830 154 8.36202362466
831 154 8.36202362466
832 154 8.36202362466
833 154 8.36202362466
834 154 8.36202362466
835 154 8.36202362466
836 154 8.36202362466
837 154 8.36202362466
838 154 8.36202362466
839 154 8.36202362466
840 154 8.36202362466
841 154 8.36202362466
842 154 8.36202362466
843 154 8.36202362466
844 154 8.36202362466
845 154 8.36202362466
846 154 8.36202362466
847 154 8.36202362466
848 154 8.36202362466
849 154 8.36202362466
850 154 8.36202362466
851 154 8.36202362466
852 154 8.36202362466
853 154 8.36202362466
854 154 8.36202362466
855 155 3.94191401234
856 155 3.94191401234
857 155 3.94191401234
858 155 3.94191401234
859 155 3.94191401234
860 155 3.94191401234
861 155 3.94191401234
862 155 3.94191401234
863 155 3.94191401234
864 155 3.94191401234
865 155 3.94191401234
866 155 3.94191401234
867 155 3.94191401234
868 155 3.94191401234
869 155 3.94191401234
870 155 3.94191401234
871 155 3.94191401234
872 155 3.94191401234
873 155 3.94191401234
874 155 3.94191401234
875 155 3.94191401234
876 155 3.94191401234
877 155 3.94191401234
878 155 3.94191401234
879 155 3.94191401234
880 155 3.94191401234
881 155 3.94191401234
882 155 3.94191401234
883 155 3.94191401234
884 155 3.94191401234
885 155 3.94191401234
886 155 3.94191401234
887 155 3.94191401234
888 155 3.94191401234
889 155 3.94191401234
890 155 3.94191401234
891 155 3.94191401234
892 155 3.94191401234
893 155 3.94191401234
894 155 3.94191401234
895 155 3.94191401234
896 155 3.94191401234
897 155 3.94191401234
898 155 3.94191401234
899 155 3.94191401234
900 155 3.94191401234
901 155 3.94191401234
902 155 3.94191401234
903 155 3.94191401234
904 155 3.94191401234
905 155 3.94191401234
906 155 3.94191401234
907 155 3.94191401234
908 155 3.94191401234
909 155 3.94191401234
910 155 3.94191401234
911 155 3.94191401234
912 155 3.94191401234
913 155 3.94191401234
914 155 3.94191401234
915 155 3.94191401234
916 155 3.94191401234
917 155 3.94191401234
918 155 3.94191401234
919 155 3.94191401234
920 155 3.94191401234
921 155 3.94191401234
922 155 3.94191401234
923 155 3.94191401234
924 155 3.94191401234
925 155 3.94191401234
926 155 3.94191401234
927 155 3.94191401234
928 155 3.94191401234
929 155 3.94191401234
930 155 3.94191401234
931 155 3.94191401234
932 155 3.94191401234
933 155 3.94191401234
934 155 3.94191401234
935 155 3.94191401234
936 155 3.94191401234
937 155 3.94191401234
938 155 3.94191401234
939 155 3.94191401234
940 155 3.94191401234
941 155 3.94191401234
942 155 3.94191401234
943 155 3.94191401234
944 155 3.94191401234
945 155 3.94191401234
946 155 3.94191401234
947 155 3.94191401234
948 156 12.5106705615
949 156 12.5106705615
950 157 1.47142494607
951 158 1.49087938603
952 159 1.55006564046
953 160 1.5950154519
954 161 1.56220868193
955 162 1.51839906907
956 163 1.6016075255
957 164 1.53549905327
958 165 1.63876516503
959 166 1.57398112686
960 167 1.67640992523
961 168 1.55503097095
962 169 1.43731512724
963 170 1.35261533364
964 171 1.3856410533
965 172 1.37279105186
966 173 1.26057523523
967 174 1.2117084821
968 175 1.25022165478
969 176 1.26001525509
970 177 1.16990264452
971 178 1.15389081737
972 179 1.22307341693
973 180 1.23595099233
974 181 1.18124968348
975 182 1.20611967129
976 183 1.31551748579
977 184 1.3646757905
978 185 1.43929981473
979 186 1.48125793363
980 187 1.65121646915
981 188 1.73125993262
982 189 1.85547175834
983 190 1.82208094895
984 191 1.98157877764
985 192 1.92768512126
986 193 1.75149241758
987 194 1.72447173296
988 195 1.6156317512
989 196 3.07057160265
990 196 3.07057160265
991 196 3.07057160265
992 196 3.07057160265
993 196 3.07057160265
994 196 3.07057160265
995 196 3.07057160265
996 196 3.07057160265
997 196 3.07057160265
998 196 3.07057160265
999 196 3.07057160265
1000 196 3.07057160265
1001 196 3.07057160265
1002 196 3.07057160265
1003 196 3.07057160265
1004 196 3.07057160265
1005 196 3.07057160265
1006 196 3.07057160265
1007 196 3.07057160265
1008 196 3.07057160265
1009 196 3.07057160265
1010 196 3.07057160265
1011 196 3.07057160265
1012 196 3.07057160265
1013 196 3.07057160265
1014 196 3.07057160265
1015 196 3.07057160265
1016 196 3.07057160265
1017 196 3.07057160265
1018 196 3.07057160265
1019 196 3.07057160265
1020 196 3.07057160265
1021 196 3.07057160265
1022 196 3.07057160265
1023 196 3.07057160265
1024 196 3.07057160265
1025 196 3.07057160265
1026 196 3.07057160265
1027 196 3.07057160265
1028 196 3.07057160265
1029 196 3.07057160265
1030 196 3.07057160265
1031 196 3.07057160265
1032 196 3.07057160265
1033 196 3.07057160265
1034 196 3.07057160265
1035 196 3.07057160265
1036 196 3.07057160265
1037 196 3.07057160265
1038 196 3.07057160265
1039 196 3.07057160265
1040 196 3.07057160265
1041 196 3.07057160265
1042 196 3.07057160265
1043 196 3.07057160265
1044 196 3.07057160265
1045 196 3.07057160265
1046 196 3.07057160265
1047 196 3.07057160265
1048 196 3.07057160265
1049 196 3.07057160265
1050 196 3.07057160265
1051 196 3.07057160265
1052 196 3.07057160265
1053 196 3.07057160265
1054 196 3.07057160265
1055 196 3.07057160265
1056 196 3.07057160265
1057 196 3.07057160265
1058 196 3.07057160265
1059 196 3.07057160265
1060 196 3.07057160265
1061 196 3.07057160265
1062 196 3.07057160265
1063 196 3.07057160265
1064 196 3.07057160265
1065 196 3.07057160265
1066 196 3.07057160265
1067 196 3.07057160265
1068 196 3.07057160265
1069 196 3.07057160265
1070 196 3.07057160265
1071 196 3.07057160265
1072 196 3.07057160265
1073 196 3.07057160265
1074 196 3.07057160265
1075 196 3.07057160265
1076 196 3.07057160265
1077 196 3.07057160265
1078 196 3.07057160265
1079 196 3.07057160265
1080 196 3.07057160265
1081 196 3.07057160265
1082 196 3.07057160265
1083 197 1.18510774919
1084 198 1.13306385798
1085 199 1.17904739615
1086 200 1.33201910981
1087 201 1.36316557349
1088 202 1.28880332239
1089 203 1.41033649533
1090 204 1.53890596283
1091 205 1.49668908382
1092 206 1.46729205051
1093 207 1.63277562228
1094 208 1.70874054623
1095 209 1.76229885849
1096 210 1.66487425624
1097 211 1.80333714695
1098 212 1.81426749334
1099 213 1.63603047791
1100 214 1.63939802489
1101 215 1.79484023403
1102 216 1.72759181121
1103 217 1.77598153328
1104 218 1.60602951172
1105 219 1.5437390009
1106 220 1.65367206162
1107 221 1.75283760058
1108 222 1.63352411151
1109 223 1.48596777721
1110 224 1.56446520873
1111 225 1.69439023307
1112 226 1.79172957466
1113 227 1.97302202235
1114 228 1.97518338872
1115 229 2.11912240243
1116 230 2.12769862086
1117 231 1.95124071403
1118 232 1.92118837894
1119 233 2.07466623833
1120 234 2.01724383621
1121 235 1.84265425847
1122 236 1.89850851879
1123 237 2.03873517544
1124 238 2.15491215239
1125 239 2.30702919393
1126 240 2.2886528156
1127 241 2.40158744766
1128 242 2.30273756162
1129 243 2.14823578879
1130 244 2.21271310267
1131 245 2.27272221065
1132 246 2.11234353633
1133 247 2.02156322581
1134 248 2.13305452168
1135 249 2.10701151413
1136 250 1.92428649131
1137 251 1.90982125537
1138 252 2.02766076107
1139 253 1.95960608078
1140 254 1.78650953144
1141 255 2.99962181718
1142 255 2.99962181718
1143 255 2.99962181718
1144 255 2.99962181718
1145 255 2.99962181718
1146 255 2.99962181718
