1 0 105.268980357
2 0 105.268980357
3 0 105.268980357
4 0 105.268980357
5 0 105.268980357
6 0 105.268980357
7 0 105.268980357
8 0 105.268980357
9 1 117.665766796
10 2 117.708699354
11 3 116.191684072
12 4 116.375348227
13 5 114.964390757
14 6 113.757804078
15 7 112.482340791
16 8 112.308846704
17 9 110.625428239
18 10 109.133161211
19 11 107.603930204
20 12 106.035093995
21 13 105.000011144
22 14 103.465549804
23 15 102.076390677
24 16 102.517332418
25 17 103.995103729
26 18 104.27866035
27 19 105.368299553
28 20 105.045075236
29 21 106.594623825
30 22 108.142494631
31 23 109.669674598
32 24 110.775395739
33 25 110.07105285
34 26 111.5005644
35 27 110.825326722
36 28 111.619491254
37 29 110.783650339
38 30 111.287405894
39 31 110.747966956
40 32 110.798191931
41 33 110.386120051
42 34 109.722068958
43 35 108.623800232
44 36 107.447928018
45 37 107.60500049
46 38 107.729816603
47 39 106.09153809
48 40 105.538088332
49 41 106.384804017
50 42 105.832990967
51 43 104.303967635
52 44 104.32862653
53 45 103.171366056
54 46 103.073964806
55 47 103.900459491
56 48 103.929334707
57 49 105.510368584
58 50 106.854938737
59 51 107.246123558
60 52 108.730433434
61 53 108.737090811
62 54 110.213945133
63 55 110.627819901
64 56 112.124201035
65 57 113.120364
66 58 114.870153019
67 59 115.604192818
68 60 114.905976487
69 61 113.138030021
70 62 112.164949044
71 63 111.049535183
72 64 109.480665745
73 65 108.919505474
74 66 107.255751272
75 67 106.171210891
76 68 104.68074904
77 69 103.515610068
78 70 102.177988285
79 71 100.814554488
80 72 100.819990518
81 73 101.510245845
82 74 101.650678876
83 75 103.138566992
84 76 102.885933803
85 77 101.817373151
86 78 101.385764581
87 79 101.895873965
88 80 101.968461918
89 81 103.341746697
90 82 104.757021858
91 83 106.234853664
92 84 107.690435809
93 85 109.388554195
94 86 110.471604543
95 87 112.16679156
96 88 113.449902513
97 89 113.747448824
98 90 113.117968222
99 91 112.564288499
100 92 111.041822276
101 93 111.033077894
102 94 111.423486476
103 95 110.269481725
104 96 108.998368543
105 97 109.118139159
106 98 109.203192635
107 99 107.94530438
108 100 106.894439865
109 101 107.535213132
110 102 107.337038864
111 103 105.743164159
112 104 105.505047976
113 105 106.146952159
114 106 105.0716172
115 107 103.865824829
116 108 104.509101567
117 109 104.62999052
118 110 106.150316541
119 111 106.896743377
120 112 108.375599479
121 113 108.792870965
122 114 108.40436461
123 115 109.434664353
124 116 110.804425642
125 117 110.63154091
126 118 110.61284314
127 119 112.021644392
128 120 86.5064381136
129 120 86.5064381136
130 120 86.5064381136
131 120 86.5064381136
132 120 86.5064381136
133 120 86.5064381136
134 120 86.5064381136
135 120 86.5064381136
136 120 86.5064381136
137 120 86.5064381136
138 120 86.5064381136
139 120 86.5064381136
140 120 86.5064381136
141 120 86.5064381136
142 120 86.5064381136
143 120 86.5064381136
144 120 86.5064381136
145 120 86.5064381136
146 120 86.5064381136
147 120 86.5064381136
148 120 86.5064381136
149 120 86.5064381136
150 120 86.5064381136
151 120 86.5064381136
152 120 86.5064381136
153 120 86.5064381136
154 120 86.5064381136
155 120 86.5064381136
156 120 86.5064381136
157 120 86.5064381136
158 120 86.5064381136
159 120 86.5064381136
160 120 86.5064381136
161 120 86.5064381136
162 120 86.5064381136
163 120 86.5064381136
164 120 86.5064381136
165 120 86.5064381136
166 120 86.5064381136
167 120 86.5064381136
168 120 86.5064381136
169 120 86.5064381136
170 120 86.5064381136
171 120 86.5064381136
172 120 86.5064381136
173 120 86.5064381136
174 120 86.5064381136
175 120 86.5064381136
176 120 86.5064381136
177 120 86.5064381136
178 120 86.5064381136
179 120 86.5064381136
180 120 86.5064381136
181 120 86.5064381136
182 120 86.5064381136
183 120 86.5064381136
184 120 86.5064381136
185 120 86.5064381136
186 120 86.5064381136
187 120 86.5064381136
188 120 86.5064381136
189 120 86.5064381136
190 120 86.5064381136
191 120 86.5064381136
192 120 86.5064381136
193 121 71.8866595864
194 121 71.8866595864
195 121 71.8866595864
196 121 71.8866595864
197 121 71.8866595864
198 121 71.8866595864
199 121 71.8866595864
200 121 71.8866595864
201 121 71.8866595864
202 121 71.8866595864
203 121 71.8866595864
204 121 71.8866595864
205 121 71.8866595864
206 121 71.8866595864
207 121 71.8866595864
208 121 71.8866595864
209 121 71.8866595864
210 121 71.8866595864
211 121 71.8866595864
212 121 71.8866595864
213 121 71.8866595864
214 121 71.8866595864
215 121 71.8866595864
216 121 71.8866595864
217 121 71.8866595864
218 121 71.8866595864
219 121 71.8866595864
220 121 71.8866595864
221 121 71.8866595864
222 121 71.8866595864
223 121 71.8866595864
224 121 71.8866595864
225 121 71.8866595864
226 121 71.8866595864
227 121 71.8866595864
228 121 71.8866595864
229 121 71.8866595864
230 121 71.8866595864
231 121 71.8866595864
232 121 71.8866595864
233 121 71.8866595864
234 121 71.8866595864
235 121 71.8866595864
236 121 71.8866595864
237 121 71.8866595864
238 121 71.8866595864
239 121 71.8866595864
240 121 71.8866595864
241 121 71.8866595864
242 121 71.8866595864
243 121 71.8866595864
244 121 71.8866595864
245 121 71.8866595864
246 121 71.8866595864
247 121 71.8866595864
248 121 71.8866595864
249 121 71.8866595864
250 121 71.8866595864
251 121 71.8866595864
252 121 71.8866595864
253 121 71.8866595864
254 121 71.8866595864
255 121 71.8866595864
256 121 71.8866595864
257 122 77.2179393452
258 123 76.0119986983
259 124 74.0172832277
260 125 72.4867490202
261 126 72.6131621741
262 127 70.869540007
263 128 71.5125644551
264 129 72.7463034474
265 130 71.3461803918
266 131 70.1734956289
267 132 71.4437032311
268 133 71.6046928062
269 134 69.7292720885
270 135 69.2620707429
271 136 69.0514919539
272 137 69.1187438189
273 138 67.7498655065
274 139 67.3512754425
275 140 65.902561262
276 141 65.61849511
277 142 64.3188740541
278 143 65.0404545463
279 144 66.5008491974
280 145 65.8274002692
281 146 65.5571776846
282 147 67.1505949033
283 148 67.6544575401
284 149 68.3363091886
285 150 67.8554840905
286 151 66.5211406603
287 152 65.6815723706
288 153 66.0700278877
289 154 67.6711913628
290 155 67.607518806
291 156 67.010737594
292 157 68.3809814934
293 158 69.6273443279
294 159 69.1416274814
295 160 69.5876680992
296 161 71.3621914172
297 162 71.8204905155
298 163 71.4704545295
299 164 72.8145952362
300 165 74.289968084
301 166 73.8330807994
302 167 73.5070612346
303 168 71.5226601795
304 169 70.8844765985
305 170 68.9886658772
306 171 68.0690249932
307 172 68.6488505903
308 173 67.444534222
309 174 66.4997595604
310 175 65.0188254118
311 176 65.653191185
312 177 64.669550184
313 178 65.6729103382
314 179 66.314183823
315 180 68.2064112486
316 181 69.5440192255
317 182 71.442580004
318 183 73.2568397257
319 184 75.1589045126
320 185 76.0358542489
321 186 74.4808000476
322 187 74.897090882
323 188 77.1248190533
324 189 76.7721699953
325 190 75.7409285025
326 191 77.4928589688
327 192 77.5708695547
328 193 73.2567840334
329 193 73.2567840334
330 193 73.2567840334
331 193 73.2567840334
332 193 73.2567840334
333 193 73.2567840334
334 193 73.2567840334
335 193 73.2567840334
336 193 73.2567840334
337 193 73.2567840334
338 193 73.2567840334
339 193 73.2567840334
340 193 73.2567840334
341 193 73.2567840334
342 193 73.2567840334
343 193 73.2567840334
344 193 73.2567840334
345 193 73.2567840334
346 193 73.2567840334
347 193 73.2567840334
348 193 73.2567840334
349 193 73.2567840334
350 193 73.2567840334
351 193 73.2567840334
352 193 73.2567840334
353 193 73.2567840334
354 193 73.2567840334
355 193 73.2567840334
356 194 58.5255100869
357 194 58.5255100869
358 194 58.5255100869
359 194 58.5255100869
360 194 58.5255100869
361 194 58.5255100869
362 194 58.5255100869
363 194 58.5255100869
364 194 58.5255100869
365 194 58.5255100869
366 194 58.5255100869
367 194 58.5255100869
368 194 58.5255100869
369 194 58.5255100869
370 194 58.5255100869
371 194 58.5255100869
372 194 58.5255100869
373 194 58.5255100869
374 194 58.5255100869
375 194 58.5255100869
376 194 58.5255100869
377 194 58.5255100869
378 194 58.5255100869
379 194 58.5255100869
380 194 58.5255100869
381 194 58.5255100869
382 194 58.5255100869
383 194 58.5255100869
384 194 58.5255100869
385 194 58.5255100869
386 194 58.5255100869
387 194 58.5255100869
388 194 58.5255100869
389 194 58.5255100869
390 194 58.5255100869
391 194 58.5255100869
392 194 58.5255100869
393 194 58.5255100869
394 194 58.5255100869
395 194 58.5255100869
396 194 58.5255100869
397 194 58.5255100869
398 194 58.5255100869
399 194 58.5255100869
400 194 58.5255100869
401 194 58.5255100869
402 194 58.5255100869
403 194 58.5255100869
404 194 58.5255100869
405 194 58.5255100869
406 194 58.5255100869
407 194 58.5255100869
408 194 58.5255100869
409 194 58.5255100869
410 194 58.5255100869
411 194 58.5255100869
412 194 58.5255100869
413 194 58.5255100869
414 194 58.5255100869
415 194 58.5255100869
416 194 58.5255100869
417 194 58.5255100869
418 194 58.5255100869
419 194 58.5255100869
420 194 58.5255100869
421 194 58.5255100869
422 194 58.5255100869
423 194 58.5255100869
424 194 58.5255100869
425 194 58.5255100869
426 194 58.5255100869
427 194 58.5255100869
428 194 58.5255100869
429 194 58.5255100869
430 194 58.5255100869
431 195 42.2903550878
432 195 42.2903550878
433 195 42.2903550878
434 195 42.2903550878
435 195 42.2903550878
436 195 42.2903550878
437 195 42.2903550878
438 195 42.2903550878
439 195 42.2903550878
440 195 42.2903550878
441 195 42.2903550878
442 195 42.2903550878
443 195 42.2903550878
444 195 42.2903550878
445 195 42.2903550878
446 195 42.2903550878
447 195 42.2903550878
448 195 42.2903550878
449 195 42.2903550878
450 195 42.2903550878
451 195 42.2903550878
452 195 42.2903550878
453 195 42.2903550878
454 195 42.2903550878
455 195 42.2903550878
456 195 42.2903550878
457 195 42.2903550878
458 195 42.2903550878
459 195 42.2903550878
460 195 42.2903550878
461 195 42.2903550878
462 195 42.2903550878
463 195 42.2903550878
464 195 42.2903550878
465 195 42.2903550878
466 195 42.2903550878
467 195 42.2903550878
468 195 42.2903550878
469 195 42.2903550878
470 195 42.2903550878
471 195 42.2903550878
472 195 42.2903550878
473 195 42.2903550878
474 195 42.2903550878
475 195 42.2903550878
476 195 42.2903550878
477 195 42.2903550878
478 195 42.2903550878
479 195 42.2903550878
480 195 42.2903550878
481 195 42.2903550878
482 195 42.2903550878
483 195 42.2903550878
484 195 42.2903550878
485 195 42.2903550878
486 195 42.2903550878
487 195 42.2903550878
488 195 42.2903550878
489 195 42.2903550878
490 195 42.2903550878
491 195 42.2903550878
492 195 42.2903550878
493 195 42.2903550878
494 196 26.3039393746
495 196 26.3039393746
496 196 26.3039393746
497 196 26.3039393746
498 196 26.3039393746
499 196 26.3039393746
500 196 26.3039393746
501 196 26.3039393746
502 196 26.3039393746
503 196 26.3039393746
504 196 26.3039393746
505 196 26.3039393746
506 196 26.3039393746
507 196 26.3039393746
508 196 26.3039393746
509 196 26.3039393746
510 196 26.3039393746
511 196 26.3039393746
512 196 26.3039393746
513 196 26.3039393746
514 196 26.3039393746
515 196 26.3039393746
516 196 26.3039393746
517 196 26.3039393746
518 196 26.3039393746
519 196 26.3039393746
520 196 26.3039393746
521 196 26.3039393746
522 196 26.3039393746
523 196 26.3039393746
524 196 26.3039393746
525 196 26.3039393746
526 196 26.3039393746
527 196 26.3039393746
528 196 26.3039393746
529 196 26.3039393746
530 196 26.3039393746
531 196 26.3039393746
532 196 26.3039393746
533 196 26.3039393746
534 196 26.3039393746
535 196 26.3039393746
536 196 26.3039393746
537 196 26.3039393746
538 196 26.3039393746
539 196 26.3039393746
540 196 26.3039393746
541 196 26.3039393746
542 196 26.3039393746
543 196 26.3039393746
544 196 26.3039393746
545 196 26.3039393746
546 196 26.3039393746
547 196 26.3039393746
548 196 26.3039393746
549 196 26.3039393746
550 196 26.3039393746
551 196 26.3039393746
552 196 26.3039393746
553 196 26.3039393746
554 196 26.3039393746
555 196 26.3039393746
556 196 26.3039393746
557 196 26.3039393746
558 196 26.3039393746
559 196 26.3039393746
560 196 26.3039393746
561 196 26.3039393746
562 196 26.3039393746
563 197 41.3282250518
564 198 42.1235644122
565 199 39.4369028563
566 200 37.2020813626
567 201 35.2141016142
568 202 33.0409392515
569 203 30.7921220898
570 204 28.5462000548
571 205 27.6063462097
572 206 29.8590951725
573 207 29.7992559322
574 208 27.3644734148
575 209 28.0926429579
576 210 30.066803981
577 211 28.430009308
578 212 27.2506999573
579 213 29.4465598195
580 214 30.25651011
581 215 28.4303732878
582 216 29.2148019061
583 217 31.5142802636
584 218 32.396402774
585 219 35.0471689539
586 220 36.0992386867
587 221 37.4190927788
588 222 35.0764185753
589 223 33.7336620776
590 224 35.8684763339
591 225 35.6648831572
592 226 32.8690835592
593 227 32.9385332523
594 228 35.5899741207
595 229 36.3202667268
596 230 38.5697493594
597 231 38.3861751793
598 232 39.4798240568
599 233 37.3961654163
600 234 35.3316162461
601 235 36.4998591906
602 236 36.7454451706
603 237 34.1447861233
604 238 33.0224481305
605 239 34.4742251301
606 240 33.8875917774
607 241 31.7315242921
608 242 32.0321199229
609 243 34.5012726691
610 244 33.6086739027
611 245 37.659761282
612 245 37.659761282
613 245 37.659761282
614 245 37.659761282
615 245 37.659761282
