1 0 66.2484218152
2 0 66.2484218152
3 0 66.2484218152
4 0 66.2484218152
5 0 66.2484218152
6 0 66.2484218152
7 0 66.2484218152
8 0 66.2484218152
9 0 66.2484218152
10 0 66.2484218152
11 0 66.2484218152
12 0 66.2484218152
13 0 66.2484218152
14 0 66.2484218152
15 0 66.2484218152
16 0 66.2484218152
17 0 66.2484218152
18 0 66.2484218152
19 0 66.2484218152
20 0 66.2484218152
21 0 66.2484218152
22 0 66.2484218152
23 0 66.2484218152
24 0 66.2484218152
25 0 66.2484218152
26 0 66.2484218152
27 0 66.2484218152
28 0 66.2484218152
29 0 66.2484218152
30 0 66.2484218152
31 0 66.2484218152
32 0 66.2484218152
33 0 66.2484218152
34 0 66.2484218152
35 0 66.2484218152
36 0 66.2484218152
37 0 66.2484218152
38 0 66.2484218152
39 0 66.2484218152
40 0 66.2484218152
41 0 66.2484218152
42 0 66.2484218152
43 0 66.2484218152
44 0 66.2484218152
45 1 56.6701517924
46 2 57.5300751546
47 3 56.2643508064
48 4 56.3677940112
49 5 56.6220698375
50 6 56.7645973352
51 7 57.4927054126
52 8 56.3819592241
53 9 55.7646665654
54 10 54.1766718445
55 11 52.3178851007
56 12 50.559302158
57 13 49.1340699403
58 14 49.1457348774
59 15 47.952823542
60 16 48.2717410098
61 17 47.5869433179
62 18 46.8229434467
63 19 47.3648984867
64 20 49.2793114712
65 21 50.6717154651
66 22 51.7083385403
67 23 50.7360345329
68 24 50.1578494223
69 25 49.617579879
70 26 50.6069260552
71 27 50.4350075856
72 28 52.2073789006
73 29 52.7809901253
74 30 54.0825301109
75 31 52.367477558
76 32 52.6898450148
77 33 51.2305141865
78 34 51.9402260713
79 35 51.1920869313
80 36 52.7264492331
81 37 52.8960395959
82 38 53.8526793645
83 39 54.8412179197
84 40 55.4924976694
85 41 56.1971899709
86 42 55.5350834438
87 43 53.4779738386
88 44 63.5801343316
89 44 63.5801343316
90 44 63.5801343316
91 44 63.5801343316
92 44 63.5801343316
93 44 63.5801343316
94 44 63.5801343316
95 44 63.5801343316
96 44 63.5801343316
97 44 63.5801343316
98 44 63.5801343316
99 44 63.5801343316
100 44 63.5801343316
101 44 63.5801343316
102 44 63.5801343316
103 44 63.5801343316
104 44 63.5801343316
105 44 63.5801343316
106 44 63.5801343316
107 44 63.5801343316
108 44 63.5801343316
109 44 63.5801343316
110 44 63.5801343316
111 44 63.5801343316
112 44 63.5801343316
113 44 63.5801343316
114 44 63.5801343316
115 44 63.5801343316
116 44 63.5801343316
117 44 63.5801343316
118 44 63.5801343316
119 44 63.5801343316
120 44 63.5801343316
121 44 63.5801343316
122 44 63.5801343316
123 44 63.5801343316
124 45 54.1513638795
125 46 52.473713392
126 47 53.0307163101
127 48 51.6504459839
128 49 52.3777261867
129 50 50.7187852553
130 51 52.1710947505
131 52 56.7289535103
132 52 56.7289535103
133 52 56.7289535103
134 52 56.7289535103
135 52 56.7289535103
136 52 56.7289535103
137 52 56.7289535103
138 52 56.7289535103
139 52 56.7289535103
140 52 56.7289535103
141 52 56.7289535103
142 52 56.7289535103
143 52 56.7289535103
144 52 56.7289535103
145 52 56.7289535103
146 52 56.7289535103
147 52 56.7289535103
148 52 56.7289535103
149 53 53.9450881176
150 54 52.1984657125
151 55 51.4990895688
152 56 49.7676053663
153 57 48.8097653517
154 58 47.2983231683
155 59 47.1927250253
156 60 45.9720484371
157 61 45.7576971412
158 62 44.221478188
159 63 44.8144585613
160 64 43.6811051064
161 65 43.7027189621
162 66 45.3924367451
163 67 46.2975577034
164 68 45.6474913762
165 69 46.851565007
166 70 46.904858798
167 71 48.6030747466
168 72 49.0374411798
169 73 50.7374802742
170 74 51.7027811023
171 75 50.6060367566
172 76 49.1013986174
173 77 49.1724509029
174 78 47.6620769822
175 79 46.8030267484
176 80 45.7194958242
177 81 46.4086617728
178 82 45.8489989557
179 83 46.9796091735
180 84 46.7197782094
181 85 48.3879620383
182 86 48.6329069741
183 87 48.4783363527
184 88 49.4976474089
185 89 48.1721181776
186 90 48.8619693882
187 91 47.9736134808
188 92 48.5834086724
189 93 47.9529270951
190 94 48.8946419672
191 95 47.0932130193
192 96 46.860652984
193 97 45.1516810503
194 98 44.6210976774
195 99 45.6545769129
196 100 45.3187006788
197 101 45.9153429985
198 102 44.6772663354
199 103 45.385980626
200 104 46.9385788138
201 105 47.4033618848
202 106 47.7158831147
203 107 46.4512732455
204 108 46.6077061919
205 109 45.5461470477
206 110 44.5296789594
207 111 43.3693620038
208 112 42.6270443291
209 113 41.3562756399
210 114 41.5523609746
211 115 40.6290485513
212 116 40.1367183461
213 117 40.7474799817
214 118 41.0883377051
215 119 42.3171405281
216 120 43.4123357381
217 121 43.931087505
218 122 45.1940567702
219 123 45.6342111527
220 124 44.7530350662
221 125 43.4377026535
222 126 42.5124265251
223 127 42.1412614536
224 128 41.1455565022
225 129 41.3921981245
226 130 40.4863203622
227 131 40.9333853906
228 132 39.92143828
229 133 40.0135336352
230 134 40.5956934245
231 135 40.2206268638
232 136 40.3554906019
233 137 41.334101232
234 138 41.3236282263
235 139 42.1905939798
236 140 42.4692741691
237 141 43.5197911129
238 142 44.9098201181
239 143 45.8067505774
240 144 45.9785707371
241 145 44.8385679585
242 146 45.8420180132
243 147 44.8704571802
244 148 43.420547611
245 149 42.9895904979
246 150 41.850309496
247 151 41.6454256373
248 152 42.111830516
249 153 41.488594889
250 154 40.4525139804
251 155 40.4358849183
252 156 39.5769133967
253 157 40.1245121961
254 158 41.1324290243
255 159 42.01998987
256 160 42.8748768421
257 161 44.1164051648
258 162 44.8982002728
259 163 46.2355895675
260 164 45.3245878176
261 165 45.2799098116
262 166 43.8650279402
263 167 43.0561092794
264 168 41.9160481153
265 169 41.0354682496
266 170 40.3125178023
267 171 39.5112657727
268 172 39.2341837936
269 173 38.8393332801
270 174 39.174619037
271 175 39.9243542177
272 176 40.2372299089
273 177 34.4003464397
274 177 34.4003464397
275 177 34.4003464397
276 177 34.4003464397
277 177 34.4003464397
278 177 34.4003464397
279 177 34.4003464397
280 177 34.4003464397
281 177 34.4003464397
282 177 34.4003464397
283 177 34.4003464397
284 177 34.4003464397
285 178 39.8702021889
286 179 40.1894560171
287 180 40.7735456483
288 181 41.7374075987
289 182 42.5337510581
290 183 43.6149906458
291 184 44.6117379192
292 185 45.5192884277
293 186 46.5168399475
294 187 47.2621772106
295 188 46.1049241593
296 189 45.3098042376
297 190 46.3517255159
298 191 47.474984439
299 192 48.0805116898
300 193 48.9458866053
301 194 48.3024243178
302 195 48.5354703586
303 196 46.899083756
304 197 45.9999242809
305 198 46.9464450247
306 199 46.0367532752
307 200 44.7618341
308 201 44.5842910244
309 202 43.7466988374
310 203 44.5130963395
311 204 44.2687172023
312 205 44.3429215739
313 206 44.1599676115
314 207 43.0781843072
315 208 42.4756376412
316 209 43.7201406332
317 210 43.8178579656
318 211 45.2056293439
319 212 45.652980272
320 213 47.1966718715
321 214 47.9156960371
322 215 49.4509774333
323 216 49.1979863308
324 217 50.0171809123
325 218 48.7452241369
326 219 47.7816996173
327 220 46.38537052
328 221 45.5603073524
329 222 44.1526118887
330 223 43.2011708693
331 224 42.0293098057
332 225 41.999156012
333 226 42.0625471223
334 227 45.8545571815
335 227 45.8545571815
336 227 45.8545571815
337 227 45.8545571815
338 227 45.8545571815
339 227 45.8545571815
340 227 45.8545571815
341 227 45.8545571815
342 227 45.8545571815
343 227 45.8545571815
344 227 45.8545571815
345 227 45.8545571815
346 227 45.8545571815
347 227 45.8545571815
348 227 45.8545571815
349 227 45.8545571815
350 227 45.8545571815
351 227 45.8545571815
352 227 45.8545571815
353 227 45.8545571815
354 227 45.8545571815
355 227 45.8545571815
356 228 42.7072793816
357 229 43.7622995785
358 230 44.8280007746
359 231 45.5717724573
360 232 46.9291755121
361 233 47.7137606128
362 234 49.2302889099
363 235 50.4448559195
364 236 52.2883847719
365 237 52.1808572427
366 238 53.620546427
367 239 52.620217589
368 240 51.0213593531
369 241 49.940344216
370 242 49.4385284779
371 243 48.2419669783
372 244 47.7443499443
373 245 47.080671508
374 246 46.8573898925
375 247 48.0235313229
376 248 47.1241623492
377 249 48.5427985249
378 250 49.9854241927
379 251 48.7748063054
380 252 49.9560737398
381 253 50.0024888736
382 254 48.6809760348
383 255 48.9325312497
384 256 48.7284209099
385 257 49.3433643396
386 258 49.8256205186
387 259 50.9967706308
388 260 51.9265974048
389 261 52.9260621603
390 262 54.5149566812
391 263 54.9091416942
392 264 54.4410083604
393 265 53.3355812147
394 266 52.8285674343
395 267 53.2107355872
396 268 51.2649374541
397 269 50.8666997701
398 270 51.4709411656
399 271 53.3932725119
400 272 54.7633914108
401 273 54.2870255116
402 274 52.3126594595
403 275 50.8632272403
404 276 49.5263570108
405 277 49.1712449418
406 278 48.2929738367
407 279 48.0592304112
408 280 47.6326733594
409 281 46.815058743
410 282 47.9323772027
411 283 49.9188428387
412 284 49.5201526769
413 285 50.9378129701
414 286 51.1781433816
415 287 51.0430377424
416 288 51.3479509645
417 289 51.9155342409
418 290 53.634232662
419 291 54.7848516058
420 292 56.5168043783
421 293 55.5532698221
422 294 53.9566692643
423 295 53.4550832144
424 296 54.7552203238
425 297 54.2744384118
426 298 54.1822313668
427 299 56.3105993483
428 299 56.3105993483
429 299 56.3105993483
430 299 56.3105993483
431 299 56.3105993483
432 299 56.3105993483
433 299 56.3105993483
434 299 56.3105993483
435 299 56.3105993483
436 299 56.3105993483
437 299 56.3105993483
438 299 56.3105993483
439 299 56.3105993483
440 299 56.3105993483
441 299 56.3105993483
442 299 56.3105993483
443 299 56.3105993483
444 299 56.3105993483
445 299 56.3105993483
446 299 56.3105993483
447 299 56.3105993483
448 299 56.3105993483
449 299 56.3105993483
450 299 56.3105993483
451 299 56.3105993483
452 299 56.3105993483
453 299 56.3105993483
454 299 56.3105993483
455 299 56.3105993483
456 299 56.3105993483
457 299 56.3105993483
458 299 56.3105993483
459 299 56.3105993483
460 299 56.3105993483
461 299 56.3105993483
462 299 56.3105993483
463 299 56.3105993483
464 299 56.3105993483
465 299 56.3105993483
466 299 56.3105993483
467 299 56.3105993483
468 299 56.3105993483
469 299 56.3105993483
470 299 56.3105993483
471 299 56.3105993483
472 299 56.3105993483
473 299 56.3105993483
474 299 56.3105993483
475 299 56.3105993483
476 299 56.3105993483
477 299 56.3105993483
478 299 56.3105993483
479 299 56.3105993483
480 299 56.3105993483
481 299 56.3105993483
482 299 56.3105993483
483 299 56.3105993483
484 299 56.3105993483
485 299 56.3105993483
486 299 56.3105993483
487 299 56.3105993483
488 299 56.3105993483
489 299 56.3105993483
490 299 56.3105993483
491 300 57.3545378571
492 300 57.3545378571
493 300 57.3545378571
494 300 57.3545378571
495 300 57.3545378571
496 300 57.3545378571
497 300 57.3545378571
498 300 57.3545378571
499 300 57.3545378571
500 300 57.3545378571
501 300 57.3545378571
502 300 57.3545378571
503 300 57.3545378571
504 300 57.3545378571
505 300 57.3545378571
506 300 57.3545378571
507 300 57.3545378571
508 300 57.3545378571
509 300 57.3545378571
510 300 57.3545378571
511 300 57.3545378571
512 300 57.3545378571
513 300 57.3545378571
514 300 57.3545378571
515 300 57.3545378571
516 300 57.3545378571
517 300 57.3545378571
518 300 57.3545378571
519 300 57.3545378571
520 300 57.3545378571
521 300 57.3545378571
522 300 57.3545378571
523 300 57.3545378571
524 300 57.3545378571
525 300 57.3545378571
526 300 57.3545378571
527 300 57.3545378571
528 300 57.3545378571
529 300 57.3545378571
530 300 57.3545378571
531 300 57.3545378571
532 300 57.3545378571
533 300 57.3545378571
534 300 57.3545378571
535 300 57.3545378571
536 300 57.3545378571
537 300 57.3545378571
538 300 57.3545378571
539 300 57.3545378571
540 300 57.3545378571
541 300 57.3545378571
542 300 57.3545378571
543 300 57.3545378571
544 300 57.3545378571
545 300 57.3545378571
546 300 57.3545378571
547 300 57.3545378571
548 300 57.3545378571
549 300 57.3545378571
550 300 57.3545378571
551 300 57.3545378571
552 300 57.3545378571
553 300 57.3545378571
554 300 57.3545378571
555 300 57.3545378571
556 300 57.3545378571
557 300 57.3545378571
558 300 57.3545378571
559 300 57.3545378571
560 300 57.3545378571
561 300 57.3545378571
562 300 57.3545378571
563 300 57.3545378571
564 300 57.3545378571
565 300 57.3545378571
566 300 57.3545378571
567 300 57.3545378571
568 300 57.3545378571
569 300 57.3545378571
570 300 57.3545378571
571 300 57.3545378571
572 300 57.3545378571
573 300 57.3545378571
574 300 57.3545378571
575 301 53.0362224989
576 301 53.0362224989
577 301 53.0362224989
578 301 53.0362224989
579 301 53.0362224989
580 301 53.0362224989
581 301 53.0362224989
582 301 53.0362224989
583 301 53.0362224989
584 301 53.0362224989
585 301 53.0362224989
586 301 53.0362224989
587 301 53.0362224989
588 301 53.0362224989
589 301 53.0362224989
590 301 53.0362224989
591 301 53.0362224989
592 301 53.0362224989
593 301 53.0362224989
594 301 53.0362224989
595 301 53.0362224989
596 301 53.0362224989
597 301 53.0362224989
598 301 53.0362224989
599 301 53.0362224989
600 301 53.0362224989
601 301 53.0362224989
602 301 53.0362224989
603 301 53.0362224989
604 301 53.0362224989
605 301 53.0362224989
606 301 53.0362224989
607 301 53.0362224989
608 301 53.0362224989
609 301 53.0362224989
610 301 53.0362224989
611 301 53.0362224989
612 301 53.0362224989
613 301 53.0362224989
614 301 53.0362224989
615 301 53.0362224989
616 301 53.0362224989
617 301 53.0362224989
618 301 53.0362224989
619 301 53.0362224989
620 301 53.0362224989
621 301 53.0362224989
622 301 53.0362224989
623 301 53.0362224989
624 301 53.0362224989
625 301 53.0362224989
626 301 53.0362224989
627 301 53.0362224989
628 301 53.0362224989
629 301 53.0362224989
630 301 53.0362224989
631 301 53.0362224989
632 301 53.0362224989
633 301 53.0362224989
634 301 53.0362224989
635 301 53.0362224989
636 301 53.0362224989
637 301 53.0362224989
638 301 53.0362224989
639 301 53.0362224989
640 301 53.0362224989
641 301 53.0362224989
642 301 53.0362224989
643 301 53.0362224989
644 301 53.0362224989
645 301 53.0362224989
646 301 53.0362224989
647 301 53.0362224989
648 301 53.0362224989
649 301 53.0362224989
650 301 53.0362224989
651 301 53.0362224989
652 301 53.0362224989
653 301 53.0362224989
654 301 53.0362224989
655 301 53.0362224989
656 301 53.0362224989
657 301 53.0362224989
658 301 53.0362224989
659 302 60.3649510444
660 303 62.565693515
661 304 64.1257228919
662 305 63.9621421999
663 306 61.7597231208
664 307 62.2470541327
665 308 64.0072169263
666 309 62.7741351288
667 310 61.1885198037
668 311 62.7160718601
669 312 63.6076538285
670 313 61.706517608
671 314 61.300610039
672 315 63.4345794535
673 316 63.1158581622
674 317 64.7792495962
675 318 63.6614429149
676 319 65.5857988628
677 320 66.1146056642
678 321 63.9429176895
679 322 64.0368283556
680 323 66.1455895721
681 324 65.6780685564
682 325 63.7028594695
683 326 64.6208682588
684 327 66.6795375501
685 328 65.954500147
686 329 64.731213076
687 330 63.4342490441
688 331 63.1268332691
689 332 61.5027455337
690 333 60.0225523649
691 334 58.6211438354
692 335 60.20280117
693 336 61.3039828215
694 337 59.2309098897
695 338 59.2905583282
696 339 61.4546012148
697 340 60.8009233368
698 341 59.0558341346
699 342 60.5407407634
700 343 61.7349320732
701 344 59.8004339082
702 345 59.5161241927
703 346 61.1152049546
704 347 60.3951233774
705 348 60.5892734107
706 349 61.4202801949
707 350 63.439483278
708 351 63.8269792328
709 352 65.5670707279
710 353 66.3840851978
711 354 68.2346602849
712 355 66.7960839646
713 356 66.7244293325
714 357 66.7991592948
715 358 64.3844783778
716 359 63.5207547672
717 360 65.5746320694
718 361 65.0559389877
719 362 62.7785419949
720 363 63.4224699456
721 364 64.7819744987
722 365 63.0927282127
723 366 61.1262702601
724 367 61.9395709047
725 368 60.0436698995
726 369 59.8042521652
727 370 58.7311179282
728 371 60.2049028003
729 372 62.0479440668
730 373 61.7035415985
731 374 61.3105260221
732 375 63.3145295591
733 376 64.6601729235
734 377 63.7296546791
735 378 63.9812737665
736 379 66.2099408154
737 380 66.6495616536
738 381 68.2527933818
739 382 66.2342591187
740 383 67.2648436481
741 384 68.5196705262
742 385 66.5637383093
743 386 64.9844338727
744 387 66.6219230054
745 388 67.2429175199
746 389 65.3032117612
747 390 63.2032926892
748 391 62.9371193136
749 392 62.051627399
750 393 61.3043429402
751 394 62.5802755037
752 395 61.3058364908
753 396 61.5051468714
754 397 63.7703787817
755 398 64.589043148
756 399 63.7223024396
757 400 64.6216953631
758 401 66.9696611608
759 402 66.9814529846
760 403 65.876566156
761 404 67.3680068911
762 405 69.6216294779
763 406 69.590559218
764 407 72.154486088
765 408 73.0576024504
766 409 73.2700696139
767 410 70.7701318074
768 411 71.5855385202
769 412 72.5442553249
770 413 70.300298671
771 414 68.9967167074
772 415 70.5273992809
773 416 70.2021554434
774 417 67.6276127692
775 418 67.7878381177
776 419 69.0576684696
777 420 67.2676614738
778 421 65.5951888196
779 422 66.5844663039
780 423 66.1812404566
781 424 63.7944852823
782 425 62.5481545743
783 426 49.6752918793
784 426 49.6752918793
785 426 49.6752918793
786 426 49.6752918793
787 426 49.6752918793
788 426 49.6752918793
789 426 49.6752918793
790 426 49.6752918793
791 426 49.6752918793
792 426 49.6752918793
793 426 49.6752918793
794 426 49.6752918793
795 426 49.6752918793
796 426 49.6752918793
797 426 49.6752918793
798 426 49.6752918793
799 426 49.6752918793
800 426 49.6752918793
801 426 49.6752918793
802 426 49.6752918793
803 426 49.6752918793
804 426 49.6752918793
805 426 49.6752918793
806 426 49.6752918793
807 426 49.6752918793
808 426 49.6752918793
809 427 67.575899274
810 428 65.0739326241
811 429 63.5537499986
812 430 63.5957123264
813 431 65.9669492798
814 432 66.9802681078
815 433 66.0060294354
816 434 66.8447632825
817 435 69.1971770018
818 436 69.0171571564
819 437 68.9064371351
820 438 70.7960364814
821 439 72.4248568528
822 440 71.7663781552
823 441 73.5408734695
824 442 75.9053665036
825 443 76.6209236067
826 444 75.4168065654
827 445 73.6296997064
828 446 71.4785717384
829 447 70.6432310433
830 448 72.6850227433
831 449 72.4166128852
832 450 69.9474512124
833 451 71.1699583863
834 452 69.9719713209
835 453 68.4948255818
836 454 75.4817218241
837 454 75.4817218241
838 454 75.4817218241
839 454 75.4817218241
840 454 75.4817218241
841 454 75.4817218241
842 454 75.4817218241
843 454 75.4817218241
844 454 75.4817218241
845 454 75.4817218241
846 454 75.4817218241
847 454 75.4817218241
848 454 75.4817218241
849 454 75.4817218241
850 454 75.4817218241
851 454 75.4817218241
852 454 75.4817218241
853 454 75.4817218241
854 454 75.4817218241
855 454 75.4817218241
856 454 75.4817218241
857 454 75.4817218241
858 454 75.4817218241
859 454 75.4817218241
860 454 75.4817218241
861 454 75.4817218241
862 454 75.4817218241
863 454 75.4817218241
864 454 75.4817218241
865 454 75.4817218241
866 454 75.4817218241
867 454 75.4817218241
868 454 75.4817218241
869 454 75.4817218241
870 454 75.4817218241
871 454 75.4817218241
872 454 75.4817218241
873 454 75.4817218241
874 454 75.4817218241
875 454 75.4817218241
876 454 75.4817218241
877 454 75.4817218241
878 454 75.4817218241
879 454 75.4817218241
880 454 75.4817218241
881 454 75.4817218241
882 454 75.4817218241
883 454 75.4817218241
884 454 75.4817218241
885 454 75.4817218241
886 454 75.4817218241
887 454 75.4817218241
888 454 75.4817218241
889 455 77.3478336637
890 455 77.3478336637
891 455 77.3478336637
892 455 77.3478336637
893 455 77.3478336637
894 455 77.3478336637
895 455 77.3478336637
896 455 77.3478336637
897 455 77.3478336637
898 455 77.3478336637
899 455 77.3478336637
900 455 77.3478336637
901 455 77.3478336637
902 455 77.3478336637
903 455 77.3478336637
904 455 77.3478336637
905 455 77.3478336637
906 455 77.3478336637
907 455 77.3478336637
908 455 77.3478336637
909 455 77.3478336637
910 455 77.3478336637
911 455 77.3478336637
912 455 77.3478336637
913 455 77.3478336637
914 455 77.3478336637
915 455 77.3478336637
916 455 77.3478336637
917 455 77.3478336637
918 455 77.3478336637
919 455 77.3478336637
920 455 77.3478336637
921 455 77.3478336637
922 455 77.3478336637
923 455 77.3478336637
924 455 77.3478336637
925 455 77.3478336637
926 455 77.3478336637
927 455 77.3478336637
928 455 77.3478336637
929 455 77.3478336637
930 455 77.3478336637
931 455 77.3478336637
932 455 77.3478336637
933 455 77.3478336637
934 455 77.3478336637
935 455 77.3478336637
936 455 77.3478336637
937 455 77.3478336637
938 455 77.3478336637
939 455 77.3478336637
940 455 77.3478336637
941 455 77.3478336637
942 456 80.2353089122
943 457 81.7103429442
944 458 79.8922069846
945 459 81.8117027199
946 460 81.6284433445
947 461 79.3959085541
948 462 81.2349776956
949 463 81.7606253232
950 464 84.4254213347
951 465 85.4101537336
952 466 86.4039304476
953 467 84.8228783479
954 468 83.8085038281
955 469 86.0263136559
956 470 88.1161963437
957 471 86.6628521516
958 472 86.4664944843
959 473 89.3211166776
960 474 89.868384194
961 475 91.7222528522
962 476 89.9766333371
963 477 92.4607632711
964 478 97.6497589966
965 478 97.6497589966
966 478 97.6497589966
967 478 97.6497589966
968 478 97.6497589966
969 478 97.6497589966
970 478 97.6497589966
971 478 97.6497589966
972 478 97.6497589966
973 478 97.6497589966
974 478 97.6497589966
975 478 97.6497589966
976 478 97.6497589966
977 478 97.6497589966
978 478 97.6497589966
979 478 97.6497589966
980 478 97.6497589966
981 478 97.6497589966
982 478 97.6497589966
983 478 97.6497589966
984 478 97.6497589966
985 478 97.6497589966
986 478 97.6497589966
987 478 97.6497589966
988 478 97.6497589966
989 478 97.6497589966
990 478 97.6497589966
991 478 97.6497589966
992 478 97.6497589966
993 478 97.6497589966
994 478 97.6497589966
995 478 97.6497589966
996 478 97.6497589966
997 478 97.6497589966
998 478 97.6497589966
999 478 97.6497589966
1000 479 93.2142135588
1001 480 90.5615644775
1002 481 90.3323785175
1003 482 88.4993291357
1004 483 89.0096425429
1005 484 87.8951744971
1006 485 87.2341661898
1007 486 86.9736892363
1008 487 84.1478847355
1009 488 84.6593057771
1010 489 83.5779521439
1011 490 85.0630436474
1012 491 85.4081325787
1013 492 86.8439016465
1014 493 89.5048468023
1015 494 89.325538575
1016 495 86.6959652174
1017 496 87.1020006938
1018 497 89.4778262879
1019 498 87.93716388
1020 499 85.7776892675
1021 500 87.4066596638
1022 501 88.1868931128
1023 502 85.5036538438
1024 503 84.8159812101
1025 504 86.3365169322
1026 505 83.99994996
1027 506 82.9929868027
1028 507 80.8313428502
1029 508 79.3907657237
1030 509 77.4413746516
1031 510 78.3585489781
1032 511 80.5216223221
1033 512 71.4245470578
1034 512 71.4245470578
1035 512 71.4245470578
1036 512 71.4245470578
1037 512 71.4245470578
1038 512 71.4245470578
