1 0 25.6687291273
2 1 24.6300850122
3 2 23.6574121041
4 3 22.995965249
5 4 22.3509941719
6 5 21.4956490498
7 6 21.6030173475
8 7 20.7954828191
9 8 20.1718393896
10 9 19.8413884178
11 10 20.1403220795
12 11 20.730146611
13 12 20.8193109962
14 13 21.4726623253
15 14 22.1053568353
16 15 22.6854860373
17 16 23.4496780285
18 17 23.7962514838
19 18 24.4481012484
20 19 25.0716660228
21 20 24.7163980628
22 21 24.7679921681
23 22 23.892402842
24 23 23.0927015595
25 24 22.28663595
26 25 21.6454363144
27 26 20.9881097588
28 27 20.407764914
29 28 19.8450708849
30 29 19.855217677
31 30 20.1387545481
32 31 20.6378961111
33 32 21.2176903786
34 33 21.6784627236
35 34 22.4420458677
36 35 23.0790518173
37 36 24.0068768732
38 37 24.4619185414
39 38 25.5035129906
40 39 26.0613721945
41 40 25.5389314602
42 41 25.0942727309
43 42 24.2320012693
44 43 23.7956148161
45 44 22.9119614385
46 45 23.0422269811
47 46 22.286959245
48 47 21.5345042399
49 48 21.3637415589
50 49 20.8935526399
51 50 20.8371788692
52 51 20.5548764658
53 52 20.1480621186
54 53 19.9075313219
55 54 19.9726555585
56 55 20.4949499557
57 56 20.7093515514
58 57 21.2962562947
59 58 21.7679753765
60 59 22.4180834345
61 60 22.9965190141
62 61 23.3737457079
63 62 24.1101164673
64 63 24.5345026481
65 64 24.8521364149
66 65 24.2170377741
67 66 24.172630656
68 67 23.7106901875
69 68 23.0685620721
70 69 22.4917757805
71 70 22.057074224
72 71 21.480222452
73 72 21.1456190331
74 73 20.6245064749
75 74 20.2653430118
76 75 20.4268530773
77 76 20.915952531
78 77 21.197253903
79 78 21.5032241878
80 79 21.6106032852
81 80 22.1177898285
82 81 22.265500081
83 82 22.8918638546
84 83 23.3369962531
85 84 23.8792486741
86 85 24.3954698856
87 86 24.0208142013
88 87 23.3029282933
89 88 22.6850661737
90 89 22.3573356725
91 90 22.0382697637
92 91 22.5125700851
93 92 22.3183263844
94 93 21.9371557691
95 94 22.0257281115
96 95 21.7840922191
97 96 22.1201387324
98 97 21.6674436693
99 98 21.3774395702
100 99 20.8929077048
101 100 20.6604399672
102 101 21.0536970901
103 102 21.074829185
104 103 21.585800504
105 104 21.98380676
106 105 22.5678168019
107 106 23.0483593624
108 107 23.5603593746
109 108 24.2091555272
110 109 24.45398731
111 110 24.9537547668
112 111 24.4693262702
113 112 24.2754337562
114 113 23.6718886072
115 114 23.3540431118
116 115 22.7888890133
117 116 22.649039249
118 117 22.110900537
119 118 21.8083025142
120 119 21.409476233
121 120 21.0749572047
122 121 21.4352300111
123 122 21.8408899537
124 123 22.2056552909
125 124 22.3939578452
126 125 22.6150608545
127 126 23.0124790224
128 127 23.011768704
129 128 23.4151455815
130 129 23.4887367738
131 130 23.9510346414
132 131 24.3331287295
133 132 24.1033043437
134 133 23.5211142569
135 134 23.2463923002
136 135 23.2031411657
137 136 23.5387313195
138 137 23.2226278345
139 138 23.4257363442
140 139 23.0777472489
141 140 23.1424780746
142 141 22.8595288283
143 142 22.7462743396
144 143 22.3524719684
145 144 22.084039344
146 145 21.4148056126
147 146 21.3728129004
148 147 21.6381705786
149 148 21.419392504
150 149 21.9156561588
151 150 22.4665341531
152 151 22.9679645286
153 152 23.5429183198
154 153 24.2138671011
155 154 24.7431345709
156 155 25.0577278558
157 156 25.6772777023
158 157 26.3836016656
159 158 18.359805641
160 158 18.359805641
161 158 18.359805641
162 158 18.359805641
163 158 18.359805641
164 158 18.359805641
165 158 18.359805641
166 159 25.7620443056
167 160 25.7452659441
168 161 25.1527581331
169 162 25.312672854
170 163 25.2781291698
171 164 24.5919286426
172 165 24.2342242249
173 166 23.6141185759
174 167 23.2953556763
175 168 22.6819678044
176 169 22.3083728996
177 170 21.8642429343
178 171 21.4324025197
179 172 21.9578039669
180 173 22.2365434131
181 174 22.7814412849
182 175 23.0603884247
183 176 23.381279787
184 177 23.8568514264
185 178 23.9237573263
186 179 24.4573174182
187 180 24.5782032499
188 181 25.1301098313
189 182 25.5197363535
190 183 25.8543720345
191 184 25.2501296737
192 185 24.9543093647
193 186 24.3439786777
194 187 24.0628759111
195 188 24.3051973052
196 189 24.1898790372
197 190 24.653364254
198 191 24.466190834
199 192 23.9700931174
200 193 23.9499817776
201 194 23.7500647084
202 195 23.6850271867
203 196 22.8830612982
204 197 22.4667187441
205 198 21.7623480992
206 199 21.5077319188
207 200 21.9370120285
208 201 21.5692356189
209 202 22.082689794
210 203 22.7528542023
211 204 23.2567464618
212 205 23.9353123974
213 206 24.5927853273
214 207 24.957864933
215 208 25.7617291209
216 209 26.3820820488
217 210 26.9857465032
218 211 27.1375523366
219 212 26.4821198608
220 213 25.5884022873
221 214 25.0394814397
222 215 24.1981034038
223 216 23.7032034014
224 217 23.0492740164
225 218 22.5491449575
226 219 22.0455220573
227 220 21.4369372324
228 221 21.9739371359
229 222 22.2368201428
230 223 22.9691704118
231 224 23.3634955389
232 225 23.91486645
233 226 24.516891637
234 227 24.7263685086
235 228 25.5051729799
236 229 25.907140281
237 230 26.7504399112
238 231 26.7668101013
239 232 26.241715684
240 233 26.2189555071
241 234 26.3975218233
242 235 25.9107003884
243 236 25.3904846078
244 237 25.6602967276
245 238 25.0557453959
246 239 25.2487659315
247 240 24.6875712997
248 241 24.6704023958
249 242 24.9172437617
250 243 25.0087778435
251 244 24.244334624
252 245 23.2629584551
253 246 22.9340529681
254 247 22.3810892015
255 248 21.6743548218
256 249 21.4841152259
257 250 21.9535018344
258 251 21.6193258947
259 252 22.1955505403
260 253 22.9896692139
261 254 23.4847473367
262 255 24.3252717639
263 256 24.9857311051
264 257 25.3593670778
265 258 26.2055176425
266 259 26.5766226114
267 260 25.7833144228
268 261 25.4295770705
269 262 24.5370435913
270 263 23.9256455229
271 264 23.244744805
272 265 22.464020619
273 266 22.0046663481
274 267 21.3006783072
275 268 21.6994834791
276 269 21.7876224499
277 270 22.6768629598
278 271 23.2665967376
279 272 24.0468893246
280 273 24.7985967768
281 274 25.2910534418
282 275 26.1156875818
283 276 26.623648948
284 277 27.6366414174
285 278 28.4835408927
286 279 28.1918568116
287 280 27.3030084231
288 281 26.6786774465
289 282 26.0286141051
290 283 26.2232474025
291 284 25.9317802059
292 285 26.2667952349
293 286 26.4004007568
294 287 26.5557302973
295 288 25.7770068901
296 289 25.1164443068
297 290 25.021996935
