1 0 39.0372760734
2 1 38.8409147385
3 2 37.0792100587
4 3 37.9908942737
5 4 37.6084612525
6 5 36.641300313
7 6 38.1302191096
8 7 36.1938447388
9 8 35.970533561
10 9 33.624668687
11 10 31.6650905422
12 11 31.7228303302
13 12 30.0263680981
14 13 30.3781011735
15 14 31.7563409401
16 15 32.0232129674
17 16 33.2853967668
18 17 34.6029950974
19 18 34.4056946521
20 19 36.02343318
21 20 35.2877440068
22 21 37.5376970125
23 22 36.9376515429
24 23 35.3072850135
25 24 34.8627530497
26 25 34.0989792461
27 26 33.4532865506
28 27 33.0011122858
29 28 32.8212744797
30 29 35.2452625234
31 30 35.6055172068
32 31 36.6535359182
33 32 36.2851279621
34 33 37.3029874023
35 34 37.7285878439
36 35 38.3935040851
37 36 39.8331828964
38 37 40.0280340408
39 38 42.7285531281
40 39 43.480041143
41 40 45.8149070015
42 41 44.965881155
43 42 42.3428944321
44 43 41.4613335398
45 44 39.726243919
46 45 41.1769665853
47 46 40.6513404937
48 47 41.3249815292
49 48 41.0727759614
50 49 39.8850221249
51 50 40.0073642233
52 51 39.0965317214
53 52 37.8089563201
54 53 36.5491881067
55 54 36.8524953302
56 55 34.3994439445
57 56 32.6532753907
58 57 32.5729874298
59 58 30.3731353015
60 59 30.3726592375
61 60 31.8459822378
62 61 32.0883609068
63 62 33.6741527623
64 63 34.0459725983
65 64 34.3884012375
66 65 36.5181038388
67 66 36.9874627797
68 67 37.3062451263
69 68 38.6347752922
70 69 38.3356772619
71 70 36.8142880305
72 71 35.3642693508
73 72 34.0785110947
74 73 33.3964541388
75 74 32.0367292055
76 75 32.3141042967
77 76 31.5626817722
78 77 33.8146465472
79 78 33.018635766
80 79 34.1692942456
81 80 33.9202570418
82 81 35.8619783689
83 82 36.5091556233
84 83 38.1737270458
85 84 39.5319757512
86 85 40.8541569528
87 86 43.459905454
88 87 44.4227012865
89 88 46.8622499899
90 89 46.4689605456
91 90 46.7686152441
92 91 44.5005104472
93 92 43.828094619
94 93 45.3206555968
95 94 43.1800044489
96 95 44.072667285
97 96 42.9843787854
98 97 40.9925654349
99 98 41.6577159459
100 99 40.1135142697
101 100 39.8548548892
102 101 38.8480540481
103 102 37.4947322046
104 103 35.7275622507
105 104 35.7888614292
106 105 34.6447634197
107 106 32.7111698542
108 107 32.7940907056
109 108 30.9576104815
110 109 30.600610017
111 110 30.0476220196
112 111 28.4782121119
113 112 28.7306689062
114 113 30.0944400484
115 114 29.9317545245
116 115 31.3196144456
117 116 30.6788336083
118 117 30.9011286838
119 118 32.8431013799
120 119 32.6075449343
121 120 32.4224129514
122 121 34.0877688171
123 122 34.3856000662
124 123 32.7850090571
125 124 31.5790001828
126 125 30.2102999343
127 126 29.841940998
128 127 28.5952406729
129 128 28.6548688574
130 129 28.2474108377
131 130 29.2968420994
132 131 27.7256165212
133 132 29.0529281805
134 133 28.9420581919
135 134 30.7518870561
136 135 31.3686350806
137 136 33.3355600818
138 137 34.4913721045
139 138 36.3811031559
140 139 36.9957153478
141 140 38.9092695712
142 141 38.4519910506
143 142 40.803656359
144 143 40.803925002
145 144 39.2782265712
146 145 39.7800253558
147 146 39.2649400932
148 147 37.0469119173
149 148 36.412333607
150 149 34.5739648493
151 150 33.3177463484
152 151 31.844591916
153 152 31.0043754246
154 153 29.278318517
155 154 28.4058862758
156 155 26.7480256944
157 156 26.1157396836
158 157 26.9244162484
159 158 26.6814779338
160 159 26.3359626203
161 160 26.1830072526
162 161 27.5953852943
163 162 26.2601942139
164 163 25.0295528742
165 164 25.4097407097
166 165 23.817052811
167 166 24.8032966924
168 167 24.8824264007
169 168 25.6528465743
170 169 25.922164178
171 170 26.7477835638
172 171 26.8702079059
173 172 27.6680488638
174 173 27.3605179363
175 174 28.721781908
176 175 28.8461270397
177 176 30.3705628147
178 177 30.0413740261
179 178 28.7505089645
180 179 28.9021146037
181 180 28.9827522197
182 181 27.6319957701
183 182 26.904034504
184 183 25.5413993087
185 184 25.4448160268
186 185 24.3125441967
187 186 24.4361439203
188 187 23.1396667597
189 188 21.8831407036
190 189 22.7750456333
191 190 23.3208688034
192 191 24.4147885582
193 192 25.3072568396
194 193 26.804182072
195 194 27.7465648591
196 195 29.3131210757
197 196 29.9356539883
198 197 31.2831941335
199 198 31.9504800936
200 199 31.7590647768
201 200 30.7854655996
202 201 29.189730131
203 202 28.232108395
204 203 26.7428926966
205 204 26.2960193284
206 205 24.8253607513
207 206 23.6165602827
208 207 22.4770167046
209 208 21.5794965997
210 209 20.5006469005
211 210 20.5189031428
212 211 19.8384059664
213 212 20.42111389
214 213 21.7625118253
215 214 22.5201049806
216 215 23.7199096544
217 216 24.4797630413
218 217 24.4918001703
219 218 25.6360509303
220 219 25.9036067598
221 220 26.6958501383
222 221 28.2413908948
223 222 27.9505394153
224 223 29.6906775887
225 224 29.9419612025
226 225 28.2628002412
227 226 27.7114591925
228 227 26.2632011976
229 228 25.7068761161
230 229 24.9032474942
231 230 24.3387576535
232 231 23.7300931742
233 232 22.949224151
234 233 22.7603784611
235 234 21.5241600233
236 235 21.1114954912
237 236 19.894628831
238 237 20.8387232418
239 238 21.1105458805
240 239 22.2999789856
241 240 22.0265595574
242 241 23.0415840495
243 242 22.989711968
244 243 23.9458181369
245 244 24.4377826392
246 245 25.3815786258
247 246 26.3968327969
248 247 27.0524135292
249 248 21.7222703888
250 248 21.7222703888
251 248 21.7222703888
252 248 21.7222703888
253 248 21.7222703888
254 248 21.7222703888
255 248 21.7222703888
256 248 21.7222703888
257 248 21.7222703888
258 248 21.7222703888
259 248 21.7222703888
260 248 21.7222703888
261 248 21.7222703888
262 248 21.7222703888
263 248 21.7222703888
264 248 21.7222703888
265 248 21.7222703888
266 248 21.7222703888
267 248 21.7222703888
268 248 21.7222703888
269 248 21.7222703888
270 248 21.7222703888
271 248 21.7222703888
272 248 21.7222703888
273 248 21.7222703888
274 248 21.7222703888
275 248 21.7222703888
276 248 21.7222703888
277 248 21.7222703888
278 248 21.7222703888
279 248 21.7222703888
280 248 21.7222703888
281 248 21.7222703888
282 248 21.7222703888
283 248 21.7222703888
284 248 21.7222703888
285 248 21.7222703888
286 248 21.7222703888
287 248 21.7222703888
288 249 26.0900655581
289 250 27.3799717876
290 251 26.8553235269
291 252 27.0864107414
292 253 25.6735859675
293 254 24.5257290258
294 255 23.3698587184
295 256 22.8710937293
296 257 22.1864496206
297 258 23.1917356284
298 259 22.895208136
299 260 21.8857546439
300 261 22.5507326527
301 262 21.9541065522
302 263 23.8413010566
303 264 23.5156605862
304 265 22.0193770517
305 266 21.6496029538
306 267 22.0539055227
307 268 23.1838067696
308 269 24.5788542727
309 270 25.7466790685
310 271 25.4174392214
311 272 27.0355999599
312 273 27.7747231958
313 274 29.6053961516
314 275 30.8038342515
315 276 30.3977797677
316 277 28.4559376096
317 278 29.2778264924
318 279 28.7988741024
319 280 27.0139952856
320 281 27.0716474129
321 282 25.6623463945
322 283 26.0152616759
323 284 24.7667635734
324 285 24.3839191234
325 286 25.2859594048
326 287 27.3113972756
327 288 27.7155857555
328 289 27.9866352287
329 290 27.5099606885
330 291 28.3921617416
331 292 27.4093397728
332 293 28.404577564
333 294 27.6282241769
334 295 28.6390353193
335 296 29.6543281142
336 297 27.9856555863
337 298 26.5677786124
338 299 25.7448001061
339 300 25.9231961519
340 301 27.315534033
341 302 27.799847076
342 303 30.1559852229
343 304 30.5490066631
344 305 29.7053125676
345 306 30.8507377353
346 307 30.6683391536
347 308 26.0940113507
348 308 26.0940113507
349 308 26.0940113507
