1 0 50.0352253171
2 1 50.8301248098
3 2 49.56323778
4 3 50.5387576471
5 4 50.5062237348
6 5 48.7959012813
7 6 50.5139927882
8 7 48.7216267062
9 8 49.4816564546
10 9 47.1101011988
11 10 44.981904967
12 11 43.9609771709
13 12 41.5112407349
14 13 41.0185521086
15 14 42.1720171976
16 15 41.5247856077
17 16 42.3428756382
18 17 42.981130525
19 18 42.2093703305
20 19 43.9946175373
21 20 43.9036434539
22 21 46.4012346634
23 22 46.0249274836
24 23 44.9189593007
25 24 44.4527069557
26 25 44.5102400829
27 26 43.9302553852
28 27 44.4597383059
29 28 44.6768277743
30 29 47.0312256163
31 30 46.0152172553
32 31 46.8581353136
33 32 45.990908071
34 33 47.3634739635
35 34 47.280676497
36 35 48.3373877797
37 36 49.3248110479
38 37 49.624385426
39 38 52.2314934493
40 39 52.5126773312
41 40 55.1487573049
42 41 55.0102861134
43 42 52.3132057417
44 43 52.0685179842
45 44 50.3244573242
46 45 51.7447547367
47 46 51.0193789363
48 47 50.7035896283
49 48 50.3132930282
50 49 49.6160917666
51 50 49.1516620362
52 51 48.2745641757
53 52 46.2398866133
54 53 45.1530719399
55 54 45.7469290302
56 55 44.3412209598
57 56 43.4324264064
58 57 42.6164580574
59 58 40.5955400595
60 59 39.7508962017
61 60 40.7690642792
62 61 40.4178182486
63 62 41.547898871
64 63 41.1662412027
65 64 41.2605631148
66 65 43.3790633598
67 66 43.2559635383
68 67 43.390890114
69 68 45.0061826765
70 69 45.3282167901
71 70 43.8424847412
72 71 43.0443988039
73 72 41.6848630292
74 73 41.6293737414
75 74 40.4217509388
76 75 41.3187987158
77 76 41.0237817758
78 77 42.3026859843
79 78 40.6286324856
80 79 41.2912366214
81 80 41.0492425375
82 81 42.7808904315
83 82 43.1892860091
84 83 44.998086394
85 84 46.0743095231
86 85 47.7805786137
87 86 49.7795717802
88 87 51.0807059363
89 88 52.9718173655
90 89 53.2325862103
91 90 54.4361165474
92 91 53.0375788766
93 92 53.0678101449
94 93 53.6540827002
95 94 51.5913301594
96 95 51.3155909578
97 96 50.3735133498
98 97 48.1775824611
99 98 47.896939352
100 99 46.2465419688
101 100 45.3410792421
102 101 44.1929111874
103 102 43.1806919698
104 103 41.4116779145
105 104 41.3671304587
106 105 39.893198934
107 106 38.9076848954
108 107 39.1672165003
109 108 38.580398017
110 109 39.1917909794
111 110 38.4255819882
112 111 37.5741080219
113 112 37.1993064273
114 113 37.887427777
115 114 37.4623693792
116 115 38.3222885017
117 116 37.168579078
118 117 37.2510633546
119 118 39.0335891026
120 119 38.2954742049
121 120 37.9812840109
122 121 39.7210270289
123 122 40.2794055502
124 123 38.7258074514
125 124 38.0008067633
126 125 36.7802729154
127 126 36.9073004512
128 127 35.9000561006
129 128 36.5721035051
130 129 36.4761792539
131 130 36.2657675988
132 131 34.5636886975
133 132 35.1090976728
134 133 35.0649108527
135 134 36.5477305943
136 135 37.058171892
137 136 38.858183092
138 137 39.7781053763
139 138 41.5144813958
140 139 41.7009998416
141 140 43.3832438568
142 141 43.4182692362
143 142 45.3140223927
144 143 45.1373245481
145 144 44.3238995314
146 145 44.4157952216
147 146 43.5799599108
148 147 41.9059561512
149 148 40.9769386427
150 149 39.3706268651
151 150 38.1885468954
152 151 36.7196091571
153 152 35.9671470452
154 153 34.2548243055
155 154 33.577922394
156 155 32.402856192
157 156 32.2642046568
158 157 32.5647702918
159 158 33.2191949338
160 159 34.1293926011
161 160 35.0545685663
162 161 37.1020892904
163 162 37.5224722193
164 163 36.6601495441
165 164 37.8979757264
166 165 35.9471925602
167 166 35.3855821983
168 167 34.7890082548
169 168 34.3390895735
170 169 34.2972818425
171 170 34.337185135
172 171 34.1796514684
173 172 34.2463990795
174 173 33.3864893573
175 174 35.0028957146
176 175 34.3595928311
177 176 35.7193701737
178 177 34.6242827575
179 178 33.1654054151
180 179 33.2414216495
181 180 33.9807408602
182 181 32.8138090209
183 182 32.8002714173
184 183 31.8028486919
185 184 32.1719658257
186 185 31.8050156068
187 186 32.2085763346
188 187 31.9962120594
189 188 30.1085658242
190 189 29.5121791758
191 190 29.7829282296
192 191 29.7889977134
193 192 30.3260280592
194 193 31.5673649611
195 194 32.0970102585
196 195 33.6501986594
197 196 33.5852296498
198 197 34.730999466
199 198 35.6578355636
200 199 35.989268952
201 200 35.0051497765
202 201 33.6124729024
203 202 32.0389960623
204 203 30.5234287875
205 204 29.5539789687
206 205 28.2279209795
207 206 27.8673550868
208 207 27.5364390879
209 208 26.3510011045
210 209 26.2177188136
211 210 28.0759438173
212 211 28.4373509618
213 212 30.5393972365
214 213 32.0978678608
215 214 31.9999085716
216 215 34.0872235056
217 216 33.940650146
218 217 32.7816815382
219 218 33.4085309874
220 219 32.6728485986
221 220 33.2089689934
222 221 34.4127701546
223 222 33.0768302513
224 223 34.7042682338
225 224 33.8960188874
226 225 31.7560485126
227 226 30.7073528012
228 227 29.5827932888
229 228 30.2095698768
230 229 30.1140783434
231 230 30.6295050191
232 231 30.9361470831
233 232 31.1355932782
234 233 32.2950142482
235 234 31.5116409177
236 235 32.6696740658
237 236 30.9455132273
238 237 31.9208063834
239 238 30.3386211127
240 239 30.6876451801
241 240 28.9295070188
242 241 28.882637961
243 242 27.8022484649
244 243 27.6308397548
245 244 27.9863060293
246 245 27.9176695793
247 246 28.6642325233
248 247 28.2124289972
249 248 26.765161549
250 248 26.765161549
251 248 26.765161549
252 248 26.765161549
253 248 26.765161549
254 248 26.765161549
255 248 26.765161549
256 248 26.765161549
257 248 26.765161549
258 248 26.765161549
259 249 28.8579971579
260 249 28.8579971579
261 249 28.8579971579
262 249 28.8579971579
263 249 28.8579971579
264 249 28.8579971579
265 249 28.8579971579
266 249 28.8579971579
267 249 28.8579971579
268 249 28.8579971579
269 250 23.2372689038
270 250 23.2372689038
271 250 23.2372689038
272 250 23.2372689038
273 250 23.2372689038
274 250 23.2372689038
275 250 23.2372689038
276 250 23.2372689038
277 250 23.2372689038
278 250 23.2372689038
279 251 23.2372689038
280 251 23.2372689038
281 251 23.2372689038
282 251 23.2372689038
283 251 23.2372689038
284 251 23.2372689038
285 251 23.2372689038
286 251 23.2372689038
287 251 23.2372689038
288 252 27.2087891001
289 253 28.6866653484
290 254 28.5267922584
291 255 28.7594981556
292 256 28.0419392229
293 257 26.4484960314
294 258 26.0965459083
295 259 25.3065402704
296 260 25.6768569081
297 261 26.4404699461
298 262 27.3221635562
299 263 27.8350984071
300 264 29.7772308978
301 265 30.8871062721
302 266 32.8650827563
303 267 34.46761376
304 268 33.8942400923
305 269 34.6633323193
306 270 34.4516402907
307 271 34.3766134699
308 272 36.00649283
309 273 36.2627968683
310 274 34.757456549
311 275 35.8546680969
312 276 35.6321018837
313 277 37.0660537825
314 278 38.0251128356
315 279 36.6820334202
316 280 34.7442486736
317 281 35.0736260635
318 282 35.5348892132
319 283 34.516603194
320 284 35.8517051998
321 285 35.3540487082
322 286 37.0868314974
323 287 36.9484788623
324 288 38.0322870385
325 289 38.5351428492
326 290 40.5073055927
327 291 39.4275576477
328 292 38.5705241384
329 293 36.6344174256
330 294 36.3380017683
331 295 33.9675729195
332 296 33.5376558091
333 297 31.3545290221
334 298 30.4641578008
335 299 30.0368534309
336 300 27.6448422798
337 301 28.2704420566
338 302 27.939940044
339 303 30.015977026
340 304 31.6525250524
341 305 33.8497011149
342 306 36.0018791484
343 307 37.9851478982
344 308 38.7583701783
345 309 41.1209275871
346 310 42.396732337
347 311 23.2372689038
348 311 23.2372689038
349 311 23.2372689038
