1 0 53.5582167051
2 0 53.5582167051
3 0 53.5582167051
4 0 53.5582167051
5 0 53.5582167051
6 0 53.5582167051
7 0 53.5582167051
8 0 53.5582167051
9 0 53.5582167051
10 0 53.5582167051
11 0 53.5582167051
12 0 53.5582167051
13 0 53.5582167051
14 0 53.5582167051
15 0 53.5582167051
16 0 53.5582167051
17 0 53.5582167051
18 0 53.5582167051
19 0 53.5582167051
20 0 53.5582167051
21 0 53.5582167051
22 0 53.5582167051
23 0 53.5582167051
24 0 53.5582167051
25 0 53.5582167051
26 0 53.5582167051
27 0 53.5582167051
28 0 53.5582167051
29 0 53.5582167051
30 0 53.5582167051
31 0 53.5582167051
32 0 53.5582167051
33 0 53.5582167051
34 0 53.5582167051
35 0 53.5582167051
36 0 53.5582167051
37 0 53.5582167051
38 0 53.5582167051
39 0 53.5582167051
40 0 53.5582167051
41 0 53.5582167051
42 0 53.5582167051
43 0 53.5582167051
44 0 53.5582167051
45 1 49.1845579583
46 2 49.2828375262
47 3 48.4989233305
48 4 48.3225019016
49 5 48.4974834248
50 6 48.3438988647
51 7 48.8110407162
52 8 48.3813856583
53 9 48.5290474843
54 10 48.4858629839
55 11 47.6750885207
56 12 47.5995723302
57 13 46.7962438677
58 14 46.3303546815
59 15 45.7869880876
60 16 45.6388072197
61 17 45.3317604979
62 18 45.2295360938
63 19 45.4421719652
64 20 45.8990468791
65 21 46.3415864888
66 22 46.5673383213
67 23 46.1441394789
68 24 46.0402405241
69 25 45.9419375242
70 26 46.4614588483
71 27 46.7232765166
72 28 47.4321498162
73 29 48.1521474616
74 30 48.1053055186
75 31 47.4986310523
76 32 47.0822431375
77 33 46.5239897607
78 34 46.4761262298
79 35 46.1883245739
80 36 46.6512550659
81 37 46.8257870418
82 38 47.240225731
83 39 47.7693815056
84 40 47.9593607502
85 41 47.9940026089
86 42 47.6521324909
87 43 46.9241063423
88 44 59.2808082974
89 44 59.2808082974
90 44 59.2808082974
91 44 59.2808082974
92 44 59.2808082974
93 44 59.2808082974
94 44 59.2808082974
95 44 59.2808082974
96 44 59.2808082974
97 44 59.2808082974
98 44 59.2808082974
99 44 59.2808082974
100 44 59.2808082974
101 44 59.2808082974
102 44 59.2808082974
103 44 59.2808082974
104 44 59.2808082974
105 44 59.2808082974
106 44 59.2808082974
107 44 59.2808082974
108 44 59.2808082974
109 44 59.2808082974
110 44 59.2808082974
111 44 59.2808082974
112 44 59.2808082974
113 44 59.2808082974
114 44 59.2808082974
115 44 59.2808082974
116 44 59.2808082974
117 44 59.2808082974
118 44 59.2808082974
119 44 59.2808082974
120 44 59.2808082974
121 44 59.2808082974
122 44 59.2808082974
123 44 59.2808082974
124 45 46.9966072981
125 46 46.4848193052
126 47 46.6586383382
127 48 46.4316664629
128 49 46.8509923108
129 50 46.7602609511
130 51 47.398995726
131 52 57.3789696435
132 52 57.3789696435
133 52 57.3789696435
134 52 57.3789696435
135 52 57.3789696435
136 52 57.3789696435
137 52 57.3789696435
138 52 57.3789696435
139 52 57.3789696435
140 52 57.3789696435
141 52 57.3789696435
142 52 57.3789696435
143 52 57.3789696435
144 52 57.3789696435
145 52 57.3789696435
146 52 57.3789696435
147 52 57.3789696435
148 52 57.3789696435
149 53 48.3587458347
150 54 48.2876555833
151 55 48.0196900401
152 56 47.2395637862
153 57 47.3474885127
154 58 46.590533963
155 59 45.9456769693
156 60 45.4248412485
157 61 45.0527322216
158 62 44.7457924735
159 63 44.7509717274
160 64 44.6472309398
161 65 44.6754339812
162 66 44.9069733126
163 67 45.1674132475
164 68 45.3916918271
165 69 45.9686329227
166 70 46.6294418614
167 71 47.3141806174
168 72 48.0783277798
169 73 48.9042282799
170 74 49.8871168125
171 75 49.2573980175
172 76 48.3085203557
173 77 47.8551088501
174 78 48.0383401091
175 79 47.1460217075
176 80 46.3879428016
177 81 45.9787266887
178 82 45.430345765
179 83 45.4092663616
180 84 45.2235153839
181 85 45.5149108661
182 86 45.773334802
183 87 45.7783071904
184 88 45.854535952
185 89 45.682475076
186 90 45.9509418604
187 91 45.9701785483
188 92 46.3406720412
189 93 46.3809282026
190 94 46.6008354494
191 95 46.179354274
192 96 45.7485697151
193 97 45.3309381794
194 98 45.5341417824
195 99 46.1357491883
196 100 46.7263660762
197 101 47.5023023164
198 102 47.3688974318
199 103 48.3917140737
200 104 49.3585630284
201 105 49.3294185053
202 106 48.6770959469
203 107 47.748329541
204 108 47.8388142336
205 109 46.9919897965
206 110 46.1981516507
207 111 45.8091712334
208 112 45.2243064515
209 113 45.1353519081
210 114 44.83789004
211 115 44.7201937894
212 116 44.9312315988
213 117 45.0146048688
214 118 45.5542611082
215 119 45.9778399001
216 120 46.6846891902
217 121 47.7294514878
218 122 48.5925423436
219 123 49.7921836158
220 124 50.33591632
221 125 49.3557742267
222 126 48.2118086204
223 127 47.5684073379
224 128 46.7376699776
225 129 46.1791439434
226 130 45.6490130933
227 131 45.1891544229
228 132 45.3701315092
229 133 46.0533170511
230 134 46.6427794059
231 135 46.9883337082
232 136 47.9678924158
233 137 48.5626911393
234 138 49.1548779607
235 139 50.4762125433
236 140 51.3761112398
237 141 51.18851814
238 142 52.3188992599
239 143 51.4670326293
240 144 50.1558078871
241 145 49.0997802169
242 146 48.6563200831
243 147 47.7228206241
244 148 47.1425816406
245 149 46.5353915974
246 150 46.1209260547
247 151 46.3177426462
248 152 45.7243141547
249 153 46.0484973618
250 154 46.1701835709
251 155 45.8034240766
252 156 46.3997365215
253 157 47.0271110853
254 158 47.0199300884
255 159 47.762914204
256 160 48.3091388086
257 161 48.9708857643
258 162 49.9438708966
259 163 51.0587442112
260 164 51.9496929235
261 165 51.7678258125
262 166 51.1043152279
263 167 49.799797441
264 168 49.6240405104
265 169 48.7624418887
266 170 48.4459218155
267 171 47.8804529601
268 172 47.3517286085
269 173 48.0070522479
270 174 49.1210793379
271 175 49.7770384216
272 176 50.512760602
273 177 49.0198868176
274 177 49.0198868176
275 177 49.0198868176
276 177 49.0198868176
277 177 49.0198868176
278 177 49.0198868176
279 177 49.0198868176
280 177 49.0198868176
281 177 49.0198868176
282 177 49.0198868176
283 177 49.0198868176
284 177 49.0198868176
285 178 49.4985069426
286 179 50.8821638069
287 180 50.6890209859
288 181 51.067961579
289 182 51.1567705611
290 183 52.2063414517
291 184 51.5399540948
292 185 52.9589993554
293 186 52.3183216351
294 187 53.3920080333
295 188 53.9835005301
296 189 54.7786238311
297 190 56.3360726574
298 191 56.9348265012
299 192 55.7961581734
300 193 54.9663069466
301 194 53.4718163629
302 195 52.2561568576
303 196 51.5728413501
304 197 50.2079543019
305 198 49.3920271804
306 199 48.3570790348
307 200 47.9584568721
308 201 47.1702123468
309 202 46.8815992377
310 203 46.7721695647
311 204 46.141372903
312 205 46.5142725817
313 206 47.2561818669
314 207 47.824708645
315 208 47.7181461566
316 209 47.88301155
317 210 48.2017872417
318 211 48.3309839026
319 212 49.1217044735
320 213 49.5385066286
321 214 50.5322734374
322 215 51.4254627039
323 216 52.3467357136
324 217 51.6423311725
325 218 51.278511581
326 219 50.0885149349
327 220 50.0745665904
328 221 49.2485393339
329 222 49.4291250434
330 223 49.1515767173
331 224 49.1404711478
332 225 50.0659312165
333 226 49.9595968974
334 227 52.0123036117
335 227 52.0123036117
336 227 52.0123036117
337 227 52.0123036117
338 227 52.0123036117
339 227 52.0123036117
340 227 52.0123036117
341 227 52.0123036117
342 227 52.0123036117
343 227 52.0123036117
344 227 52.0123036117
345 227 52.0123036117
346 227 52.0123036117
347 227 52.0123036117
348 227 52.0123036117
349 227 52.0123036117
350 227 52.0123036117
351 227 52.0123036117
352 227 52.0123036117
353 227 52.0123036117
354 227 52.0123036117
355 227 52.0123036117
356 228 51.110699823
357 229 51.3033996696
358 230 50.736805418
359 231 50.1516474453
360 232 50.5672242715
361 233 50.8838458788
362 234 50.6457080996
363 235 51.6248024585
364 236 51.8078874454
365 237 51.398065196
366 238 52.326644785
367 239 51.8944666007
368 240 50.9915336556
369 241 49.9912909748
370 242 49.0325754003
371 243 48.3312206253
372 244 48.1615932371
373 245 47.3072391454
374 246 47.0794116115
375 247 46.8304556298
376 248 46.3071956131
377 249 46.7216456239
378 250 47.3842567745
379 251 47.5139995822
380 252 48.1060451963
381 253 48.8625169499
382 254 49.1074239669
383 255 48.7881162954
384 256 47.8992159074
385 257 47.9422424548
386 258 48.6106230464
387 259 48.9021068042
388 260 49.8844070063
389 261 50.3514242138
390 262 51.1943220463
391 263 50.4065128983
392 264 50.3571005709
393 265 49.5269127307
394 266 49.8674024473
395 267 49.6028247558
396 268 49.0472527212
397 269 48.7294176551
398 270 48.3272863574
399 271 48.804633577
400 272 49.4047652344
401 273 49.6365534448
402 274 48.7624859687
403 275 48.3430250073
404 276 47.4792001878
405 277 47.0117486959
406 278 46.3118941723
407 279 46.1176689693
408 280 45.7131578514
409 281 45.549488687
410 282 45.9271126872
411 283 46.490289144
412 284 46.3591306704
413 285 46.7523292644
414 286 47.0444218033
415 287 46.9317921038
416 288 47.3957846058
417 289 47.6071755698
418 290 48.4869676198
419 291 49.0710706832
420 292 49.2381383586
421 293 48.4922259063
422 294 47.7941360765
423 295 47.5704224014
424 296 48.2329819194
425 297 48.1579864342
426 298 48.5566743751
427 299 50.1269065518
428 299 50.1269065518
429 299 50.1269065518
430 299 50.1269065518
431 299 50.1269065518
432 299 50.1269065518
433 299 50.1269065518
434 299 50.1269065518
435 299 50.1269065518
436 299 50.1269065518
437 299 50.1269065518
438 299 50.1269065518
439 299 50.1269065518
440 299 50.1269065518
441 299 50.1269065518
442 299 50.1269065518
443 299 50.1269065518
444 299 50.1269065518
445 299 50.1269065518
446 299 50.1269065518
447 299 50.1269065518
448 299 50.1269065518
449 299 50.1269065518
450 299 50.1269065518
451 299 50.1269065518
452 299 50.1269065518
453 299 50.1269065518
454 299 50.1269065518
455 299 50.1269065518
456 299 50.1269065518
457 299 50.1269065518
458 299 50.1269065518
459 299 50.1269065518
460 299 50.1269065518
461 299 50.1269065518
462 299 50.1269065518
463 299 50.1269065518
464 299 50.1269065518
465 299 50.1269065518
466 299 50.1269065518
467 299 50.1269065518
468 299 50.1269065518
469 299 50.1269065518
470 299 50.1269065518
471 299 50.1269065518
472 299 50.1269065518
473 299 50.1269065518
474 299 50.1269065518
475 299 50.1269065518
476 299 50.1269065518
477 299 50.1269065518
478 299 50.1269065518
479 299 50.1269065518
480 299 50.1269065518
481 299 50.1269065518
482 299 50.1269065518
483 299 50.1269065518
484 299 50.1269065518
485 299 50.1269065518
486 299 50.1269065518
487 299 50.1269065518
488 299 50.1269065518
489 299 50.1269065518
490 299 50.1269065518
491 300 58.9234713968
492 300 58.9234713968
493 300 58.9234713968
494 300 58.9234713968
495 300 58.9234713968
496 300 58.9234713968
497 300 58.9234713968
498 300 58.9234713968
499 300 58.9234713968
500 300 58.9234713968
501 300 58.9234713968
502 300 58.9234713968
503 300 58.9234713968
504 300 58.9234713968
505 300 58.9234713968
506 300 58.9234713968
507 300 58.9234713968
508 300 58.9234713968
509 300 58.9234713968
510 300 58.9234713968
511 300 58.9234713968
512 300 58.9234713968
513 300 58.9234713968
514 300 58.9234713968
515 300 58.9234713968
516 300 58.9234713968
517 300 58.9234713968
518 300 58.9234713968
519 300 58.9234713968
520 300 58.9234713968
521 300 58.9234713968
522 300 58.9234713968
523 300 58.9234713968
524 300 58.9234713968
525 300 58.9234713968
526 300 58.9234713968
527 300 58.9234713968
528 300 58.9234713968
529 300 58.9234713968
530 300 58.9234713968
531 300 58.9234713968
532 300 58.9234713968
533 300 58.9234713968
534 300 58.9234713968
535 300 58.9234713968
536 300 58.9234713968
537 300 58.9234713968
538 300 58.9234713968
539 300 58.9234713968
540 300 58.9234713968
541 300 58.9234713968
542 300 58.9234713968
543 300 58.9234713968
544 300 58.9234713968
545 300 58.9234713968
546 300 58.9234713968
547 300 58.9234713968
548 300 58.9234713968
549 300 58.9234713968
550 300 58.9234713968
551 300 58.9234713968
552 300 58.9234713968
553 300 58.9234713968
554 300 58.9234713968
555 300 58.9234713968
556 300 58.9234713968
557 300 58.9234713968
558 300 58.9234713968
559 300 58.9234713968
560 300 58.9234713968
561 300 58.9234713968
562 300 58.9234713968
563 300 58.9234713968
564 300 58.9234713968
565 300 58.9234713968
566 300 58.9234713968
567 300 58.9234713968
568 300 58.9234713968
569 300 58.9234713968
570 300 58.9234713968
571 300 58.9234713968
572 300 58.9234713968
573 300 58.9234713968
574 300 58.9234713968
575 301 59.9924224804
576 301 59.9924224804
577 301 59.9924224804
578 301 59.9924224804
579 301 59.9924224804
580 301 59.9924224804
581 301 59.9924224804
582 301 59.9924224804
583 301 59.9924224804
584 301 59.9924224804
585 301 59.9924224804
586 301 59.9924224804
587 301 59.9924224804
588 301 59.9924224804
589 301 59.9924224804
590 301 59.9924224804
591 301 59.9924224804
592 301 59.9924224804
593 301 59.9924224804
594 301 59.9924224804
595 301 59.9924224804
596 301 59.9924224804
597 301 59.9924224804
598 301 59.9924224804
599 301 59.9924224804
600 301 59.9924224804
601 301 59.9924224804
602 301 59.9924224804
603 301 59.9924224804
604 301 59.9924224804
605 301 59.9924224804
606 301 59.9924224804
607 301 59.9924224804
608 301 59.9924224804
609 301 59.9924224804
610 301 59.9924224804
611 301 59.9924224804
612 301 59.9924224804
613 301 59.9924224804
614 301 59.9924224804
615 301 59.9924224804
616 301 59.9924224804
617 301 59.9924224804
618 301 59.9924224804
619 301 59.9924224804
620 301 59.9924224804
621 301 59.9924224804
622 301 59.9924224804
623 301 59.9924224804
624 301 59.9924224804
625 301 59.9924224804
626 301 59.9924224804
627 301 59.9924224804
628 301 59.9924224804
629 301 59.9924224804
630 301 59.9924224804
631 301 59.9924224804
632 301 59.9924224804
633 301 59.9924224804
634 301 59.9924224804
635 301 59.9924224804
636 301 59.9924224804
637 301 59.9924224804
638 301 59.9924224804
639 301 59.9924224804
640 301 59.9924224804
641 301 59.9924224804
642 301 59.9924224804
643 301 59.9924224804
644 301 59.9924224804
645 301 59.9924224804
646 301 59.9924224804
647 301 59.9924224804
648 301 59.9924224804
649 301 59.9924224804
650 301 59.9924224804
651 301 59.9924224804
652 301 59.9924224804
653 301 59.9924224804
654 301 59.9924224804
655 301 59.9924224804
656 301 59.9924224804
657 301 59.9924224804
658 301 59.9924224804
659 302 62.3558409196
660 303 63.7677017196
661 304 64.8142298184
662 305 64.5549190895
663 306 63.1472135027
664 307 63.603935419
665 308 64.6403973159
666 309 63.6049683907
667 310 62.7144904202
668 311 63.8541127008
669 312 64.1029299605
670 313 62.6859727377
671 314 62.7129932199
672 315 64.1229675347
673 316 63.4271235896
674 317 64.4083141643
675 318 63.3550462063
676 319 64.392855854
677 320 65.1768494847
678 321 63.90241403
679 322 63.6568519659
680 323 65.064264915
681 324 65.1524935605
682 325 63.8698699551
683 326 64.2056577888
684 327 65.6037550446
685 328 65.4347661574
686 329 64.8432837853
687 330 64.0327178075
688 331 63.628346481
689 332 62.75760742
690 333 61.7749933277
691 334 60.9283601248
692 335 61.813011945
693 336 62.2093926974
694 337 60.8421924792
695 338 60.8965335708
696 339 62.0413977995
697 340 61.2572413059
698 341 60.2235204608
699 342 61.1379248298
700 343 61.4078902911
701 344 60.0059170842
702 345 59.9858153958
703 346 60.4439353335
704 347 59.6287585792
705 348 60.0850084921
706 349 60.9833380274
707 350 62.0021864591
708 351 61.7512427097
709 352 63.1353837784
710 353 63.1563631917
711 354 64.6138191302
712 355 64.2566427669
713 356 63.8830512662
714 357 64.4410392131
715 358 63.1160851087
716 359 62.3204724047
717 360 63.5119024342
718 361 63.7660698975
719 362 62.4358184487
720 363 62.4709861369
721 364 63.5980887131
722 365 63.0496763156
723 366 61.7409930612
724 367 61.7309211567
725 368 60.7498300921
726 369 60.1269539607
727 370 59.3134055256
728 371 60.2479510676
729 372 60.9670386529
730 373 60.1136619411
731 374 59.9628928833
732 375 61.2679089681
733 376 61.3648787623
734 377 60.4154915581
735 378 60.9735725608
736 379 62.2424631679
737 380 61.6750648748
738 381 62.6352395251
739 382 61.5448383899
740 383 61.5708028826
741 384 62.6910856329
742 385 62.2858720967
743 386 61.0178881747
744 387 61.3062650809
745 388 62.2409241137
746 389 61.8775242008
747 390 60.5714373727
748 391 60.4076177529
749 392 59.2926097669
750 393 58.7259450676
751 394 58.4931770495
752 395 57.511289202
753 396 58.1502609183
754 397 59.2177405781
755 398 58.681030451
756 399 58.2325034773
757 400 59.3438327764
758 401 59.9970935513
759 402 59.210024449
760 403 59.1782098631
761 404 60.4932524316
762 405 61.0750275044
763 406 60.269920856
764 407 61.2129460457
765 408 62.1520803112
766 409 62.2286109496
767 410 60.9440375995
768 411 60.880533176
769 412 62.1185296497
770 413 61.656605883
771 414 60.431381885
772 415 61.0858950059
773 416 61.8701895776
774 417 60.7222915045
775 418 60.2039968573
776 419 61.3540711489
777 420 61.2322847478
778 421 59.9859575457
779 422 60.5305439139
780 423 61.2232759754
781 424 60.0382159703
782 425 58.8693372577
783 426 54.1179465792
784 426 54.1179465792
785 426 54.1179465792
786 426 54.1179465792
787 426 54.1179465792
788 426 54.1179465792
789 426 54.1179465792
790 426 54.1179465792
791 426 54.1179465792
792 426 54.1179465792
793 426 54.1179465792
794 426 54.1179465792
795 426 54.1179465792
796 426 54.1179465792
797 426 54.1179465792
798 426 54.1179465792
799 426 54.1179465792
800 426 54.1179465792
801 426 54.1179465792
802 426 54.1179465792
803 426 54.1179465792
804 426 54.1179465792
805 426 54.1179465792
806 426 54.1179465792
807 426 54.1179465792
808 426 54.1179465792
809 427 59.7975783856
810 428 58.7610171966
811 429 57.4914586518
812 430 57.7319650927
813 431 58.898775581
814 432 58.3919168903
815 433 57.6007478887
816 434 58.612352283
817 435 59.3149634222
818 436 58.2654581952
819 437 58.3948409437
820 438 59.7496365342
821 439 59.8439406643
822 440 58.8224699199
823 441 59.109638194
824 442 60.2113727342
825 443 61.402906747
826 444 61.4895587855
827 445 61.312533516
828 446 60.8620191631
829 447 59.6215717078
830 448 60.2481394141
831 449 61.114989109
832 450 60.0494559407
833 451 59.7356439909
834 452 58.6385186192
835 453 58.7003263776
836 454 65.2894240527
837 454 65.2894240527
838 454 65.2894240527
839 454 65.2894240527
840 454 65.2894240527
841 454 65.2894240527
842 454 65.2894240527
843 454 65.2894240527
844 454 65.2894240527
845 454 65.2894240527
846 454 65.2894240527
847 454 65.2894240527
848 454 65.2894240527
849 454 65.2894240527
850 454 65.2894240527
851 454 65.2894240527
852 454 65.2894240527
853 454 65.2894240527
854 454 65.2894240527
855 454 65.2894240527
856 454 65.2894240527
857 454 65.2894240527
858 454 65.2894240527
859 454 65.2894240527
860 454 65.2894240527
861 454 65.2894240527
862 454 65.2894240527
863 454 65.2894240527
864 454 65.2894240527
865 454 65.2894240527
866 454 65.2894240527
867 454 65.2894240527
868 454 65.2894240527
869 454 65.2894240527
870 454 65.2894240527
871 454 65.2894240527
872 454 65.2894240527
873 454 65.2894240527
874 454 65.2894240527
875 454 65.2894240527
876 454 65.2894240527
877 454 65.2894240527
878 454 65.2894240527
879 454 65.2894240527
880 454 65.2894240527
881 454 65.2894240527
882 454 65.2894240527
883 454 65.2894240527
884 454 65.2894240527
885 454 65.2894240527
886 454 65.2894240527
887 454 65.2894240527
888 454 65.2894240527
889 455 60.9401781281
890 455 60.9401781281
891 455 60.9401781281
892 455 60.9401781281
893 455 60.9401781281
894 455 60.9401781281
895 455 60.9401781281
896 455 60.9401781281
897 455 60.9401781281
898 455 60.9401781281
899 455 60.9401781281
900 455 60.9401781281
901 455 60.9401781281
902 455 60.9401781281
903 455 60.9401781281
904 455 60.9401781281
905 455 60.9401781281
906 455 60.9401781281
907 455 60.9401781281
908 455 60.9401781281
909 455 60.9401781281
910 455 60.9401781281
911 455 60.9401781281
912 455 60.9401781281
913 455 60.9401781281
914 455 60.9401781281
915 455 60.9401781281
916 455 60.9401781281
917 455 60.9401781281
918 455 60.9401781281
919 455 60.9401781281
920 455 60.9401781281
921 455 60.9401781281
922 455 60.9401781281
923 455 60.9401781281
924 455 60.9401781281
925 455 60.9401781281
926 455 60.9401781281
927 455 60.9401781281
928 455 60.9401781281
929 455 60.9401781281
930 455 60.9401781281
931 455 60.9401781281
932 455 60.9401781281
933 455 60.9401781281
934 455 60.9401781281
935 455 60.9401781281
936 455 60.9401781281
937 455 60.9401781281
938 455 60.9401781281
939 455 60.9401781281
940 455 60.9401781281
941 455 60.9401781281
942 456 66.4411493049
943 457 66.413629219
944 458 65.2870436139
945 459 65.7100333382
946 460 65.9579695647
947 461 65.5083035703
948 462 66.7328367475
949 463 67.4070012619
950 464 68.4939792986
951 465 69.3127831085
952 466 69.3471065635
953 467 68.0464192505
954 468 67.4485907934
955 469 68.0141639069
956 470 69.4115306525
957 471 69.3041079274
958 472 68.9672609267
959 473 70.1943699342
960 474 71.0197073169
961 475 71.7931547596
962 476 71.1465475581
963 477 72.7801109758
964 478 74.7194757465
965 478 74.7194757465
966 478 74.7194757465
967 478 74.7194757465
968 478 74.7194757465
969 478 74.7194757465
970 478 74.7194757465
971 478 74.7194757465
972 478 74.7194757465
973 478 74.7194757465
974 478 74.7194757465
975 478 74.7194757465
976 478 74.7194757465
977 478 74.7194757465
978 478 74.7194757465
979 478 74.7194757465
980 478 74.7194757465
981 478 74.7194757465
982 478 74.7194757465
983 478 74.7194757465
984 478 74.7194757465
985 478 74.7194757465
986 478 74.7194757465
987 478 74.7194757465
988 478 74.7194757465
989 478 74.7194757465
990 478 74.7194757465
991 478 74.7194757465
992 478 74.7194757465
993 478 74.7194757465
994 478 74.7194757465
995 478 74.7194757465
996 478 74.7194757465
997 478 74.7194757465
998 478 74.7194757465
999 478 74.7194757465
1000 479 72.0808333094
1001 480 70.8341198723
1002 481 70.8945093741
1003 482 69.9239007625
1004 483 69.6631305167
1005 484 69.1325757865
1006 485 68.3564162092
1007 486 68.0861804673
1008 487 67.030731204
1009 488 67.8115204662
1010 489 67.3144018596
1011 490 68.1315304679
1012 491 67.9341393031
1013 492 68.5552255833
1014 493 69.5937460763
1015 494 69.2793744086
1016 495 67.8342103947
1017 496 67.9032533152
1018 497 68.8068436523
1019 498 67.8680116803
1020 499 66.8705658711
1021 500 67.521980289
1022 501 67.6391515987
1023 502 66.3737573698
1024 503 66.2274237874
1025 504 67.0326487275
1026 505 66.1142943111
1027 506 65.9868150796
1028 507 65.1287921889
1029 508 64.968978239
1030 509 64.3592873577
1031 510 64.7754066096
1032 511 65.1803403993
1033 512 59.0084594718
1034 512 59.0084594718
1035 512 59.0084594718
1036 512 59.0084594718
1037 512 59.0084594718
1038 512 59.0084594718
