1 0 57.2038330265
2 1 56.1671702131
3 2 54.1018180378
4 3 53.557172301
5 4 52.3241035426
6 5 50.0691431121
7 6 49.8506448614
8 7 51.0417413878
9 8 51.4127803318
10 9 53.0047990779
11 10 52.9381374147
12 11 53.5831956249
13 12 52.989483469
14 13 52.7193940363
15 14 53.3062329193
16 15 52.9321120046
17 16 54.6380851879
18 17 54.0624880552
19 18 56.1333978812
20 19 57.2940336048
21 20 59.8230225103
22 21 59.7616071115
23 22 58.4635284478
24 23 56.1050129289
25 24 54.3125242537
26 25 51.9270024246
27 26 50.63952108
28 27 51.3998823729
29 28 50.1566199231
30 29 49.4050559229
31 30 48.7482698977
32 31 41.8895500781
33 31 41.8895500781
34 31 41.8895500781
35 31 41.8895500781
36 31 41.8895500781
37 31 41.8895500781
38 31 41.8895500781
39 31 41.8895500781
40 31 41.8895500781
41 31 41.8895500781
42 31 41.8895500781
43 31 41.8895500781
44 31 41.8895500781
45 31 41.8895500781
46 31 41.8895500781
47 31 41.8895500781
48 31 41.8895500781
49 31 41.8895500781
50 31 41.8895500781
51 31 41.8895500781
52 31 41.8895500781
53 31 41.8895500781
54 31 41.8895500781
55 31 41.8895500781
56 31 41.8895500781
57 31 41.8895500781
58 31 41.8895500781
59 31 41.8895500781
60 31 41.8895500781
61 31 41.8895500781
62 31 41.8895500781
63 31 41.8895500781
64 31 41.8895500781
65 31 41.8895500781
66 31 41.8895500781
67 31 41.8895500781
68 31 41.8895500781
69 31 41.8895500781
70 31 41.8895500781
71 31 41.8895500781
72 31 41.8895500781
73 31 41.8895500781
74 31 41.8895500781
75 31 41.8895500781
76 31 41.8895500781
77 31 41.8895500781
78 31 41.8895500781
79 31 41.8895500781
80 31 41.8895500781
81 31 41.8895500781
82 31 41.8895500781
83 31 41.8895500781
84 31 41.8895500781
85 31 41.8895500781
86 31 41.8895500781
87 31 41.8895500781
88 31 41.8895500781
89 31 41.8895500781
90 31 41.8895500781
91 31 41.8895500781
92 31 41.8895500781
93 31 41.8895500781
94 31 41.8895500781
95 31 41.8895500781
96 31 41.8895500781
97 31 41.8895500781
98 31 41.8895500781
99 31 41.8895500781
100 31 41.8895500781
101 31 41.8895500781
102 31 41.8895500781
103 31 41.8895500781
104 31 41.8895500781
105 31 41.8895500781
106 31 41.8895500781
107 31 41.8895500781
108 31 41.8895500781
109 31 41.8895500781
110 31 41.8895500781
111 31 41.8895500781
112 31 41.8895500781
113 31 41.8895500781
114 31 41.8895500781
115 31 41.8895500781
116 31 41.8895500781
117 31 41.8895500781
118 31 41.8895500781
119 31 41.8895500781
120 31 41.8895500781
121 31 41.8895500781
122 31 41.8895500781
123 31 41.8895500781
124 31 41.8895500781
125 31 41.8895500781
126 31 41.8895500781
127 31 41.8895500781
128 31 41.8895500781
129 32 18.4836197675
130 32 18.4836197675
131 32 18.4836197675
132 32 18.4836197675
133 32 18.4836197675
134 32 18.4836197675
135 32 18.4836197675
136 32 18.4836197675
137 32 18.4836197675
138 32 18.4836197675
139 32 18.4836197675
140 32 18.4836197675
141 32 18.4836197675
142 32 18.4836197675
143 32 18.4836197675
144 32 18.4836197675
145 32 18.4836197675
146 32 18.4836197675
147 32 18.4836197675
148 32 18.4836197675
149 32 18.4836197675
150 32 18.4836197675
151 32 18.4836197675
152 32 18.4836197675
153 32 18.4836197675
154 32 18.4836197675
155 32 18.4836197675
156 32 18.4836197675
157 32 18.4836197675
158 32 18.4836197675
159 32 18.4836197675
160 32 18.4836197675
161 32 18.4836197675
162 32 18.4836197675
163 32 18.4836197675
164 32 18.4836197675
165 32 18.4836197675
166 32 18.4836197675
167 32 18.4836197675
168 32 18.4836197675
169 32 18.4836197675
170 32 18.4836197675
171 32 18.4836197675
172 32 18.4836197675
173 32 18.4836197675
174 32 18.4836197675
175 32 18.4836197675
176 32 18.4836197675
177 32 18.4836197675
178 32 18.4836197675
179 32 18.4836197675
180 32 18.4836197675
181 32 18.4836197675
182 32 18.4836197675
183 32 18.4836197675
184 32 18.4836197675
185 32 18.4836197675
186 32 18.4836197675
187 32 18.4836197675
188 32 18.4836197675
189 32 18.4836197675
190 32 18.4836197675
191 32 18.4836197675
192 32 18.4836197675
193 32 18.4836197675
194 32 18.4836197675
195 32 18.4836197675
196 32 18.4836197675
197 32 18.4836197675
198 32 18.4836197675
199 32 18.4836197675
200 32 18.4836197675
201 32 18.4836197675
202 32 18.4836197675
203 32 18.4836197675
204 32 18.4836197675
205 32 18.4836197675
206 32 18.4836197675
207 32 18.4836197675
208 32 18.4836197675
209 32 18.4836197675
210 32 18.4836197675
211 32 18.4836197675
212 32 18.4836197675
213 32 18.4836197675
214 32 18.4836197675
215 32 18.4836197675
216 32 18.4836197675
217 32 18.4836197675
218 32 18.4836197675
219 32 18.4836197675
220 32 18.4836197675
221 32 18.4836197675
222 32 18.4836197675
223 32 18.4836197675
224 32 18.4836197675
225 32 18.4836197675
226 33 27.7665977176
227 33 27.7665977176
228 33 27.7665977176
229 33 27.7665977176
230 33 27.7665977176
231 33 27.7665977176
232 33 27.7665977176
233 33 27.7665977176
234 33 27.7665977176
235 33 27.7665977176
236 33 27.7665977176
237 33 27.7665977176
238 33 27.7665977176
239 33 27.7665977176
240 33 27.7665977176
241 33 27.7665977176
242 33 27.7665977176
243 33 27.7665977176
244 33 27.7665977176
245 33 27.7665977176
246 33 27.7665977176
247 33 27.7665977176
248 33 27.7665977176
249 33 27.7665977176
250 33 27.7665977176
251 33 27.7665977176
252 33 27.7665977176
253 33 27.7665977176
254 33 27.7665977176
255 33 27.7665977176
256 33 27.7665977176
257 33 27.7665977176
258 33 27.7665977176
259 33 27.7665977176
260 33 27.7665977176
261 33 27.7665977176
262 33 27.7665977176
263 33 27.7665977176
264 33 27.7665977176
265 33 27.7665977176
266 33 27.7665977176
267 33 27.7665977176
268 33 27.7665977176
269 33 27.7665977176
270 33 27.7665977176
271 33 27.7665977176
272 33 27.7665977176
273 33 27.7665977176
274 33 27.7665977176
275 33 27.7665977176
276 33 27.7665977176
277 33 27.7665977176
278 33 27.7665977176
279 33 27.7665977176
280 33 27.7665977176
281 33 27.7665977176
282 33 27.7665977176
283 33 27.7665977176
284 33 27.7665977176
285 33 27.7665977176
286 33 27.7665977176
287 33 27.7665977176
288 33 27.7665977176
289 33 27.7665977176
290 33 27.7665977176
291 33 27.7665977176
292 33 27.7665977176
293 33 27.7665977176
294 33 27.7665977176
295 33 27.7665977176
296 33 27.7665977176
297 33 27.7665977176
298 33 27.7665977176
299 33 27.7665977176
300 33 27.7665977176
301 33 27.7665977176
302 33 27.7665977176
303 33 27.7665977176
304 33 27.7665977176
305 33 27.7665977176
306 33 27.7665977176
307 33 27.7665977176
308 33 27.7665977176
309 33 27.7665977176
310 33 27.7665977176
311 33 27.7665977176
312 33 27.7665977176
313 33 27.7665977176
314 33 27.7665977176
315 33 27.7665977176
316 33 27.7665977176
317 33 27.7665977176
318 33 27.7665977176
319 33 27.7665977176
320 33 27.7665977176
321 33 27.7665977176
322 34 27.4379754566
323 35 25.6440645896
324 36 25.1366095269
325 37 26.315505796
326 38 26.3886721828
327 39 26.0337316192
328 40 25.8678444257
329 41 26.8188620228
330 42 27.2063759813
331 43 28.4667881153
332 44 28.9791000465
333 45 30.1882972286
334 46 31.4327505564
335 47 30.8935729991
336 48 30.0869319866
337 49 29.3611400629
338 50 28.0245503828
339 51 27.6422590465
340 52 26.3085268403
341 53 25.5826385365
342 54 25.3311924751
343 55 25.4029799989
344 56 25.5989765484
345 57 23.9643575894
346 58 23.6851136353
347 59 23.9486267369
348 60 22.8832818061
349 61 23.4767989998
350 62 23.9678494999
351 63 24.9340136734
352 64 35.6840128061
353 64 35.6840128061
354 64 35.6840128061
355 64 35.6840128061
356 64 35.6840128061
357 64 35.6840128061
358 64 35.6840128061
359 64 35.6840128061
360 64 35.6840128061
361 64 35.6840128061
362 64 35.6840128061
363 64 35.6840128061
364 64 35.6840128061
365 64 35.6840128061
366 64 35.6840128061
367 64 35.6840128061
368 64 35.6840128061
369 64 35.6840128061
370 64 35.6840128061
371 64 35.6840128061
372 64 35.6840128061
373 64 35.6840128061
374 64 35.6840128061
375 64 35.6840128061
376 64 35.6840128061
377 64 35.6840128061
378 64 35.6840128061
379 64 35.6840128061
380 64 35.6840128061
381 64 35.6840128061
382 64 35.6840128061
383 64 35.6840128061
384 64 35.6840128061
385 64 35.6840128061
386 64 35.6840128061
387 64 35.6840128061
388 64 35.6840128061
389 64 35.6840128061
390 64 35.6840128061
391 64 35.6840128061
392 64 35.6840128061
393 64 35.6840128061
394 64 35.6840128061
395 64 35.6840128061
396 64 35.6840128061
397 64 35.6840128061
398 64 35.6840128061
399 64 35.6840128061
400 65 27.5434056525
401 66 28.0644646722
402 67 27.695252456
403 68 28.7374103728
404 69 29.470056777
405 70 29.1189629745
406 71 29.4225257248
407 72 30.7060816626
408 73 30.943787914
409 74 30.9153900819
410 75 31.7861513868
411 76 32.9685565427
412 77 34.4553460659
413 78 35.0290156224
414 79 36.1391278259
415 80 35.4649508846
416 81 35.3933936316
417 82 34.0766761825
418 83 34.1379918636
419 84 32.7040022694
420 85 32.2402879638
421 86 31.9666367143
422 87 31.4208469239
423 88 32.1039298775
424 89 31.7922259488
425 90 32.5463907188
426 91 33.1658460036
427 92 31.2304921684
428 93 31.3897003111
429 94 30.0922451996
430 95 30.7621744549
431 96 30.1921902745
432 97 30.7046321259
433 98 31.41183288
434 99 31.757845589
435 100 33.1830386806
436 101 33.4547677993
437 102 35.1948495058
438 103 35.4236685625
439 104 29.517115749
440 104 29.517115749
441 104 29.517115749
442 104 29.517115749
443 104 29.517115749
444 104 29.517115749
445 104 29.517115749
446 104 29.517115749
447 104 29.517115749
448 104 29.517115749
449 104 29.517115749
450 104 29.517115749
451 104 29.517115749
452 104 29.517115749
453 104 29.517115749
454 104 29.517115749
455 104 29.517115749
456 104 29.517115749
457 104 29.517115749
458 104 29.517115749
459 104 29.517115749
460 104 29.517115749
461 104 29.517115749
462 104 29.517115749
463 104 29.517115749
464 104 29.517115749
465 104 29.517115749
466 104 29.517115749
467 104 29.517115749
468 104 29.517115749
469 104 29.517115749
470 104 29.517115749
471 104 29.517115749
472 104 29.517115749
473 104 29.517115749
474 104 29.517115749
475 104 29.517115749
476 104 29.517115749
477 104 29.517115749
478 104 29.517115749
479 104 29.517115749
480 104 29.517115749
481 104 29.517115749
482 104 29.517115749
483 104 29.517115749
484 104 29.517115749
485 104 29.517115749
486 104 29.517115749
487 104 29.517115749
488 104 29.517115749
489 104 29.517115749
490 104 29.517115749
491 104 29.517115749
492 104 29.517115749
493 104 29.517115749
494 104 29.517115749
495 104 29.517115749
496 104 29.517115749
497 104 29.517115749
498 104 29.517115749
499 104 29.517115749
500 104 29.517115749
501 104 29.517115749
502 104 29.517115749
503 104 29.517115749
504 104 29.517115749
505 104 29.517115749
506 104 29.517115749
507 104 29.517115749
508 104 29.517115749
509 104 29.517115749
510 104 29.517115749
511 104 29.517115749
512 104 29.517115749
513 104 29.517115749
514 104 29.517115749
515 104 29.517115749
516 104 29.517115749
517 104 29.517115749
518 104 29.517115749
519 104 29.517115749
520 104 29.517115749
521 104 29.517115749
522 104 29.517115749
523 104 29.517115749
524 104 29.517115749
525 104 29.517115749
526 104 29.517115749
527 104 29.517115749
528 104 29.517115749
529 104 29.517115749
530 104 29.517115749
531 105 23.1128737985
532 106 24.5633931754
533 107 25.0551343585
534 108 24.910438706
535 109 24.0283363164
536 110 24.5080755539
537 111 24.1070129444
538 112 25.088448765
539 113 25.2804831749
540 114 26.4630044927
541 115 26.4515803589
542 116 26.7341286219
543 117 26.685899886
544 118 25.2475355454
545 119 24.7960660152
546 120 24.1298815719
547 121 25.419780969
548 122 25.0396740166
549 123 26.3341689741
550 124 26.7790551145
551 125 27.5104197648
552 126 26.3392907273
553 127 25.4176079115
554 128 26.1693856382
555 129 25.9799699663
556 130 24.6273162865
557 131 24.4295164941
558 132 25.0111597312
559 133 24.3153576972
560 134 23.2535958376
561 135 23.8561924493
562 136 24.09416866
563 137 23.0044810553
564 138 22.9245339969
565 139 23.958609362
566 140 23.4372610176
567 141 22.6424435883
568 142 22.1151966918
569 143 21.2987057029
570 144 21.1735127534
571 145 22.0602166522
572 146 21.9050229807
573 147 21.2412225967
574 148 22.1435690745
575 149 22.9756099797
576 151 22.0999514201
577 152 22.1525103507
578 151 22.0486249593
579 151 22.0486249593
580 151 22.0486249593
581 151 22.0486249593
582 151 22.0486249593
583 151 22.0486249593
584 151 22.0486249593
585 151 22.0486249593
586 151 22.0486249593
587 151 22.0486249593
588 151 22.0486249593
589 151 22.0486249593
590 151 22.0486249593
591 151 22.0486249593
592 151 22.0486249593
593 151 22.0486249593
594 151 22.0486249593
595 151 22.0486249593
596 151 22.0486249593
597 151 22.0486249593
598 151 22.0486249593
599 151 22.0486249593
600 151 22.0486249593
601 151 22.0486249593
602 151 22.0486249593
603 151 22.0486249593
604 151 22.0486249593
605 151 22.0486249593
606 151 22.0486249593
607 151 22.0486249593
608 151 22.0486249593
609 151 22.0486249593
610 151 22.0486249593
611 151 22.0486249593
612 151 22.0486249593
613 151 22.0486249593
614 151 22.0486249593
615 151 22.0486249593
616 151 22.0486249593
617 151 22.0486249593
618 151 22.0486249593
619 151 22.0486249593
620 151 22.0486249593
621 151 22.0486249593
622 151 22.0486249593
623 151 22.0486249593
624 151 22.0486249593
625 151 22.0486249593
626 151 22.0486249593
627 151 22.0486249593
628 151 22.0486249593
629 151 22.0486249593
630 151 22.0486249593
631 151 22.0486249593
632 151 22.0486249593
633 151 22.0486249593
634 151 22.0486249593
635 151 22.0486249593
636 151 22.0486249593
637 151 22.0486249593
638 151 22.0486249593
639 151 22.0486249593
640 151 22.0486249593
641 151 22.0486249593
642 151 22.0486249593
643 151 22.0486249593
644 151 22.0486249593
645 151 22.0486249593
646 151 22.0486249593
647 151 22.0486249593
648 151 22.0486249593
649 151 22.0486249593
650 151 22.0486249593
651 151 22.0486249593
652 151 22.0486249593
653 151 22.0486249593
654 151 22.0486249593
655 151 22.0486249593
656 151 22.0486249593
657 151 22.0486249593
658 151 22.0486249593
659 151 22.0486249593
660 151 22.0486249593
661 151 22.0486249593
662 151 22.0486249593
663 151 22.0486249593
664 151 22.0486249593
665 151 22.0486249593
666 151 22.0486249593
667 151 22.0486249593
668 151 22.0486249593
669 153 16.5961029302
670 153 16.5961029302
671 153 16.5961029302
672 153 16.5961029302
673 153 16.5961029302
674 153 16.5961029302
675 153 16.5961029302
676 153 16.5961029302
677 153 16.5961029302
678 153 16.5961029302
679 153 16.5961029302
680 153 16.5961029302
681 153 16.5961029302
682 153 16.5961029302
683 153 16.5961029302
684 153 16.5961029302
685 153 16.5961029302
686 153 16.5961029302
687 153 16.5961029302
688 153 16.5961029302
689 153 16.5961029302
690 153 16.5961029302
691 153 16.5961029302
692 153 16.5961029302
693 153 16.5961029302
694 153 16.5961029302
695 153 16.5961029302
696 153 16.5961029302
697 153 16.5961029302
698 153 16.5961029302
699 153 16.5961029302
700 153 16.5961029302
701 153 16.5961029302
702 153 16.5961029302
703 153 16.5961029302
704 153 16.5961029302
705 153 16.5961029302
706 153 16.5961029302
707 153 16.5961029302
708 153 16.5961029302
709 153 16.5961029302
710 153 16.5961029302
711 153 16.5961029302
712 153 16.5961029302
713 153 16.5961029302
714 153 16.5961029302
715 153 16.5961029302
716 153 16.5961029302
717 153 16.5961029302
718 153 16.5961029302
719 153 16.5961029302
720 153 16.5961029302
721 153 16.5961029302
722 153 16.5961029302
723 153 16.5961029302
724 153 16.5961029302
725 153 16.5961029302
726 153 16.5961029302
727 153 16.5961029302
728 153 16.5961029302
729 153 16.5961029302
730 153 16.5961029302
731 153 16.5961029302
732 153 16.5961029302
733 153 16.5961029302
734 153 16.5961029302
735 153 16.5961029302
736 153 16.5961029302
737 153 16.5961029302
738 153 16.5961029302
739 153 16.5961029302
740 153 16.5961029302
741 153 16.5961029302
742 153 16.5961029302
743 153 16.5961029302
744 153 16.5961029302
745 153 16.5961029302
746 153 16.5961029302
747 153 16.5961029302
748 153 16.5961029302
749 153 16.5961029302
750 153 16.5961029302
751 153 16.5961029302
752 153 16.5961029302
753 153 16.5961029302
754 153 16.5961029302
755 153 16.5961029302
756 153 16.5961029302
757 153 16.5961029302
758 153 16.5961029302
759 153 16.5961029302
760 153 16.5961029302
761 153 16.5961029302
762 154 37.8832669322
763 154 37.8832669322
764 154 37.8832669322
765 154 37.8832669322
766 154 37.8832669322
767 154 37.8832669322
768 154 37.8832669322
769 154 37.8832669322
770 154 37.8832669322
771 154 37.8832669322
772 154 37.8832669322
773 154 37.8832669322
774 154 37.8832669322
775 154 37.8832669322
776 154 37.8832669322
777 154 37.8832669322
778 154 37.8832669322
779 154 37.8832669322
780 154 37.8832669322
781 154 37.8832669322
782 154 37.8832669322
783 154 37.8832669322
784 154 37.8832669322
785 154 37.8832669322
786 154 37.8832669322
787 154 37.8832669322
788 154 37.8832669322
789 154 37.8832669322
790 154 37.8832669322
791 154 37.8832669322
792 154 37.8832669322
793 154 37.8832669322
794 154 37.8832669322
795 154 37.8832669322
796 154 37.8832669322
797 154 37.8832669322
798 154 37.8832669322
799 154 37.8832669322
800 154 37.8832669322
801 154 37.8832669322
802 154 37.8832669322
803 154 37.8832669322
804 154 37.8832669322
805 154 37.8832669322
806 154 37.8832669322
807 154 37.8832669322
808 154 37.8832669322
809 154 37.8832669322
810 154 37.8832669322
811 154 37.8832669322
812 154 37.8832669322
813 154 37.8832669322
814 154 37.8832669322
815 154 37.8832669322
816 154 37.8832669322
817 154 37.8832669322
818 154 37.8832669322
819 154 37.8832669322
820 154 37.8832669322
821 154 37.8832669322
822 154 37.8832669322
823 154 37.8832669322
824 154 37.8832669322
825 154 37.8832669322
826 154 37.8832669322
827 154 37.8832669322
828 154 37.8832669322
829 154 37.8832669322
830 154 37.8832669322
831 154 37.8832669322
832 154 37.8832669322
833 154 37.8832669322
834 154 37.8832669322
835 154 37.8832669322
836 154 37.8832669322
837 154 37.8832669322
838 154 37.8832669322
839 154 37.8832669322
840 154 37.8832669322
841 154 37.8832669322
842 154 37.8832669322
843 154 37.8832669322
844 154 37.8832669322
845 154 37.8832669322
846 154 37.8832669322
847 154 37.8832669322
848 154 37.8832669322
849 154 37.8832669322
850 154 37.8832669322
851 154 37.8832669322
852 154 37.8832669322
853 154 37.8832669322
854 154 37.8832669322
855 155 51.6819273324
856 155 51.6819273324
857 155 51.6819273324
858 155 51.6819273324
859 155 51.6819273324
860 155 51.6819273324
861 155 51.6819273324
862 155 51.6819273324
863 155 51.6819273324
864 155 51.6819273324
865 155 51.6819273324
866 155 51.6819273324
867 155 51.6819273324
868 155 51.6819273324
869 155 51.6819273324
870 155 51.6819273324
871 155 51.6819273324
872 155 51.6819273324
873 155 51.6819273324
874 155 51.6819273324
875 155 51.6819273324
876 155 51.6819273324
877 155 51.6819273324
878 155 51.6819273324
879 155 51.6819273324
880 155 51.6819273324
881 155 51.6819273324
882 155 51.6819273324
883 155 51.6819273324
884 155 51.6819273324
885 155 51.6819273324
886 155 51.6819273324
887 155 51.6819273324
888 155 51.6819273324
889 155 51.6819273324
890 155 51.6819273324
891 155 51.6819273324
892 155 51.6819273324
893 155 51.6819273324
894 155 51.6819273324
895 155 51.6819273324
896 155 51.6819273324
897 155 51.6819273324
898 155 51.6819273324
899 155 51.6819273324
900 155 51.6819273324
901 155 51.6819273324
902 155 51.6819273324
903 155 51.6819273324
904 155 51.6819273324
905 155 51.6819273324
906 155 51.6819273324
907 155 51.6819273324
908 155 51.6819273324
909 155 51.6819273324
910 155 51.6819273324
911 155 51.6819273324
912 155 51.6819273324
913 155 51.6819273324
914 155 51.6819273324
915 155 51.6819273324
916 155 51.6819273324
917 155 51.6819273324
918 155 51.6819273324
919 155 51.6819273324
920 155 51.6819273324
921 155 51.6819273324
922 155 51.6819273324
923 155 51.6819273324
924 155 51.6819273324
925 155 51.6819273324
926 155 51.6819273324
927 155 51.6819273324
928 155 51.6819273324
929 155 51.6819273324
930 155 51.6819273324
931 155 51.6819273324
932 155 51.6819273324
933 155 51.6819273324
934 155 51.6819273324
935 155 51.6819273324
936 155 51.6819273324
937 155 51.6819273324
938 155 51.6819273324
939 155 51.6819273324
940 155 51.6819273324
941 155 51.6819273324
942 155 51.6819273324
943 155 51.6819273324
944 155 51.6819273324
945 155 51.6819273324
946 155 51.6819273324
947 155 51.6819273324
948 156 36.6717874743
949 156 36.6717874743
950 157 25.9290746458
951 158 27.6354953679
952 159 27.9771874356
953 160 30.0473310347
954 161 30.456593415
955 162 29.4423850145
956 163 29.4829919901
957 164 29.945159071
958 165 28.4689919528
959 166 29.3969191227
960 167 30.6145299347
961 168 32.0355709344
962 169 33.9359308444
963 170 33.9028518431
964 171 31.5190030631
965 172 31.72023049
966 173 33.8385457556
967 174 32.8153228167
968 175 31.0529378971
969 176 32.6147986806
970 177 34.1204080895
971 178 32.340066446
972 179 31.4189446771
973 180 33.7338580178
974 181 34.3941658759
975 182 32.2986515355
976 183 32.9252819619
977 184 31.3091053564
978 185 32.8590940704
979 186 33.0107516037
980 187 32.9671120928
981 188 34.5949278416
982 189 33.004911805
983 190 30.6221292305
984 191 30.1319011898
985 192 30.7354905562
986 193 29.5692393838
987 194 27.50141194
988 195 26.6313692598
989 196 40.7032957811
990 196 40.7032957811
991 196 40.7032957811
992 196 40.7032957811
993 196 40.7032957811
994 196 40.7032957811
995 196 40.7032957811
996 196 40.7032957811
997 196 40.7032957811
998 196 40.7032957811
999 196 40.7032957811
1000 196 40.7032957811
1001 196 40.7032957811
1002 196 40.7032957811
1003 196 40.7032957811
1004 196 40.7032957811
1005 196 40.7032957811
1006 196 40.7032957811
1007 196 40.7032957811
1008 196 40.7032957811
1009 196 40.7032957811
1010 196 40.7032957811
1011 196 40.7032957811
1012 196 40.7032957811
1013 196 40.7032957811
1014 196 40.7032957811
1015 196 40.7032957811
1016 196 40.7032957811
1017 196 40.7032957811
1018 196 40.7032957811
1019 196 40.7032957811
1020 196 40.7032957811
1021 196 40.7032957811
1022 196 40.7032957811
1023 196 40.7032957811
1024 196 40.7032957811
1025 196 40.7032957811
1026 196 40.7032957811
1027 196 40.7032957811
1028 196 40.7032957811
1029 196 40.7032957811
1030 196 40.7032957811
1031 196 40.7032957811
1032 196 40.7032957811
1033 196 40.7032957811
1034 196 40.7032957811
1035 196 40.7032957811
1036 196 40.7032957811
1037 196 40.7032957811
1038 196 40.7032957811
1039 196 40.7032957811
1040 196 40.7032957811
1041 196 40.7032957811
1042 196 40.7032957811
1043 196 40.7032957811
1044 196 40.7032957811
1045 196 40.7032957811
1046 196 40.7032957811
1047 196 40.7032957811
1048 196 40.7032957811
1049 196 40.7032957811
1050 196 40.7032957811
1051 196 40.7032957811
1052 196 40.7032957811
1053 196 40.7032957811
1054 196 40.7032957811
1055 196 40.7032957811
1056 196 40.7032957811
1057 196 40.7032957811
1058 196 40.7032957811
1059 196 40.7032957811
1060 196 40.7032957811
1061 196 40.7032957811
1062 196 40.7032957811
1063 196 40.7032957811
1064 196 40.7032957811
1065 196 40.7032957811
1066 196 40.7032957811
1067 196 40.7032957811
1068 196 40.7032957811
1069 196 40.7032957811
1070 196 40.7032957811
1071 196 40.7032957811
1072 196 40.7032957811
1073 196 40.7032957811
1074 196 40.7032957811
1075 196 40.7032957811
1076 196 40.7032957811
1077 196 40.7032957811
1078 196 40.7032957811
1079 196 40.7032957811
1080 196 40.7032957811
1081 196 40.7032957811
1082 196 40.7032957811
1083 197 28.191068921
1084 198 28.232059299
1085 199 28.1207959636
1086 200 27.3479081876
1087 201 26.8627343959
1088 202 27.1847121723
1089 203 26.8170652362
1090 204 26.2627722756
1091 205 26.3948877931
1092 206 26.4891740034
1093 207 26.1202745729
1094 208 26.0984152567
1095 209 26.3724552351
1096 210 26.9881636697
1097 211 27.5299019856
1098 212 26.9707053239
1099 213 27.0180661896
1100 214 28.1143552829
1101 215 28.4059033172
1102 216 27.5800745618
1103 217 28.1221336127
1104 218 28.1322742577
1105 219 28.4261844069
1106 220 29.4872355877
1107 221 30.0671432527
1108 222 29.7968769289
1109 223 30.2506346397
1110 224 31.6044561668
1111 225 32.1384659902
1112 226 33.1154009378
1113 227 33.7527995737
1114 228 31.9007349791
1115 229 32.4033685889
1116 230 34.2243088451
1117 231 33.6563222914
1118 232 31.7050681209
1119 233 32.5789410024
1120 234 33.9390822919
1121 235 32.5910352733
1122 236 31.0338158397
1123 237 32.3137611225
1124 238 31.6263865639
1125 239 32.738197664
1126 240 32.8411291473
1127 241 32.3806021769
1128 242 30.8865811636
1129 243 30.3846532278
1130 244 30.1707077978
1131 245 29.4668188724
1132 246 28.4839618091
1133 247 28.1040845396
1134 248 27.858139481
1135 249 27.3190866831
1136 250 26.8021210155
1137 251 26.567856152
1138 252 26.57164657
1139 253 26.2758887965
1140 254 26.0241929529
1141 255 31.2104850836
1142 255 31.2104850836
1143 255 31.2104850836
1144 255 31.2104850836
1145 255 31.2104850836
1146 255 31.2104850836
