1 0 58.2320895224
2 0 58.2320895224
3 0 58.2320895224
4 0 58.2320895224
5 0 58.2320895224
6 0 58.2320895224
7 0 58.2320895224
8 0 58.2320895224
9 0 58.2320895224
10 0 58.2320895224
11 0 58.2320895224
12 0 58.2320895224
13 0 58.2320895224
14 0 58.2320895224
15 0 58.2320895224
16 0 58.2320895224
17 0 58.2320895224
18 0 58.2320895224
19 0 58.2320895224
20 0 58.2320895224
21 0 58.2320895224
22 0 58.2320895224
23 0 58.2320895224
24 0 58.2320895224
25 0 58.2320895224
26 0 58.2320895224
27 0 58.2320895224
28 0 58.2320895224
29 0 58.2320895224
30 0 58.2320895224
31 0 58.2320895224
32 0 58.2320895224
33 0 58.2320895224
34 0 58.2320895224
35 0 58.2320895224
36 0 58.2320895224
37 0 58.2320895224
38 0 58.2320895224
39 0 58.2320895224
40 0 58.2320895224
41 0 58.2320895224
42 0 58.2320895224
43 0 58.2320895224
44 0 58.2320895224
45 1 56.5526894329
46 2 57.0409971482
47 3 57.7228543973
48 4 58.5084609276
49 5 58.9414127631
50 6 59.8354036875
51 7 60.2827170717
52 8 61.3162067058
53 9 62.191548608
54 10 62.1346071059
55 11 61.9784563491
56 12 62.4757006814
57 13 62.1307411763
58 14 61.3109532619
59 15 60.9127726406
60 16 60.2310613993
61 17 60.6313271553
62 18 60.094738167
63 19 60.365413326
64 20 60.2012842536
65 21 59.3119939246
66 22 59.3009960349
67 23 60.3011205004
68 24 60.5820603924
69 25 61.6188011378
70 26 61.8496410322
71 27 62.8691165933
72 28 63.105447545
73 29 63.8424648926
74 30 64.2669826248
75 31 64.8079425549
76 32 64.0544714986
77 33 63.3816516959
78 34 62.5086692885
79 35 61.814645767
80 36 60.9256040782
81 37 60.1138671324
82 38 59.2622831725
83 39 58.7441088277
84 40 59.4597177746
85 41 59.5838029534
86 42 60.5724225182
87 43 61.3309182295
88 44 71.9236612467
89 44 71.9236612467
90 44 71.9236612467
91 44 71.9236612467
92 44 71.9236612467
93 44 71.9236612467
94 44 71.9236612467
95 44 71.9236612467
96 44 71.9236612467
97 44 71.9236612467
98 44 71.9236612467
99 44 71.9236612467
100 44 71.9236612467
101 44 71.9236612467
102 44 71.9236612467
103 44 71.9236612467
104 44 71.9236612467
105 44 71.9236612467
106 44 71.9236612467
107 44 71.9236612467
108 44 71.9236612467
109 44 71.9236612467
110 44 71.9236612467
111 44 71.9236612467
112 44 71.9236612467
113 44 71.9236612467
114 44 71.9236612467
115 44 71.9236612467
116 44 71.9236612467
117 44 71.9236612467
118 44 71.9236612467
119 44 71.9236612467
120 44 71.9236612467
121 44 71.9236612467
122 44 71.9236612467
123 44 71.9236612467
124 45 61.9846665706
125 46 62.9358591594
126 47 63.4762309346
127 48 64.3704457926
128 49 65.1704319182
129 50 65.5872473803
130 51 66.3254256161
131 52 73.6474310026
132 52 73.6474310026
133 52 73.6474310026
134 52 73.6474310026
135 52 73.6474310026
136 52 73.6474310026
137 52 73.6474310026
138 52 73.6474310026
139 52 73.6474310026
140 52 73.6474310026
141 52 73.6474310026
142 52 73.6474310026
143 52 73.6474310026
144 52 73.6474310026
145 52 73.6474310026
146 52 73.6474310026
147 52 73.6474310026
148 52 73.6474310026
149 53 66.206680889
150 54 66.0386245395
151 55 64.8650183586
152 56 64.4745220272
153 57 63.8413461715
154 58 63.4637008283
155 59 63.0032280831
156 60 62.481372692
157 61 62.3217024839
158 62 62.7217267213
159 63 62.0622429384
160 64 62.8248529453
161 65 63.8119483103
162 66 63.6043810971
163 67 63.4570921367
164 68 64.0744504226
165 69 64.4145448772
166 70 65.0196611276
167 71 65.3867263641
168 72 65.2459466677
169 73 65.308890815
170 74 66.3828239743
171 75 66.9111369597
172 76 66.6333933747
173 77 67.2114622969
174 78 67.6246860491
175 79 67.266336277
176 80 66.2149550601
177 81 66.0200534521
178 82 65.2735273486
179 83 65.0979803252
180 84 64.4919223373
181 85 63.660276396
182 86 64.003591889
183 87 65.1690147221
184 88 64.8915906304
185 89 65.8287528105
186 90 66.4838011209
187 91 67.6055530231
188 92 68.764916822
189 93 69.2149423462
190 94 68.9016770557
191 95 68.2981009586
192 96 66.9949099572
193 97 66.5333408286
194 98 66.7999671631
195 99 67.4843204684
196 100 68.1135191414
197 101 68.3509426897
198 102 67.4814390354
199 103 67.9252339484
200 104 68.8047294433
201 105 67.7600899936
202 106 66.5113688086
203 107 65.5694721681
204 108 64.5008831792
205 109 63.6726701982
206 110 63.5633190178
207 111 62.8843189242
208 112 62.8592310388
209 113 62.7444949243
210 114 61.827189805
211 115 62.4529268879
212 116 63.5563267042
213 117 64.3361256712
214 118 64.480629639
215 119 64.6907840977
216 120 64.7309373164
217 121 65.1851091457
218 122 66.1713694275
219 123 67.3389644092
220 124 66.9780586246
221 125 66.6751490133
222 126 65.6993135293
223 127 66.1911788566
224 128 65.7264082603
225 129 66.1109943486
226 130 65.948484028
227 131 65.9558546942
228 132 66.7080455669
229 133 67.6597298355
230 134 67.725599199
231 135 67.0251195507
232 136 67.1783022329
233 137 67.0772826422
234 138 66.4301514006
235 139 67.2043360804
236 140 66.8240579681
237 141 66.285812522
238 142 67.0683056519
239 143 66.5715706389
240 144 65.9208808827
241 145 64.9323912688
242 146 63.9507240337
243 147 63.1285805437
244 148 63.0691959276
245 149 62.082107098
246 150 61.9329195006
247 151 61.1365767535
248 152 60.3878887398
249 153 60.118153823
250 154 61.1518543406
251 155 61.9107391559
252 156 62.7720531608
253 157 62.6987839498
254 158 62.677464869
255 159 62.7086303722
256 160 63.504751346
257 161 63.3058373639
258 162 64.3515513711
259 163 64.9145356832
260 164 65.4805513145
261 165 64.3626003659
262 166 64.0233859523
263 167 63.2826829535
264 168 63.8229845164
265 169 63.236809179
266 170 63.9676370261
267 171 63.9370707961
268 172 64.6371584103
269 173 65.7683459996
270 174 65.9065275816
271 175 66.8138072423
272 176 66.2888766835
273 177 57.8674869688
274 177 57.8674869688
275 177 57.8674869688
276 177 57.8674869688
277 177 57.8674869688
278 177 57.8674869688
279 177 57.8674869688
280 177 57.8674869688
281 177 57.8674869688
282 177 57.8674869688
283 177 57.8674869688
284 177 57.8674869688
285 178 63.786644773
286 179 64.590683438
287 180 63.6630968588
288 181 63.9810170847
289 182 63.1867550386
290 183 63.5645260037
291 184 62.7790241805
292 185 63.2696035698
293 186 63.1525586437
294 187 64.2895571592
295 188 64.7973268826
296 189 64.8367481396
297 190 65.8706052384
298 191 66.8003891128
299 192 66.003756955
300 193 65.8763086061
301 194 65.5522589718
302 195 64.4198508883
303 196 64.0432613171
304 197 63.2758657843
305 198 62.9054035517
306 199 62.1086736708
307 200 61.5920578
308 201 60.6885493616
309 202 60.1445151684
310 203 59.1179797852
311 204 58.8571429362
312 205 58.2294137385
313 206 58.3281894636
314 207 58.934122225
315 208 59.843716076
316 209 59.5549057847
317 210 60.4105940139
318 211 60.3601845278
319 212 61.2395433504
320 213 61.4382842853
321 214 62.3828159965
322 215 62.9432273546
323 216 62.8379933212
324 217 61.7310337067
325 218 61.1955994884
326 219 60.5588006995
327 220 60.4931475617
328 221 59.8522149926
329 222 60.2542429698
330 223 59.9933483501
331 224 60.7701024597
332 225 60.5741173708
333 226 59.8416843216
334 227 59.4599926383
335 227 59.4599926383
336 227 59.4599926383
337 227 59.4599926383
338 227 59.4599926383
339 227 59.4599926383
340 227 59.4599926383
341 227 59.4599926383
342 227 59.4599926383
343 227 59.4599926383
344 227 59.4599926383
345 227 59.4599926383
346 227 59.4599926383
347 227 59.4599926383
348 227 59.4599926383
349 227 59.4599926383
350 227 59.4599926383
351 227 59.4599926383
352 227 59.4599926383
353 227 59.4599926383
354 227 59.4599926383
355 227 59.4599926383
356 228 61.3977569861
357 229 60.6935995223
358 230 60.3174531384
359 231 59.2784357807
360 232 59.3372300613
361 233 59.9098128367
362 234 59.4819042251
363 235 60.0336075419
364 236 59.7496153003
365 237 60.3807914285
366 238 61.0226615698
367 239 61.853485583
368 240 62.2144353821
369 241 61.3935106891
370 242 61.5970423337
371 243 60.9129135951
372 244 60.0591298459
373 245 59.545782497
374 246 58.7429123898
375 247 58.1456050188
376 248 58.0200421278
377 249 57.1618437318
378 250 56.9061021754
379 251 57.1559267063
380 252 57.3112866449
381 253 57.2612466664
382 254 57.9779409974
383 255 58.4580888489
384 256 58.2047551897
385 257 58.7991905854
386 258 59.5213708266
387 259 60.060012243
388 260 60.6907571564
389 261 61.5294624537
390 262 60.9934328899
391 263 60.2939204144
392 264 59.4859830102
393 265 58.8700729783
394 266 58.5022892959
395 267 57.6221503711
396 268 57.7586289162
397 269 58.5458514203
398 270 58.8407878343
399 271 58.9698065436
400 272 59.5519283079
401 273 60.5754730905
402 274 60.6668185519
403 275 61.5702364176
404 276 61.1089066191
405 277 60.1935202185
406 278 59.95209069
407 279 59.1489987939
408 280 59.0748295925
409 281 58.7169172667
410 282 57.9947534284
411 283 57.6263153373
412 284 57.8664599441
413 285 58.0056851727
414 286 58.3010795345
415 287 59.1862101751
416 288 59.7367830875
417 289 60.6178311038
418 290 60.6473204031
419 291 61.4147894639
420 292 60.7575910981
421 293 60.2958995471
422 294 59.9075250917
423 295 59.084289358
424 296 58.1987769775
425 297 57.5128899621
426 298 57.1699593571
427 299 54.7572642191
428 299 54.7572642191
429 299 54.7572642191
430 299 54.7572642191
431 299 54.7572642191
432 299 54.7572642191
433 299 54.7572642191
434 299 54.7572642191
435 299 54.7572642191
436 299 54.7572642191
437 299 54.7572642191
438 299 54.7572642191
439 299 54.7572642191
440 299 54.7572642191
441 299 54.7572642191
442 299 54.7572642191
443 299 54.7572642191
444 299 54.7572642191
445 299 54.7572642191
446 299 54.7572642191
447 299 54.7572642191
448 299 54.7572642191
449 299 54.7572642191
450 299 54.7572642191
451 299 54.7572642191
452 299 54.7572642191
453 299 54.7572642191
454 299 54.7572642191
455 299 54.7572642191
456 299 54.7572642191
457 299 54.7572642191
458 299 54.7572642191
459 299 54.7572642191
460 299 54.7572642191
461 299 54.7572642191
462 299 54.7572642191
463 299 54.7572642191
464 299 54.7572642191
465 299 54.7572642191
466 299 54.7572642191
467 299 54.7572642191
468 299 54.7572642191
469 299 54.7572642191
470 299 54.7572642191
471 299 54.7572642191
472 299 54.7572642191
473 299 54.7572642191
474 299 54.7572642191
475 299 54.7572642191
476 299 54.7572642191
477 299 54.7572642191
478 299 54.7572642191
479 299 54.7572642191
480 299 54.7572642191
481 299 54.7572642191
482 299 54.7572642191
483 299 54.7572642191
484 299 54.7572642191
485 299 54.7572642191
486 299 54.7572642191
487 299 54.7572642191
488 299 54.7572642191
489 299 54.7572642191
490 299 54.7572642191
491 300 51.2237085239
492 300 51.2237085239
493 300 51.2237085239
494 300 51.2237085239
495 300 51.2237085239
496 300 51.2237085239
497 300 51.2237085239
498 300 51.2237085239
499 300 51.2237085239
500 300 51.2237085239
501 300 51.2237085239
502 300 51.2237085239
503 300 51.2237085239
504 300 51.2237085239
505 300 51.2237085239
506 300 51.2237085239
507 300 51.2237085239
508 300 51.2237085239
509 300 51.2237085239
510 300 51.2237085239
511 300 51.2237085239
512 300 51.2237085239
513 300 51.2237085239
514 300 51.2237085239
515 300 51.2237085239
516 300 51.2237085239
517 300 51.2237085239
518 300 51.2237085239
519 300 51.2237085239
520 300 51.2237085239
521 300 51.2237085239
522 300 51.2237085239
523 300 51.2237085239
524 300 51.2237085239
525 300 51.2237085239
526 300 51.2237085239
527 300 51.2237085239
528 300 51.2237085239
529 300 51.2237085239
530 300 51.2237085239
531 300 51.2237085239
532 300 51.2237085239
533 300 51.2237085239
534 300 51.2237085239
535 300 51.2237085239
536 300 51.2237085239
537 300 51.2237085239
538 300 51.2237085239
539 300 51.2237085239
540 300 51.2237085239
541 300 51.2237085239
542 300 51.2237085239
543 300 51.2237085239
544 300 51.2237085239
545 300 51.2237085239
546 300 51.2237085239
547 300 51.2237085239
548 300 51.2237085239
549 300 51.2237085239
550 300 51.2237085239
551 300 51.2237085239
552 300 51.2237085239
553 300 51.2237085239
554 300 51.2237085239
555 300 51.2237085239
556 300 51.2237085239
557 300 51.2237085239
558 300 51.2237085239
559 300 51.2237085239
560 300 51.2237085239
561 300 51.2237085239
562 300 51.2237085239
563 300 51.2237085239
564 300 51.2237085239
565 300 51.2237085239
566 300 51.2237085239
567 300 51.2237085239
568 300 51.2237085239
569 300 51.2237085239
570 300 51.2237085239
571 300 51.2237085239
572 300 51.2237085239
573 300 51.2237085239
574 300 51.2237085239
575 301 51.1190102317
576 301 51.1190102317
577 301 51.1190102317
578 301 51.1190102317
579 301 51.1190102317
580 301 51.1190102317
581 301 51.1190102317
582 301 51.1190102317
583 301 51.1190102317
584 301 51.1190102317
585 301 51.1190102317
586 301 51.1190102317
587 301 51.1190102317
588 301 51.1190102317
589 301 51.1190102317
590 301 51.1190102317
591 301 51.1190102317
592 301 51.1190102317
593 301 51.1190102317
594 301 51.1190102317
595 301 51.1190102317
596 301 51.1190102317
597 301 51.1190102317
598 301 51.1190102317
599 301 51.1190102317
600 301 51.1190102317
601 301 51.1190102317
602 301 51.1190102317
603 301 51.1190102317
604 301 51.1190102317
605 301 51.1190102317
606 301 51.1190102317
607 301 51.1190102317
608 301 51.1190102317
609 301 51.1190102317
610 301 51.1190102317
611 301 51.1190102317
612 301 51.1190102317
613 301 51.1190102317
614 301 51.1190102317
615 301 51.1190102317
616 301 51.1190102317
617 301 51.1190102317
618 301 51.1190102317
619 301 51.1190102317
620 301 51.1190102317
621 301 51.1190102317
622 301 51.1190102317
623 301 51.1190102317
624 301 51.1190102317
625 301 51.1190102317
626 301 51.1190102317
627 301 51.1190102317
628 301 51.1190102317
629 301 51.1190102317
630 301 51.1190102317
631 301 51.1190102317
632 301 51.1190102317
633 301 51.1190102317
634 301 51.1190102317
635 301 51.1190102317
636 301 51.1190102317
637 301 51.1190102317
638 301 51.1190102317
639 301 51.1190102317
640 301 51.1190102317
641 301 51.1190102317
642 301 51.1190102317
643 301 51.1190102317
644 301 51.1190102317
645 301 51.1190102317
646 301 51.1190102317
647 301 51.1190102317
648 301 51.1190102317
649 301 51.1190102317
650 301 51.1190102317
651 301 51.1190102317
652 301 51.1190102317
653 301 51.1190102317
654 301 51.1190102317
655 301 51.1190102317
656 301 51.1190102317
657 301 51.1190102317
658 301 51.1190102317
659 302 49.306642208
660 303 49.3487991557
661 304 48.5144864899
662 305 47.7830701074
663 306 47.3605473224
664 307 46.8718873559
665 308 46.3060637062
666 309 45.6581783042
667 310 45.3574117347
668 311 44.9968985967
669 312 44.3867062021
670 313 43.9329140254
671 314 43.7108106845
672 315 43.6419360487
673 316 43.0371538142
674 317 43.3775079135
675 318 43.4613965339
676 319 43.645341169
677 320 44.2734321735
678 321 44.6616199774
679 322 44.9870427177
680 323 45.3159734704
681 324 46.0151450126
682 325 46.4689273716
683 326 46.7602813408
684 327 47.0993066758
685 328 48.1809881904
686 329 49.4749924374
687 330 48.4675254932
688 331 48.1607870346
689 332 49.4226224633
690 333 49.9703878791
691 334 49.4182699788
692 335 48.0736573813
693 336 47.7463070058
694 337 48.0075903854
695 338 46.7956956356
696 339 46.088121454
697 340 46.3550694633
698 341 46.0213487241
699 342 44.7715307236
700 343 44.7310088302
701 344 45.2717266356
702 345 44.2725535386
703 346 43.7452420303
704 347 43.4180980489
705 348 42.7000300135
706 349 42.8952267636
707 350 42.9163025924
708 351 43.4786681693
709 352 43.3819585681
710 353 43.9341405087
711 354 43.6934524132
712 355 44.1702720295
713 356 44.9939191851
714 357 45.6124471758
715 358 46.047004027
716 359 47.1107536735
717 360 47.2426264995
718 361 47.6427058889
719 362 48.5456598515
720 363 49.3013134176
721 364 49.5610667895
722 365 50.694099166
723 366 50.9533679201
724 367 51.2517903404
725 368 52.7528646154
726 369 53.5442819027
727 370 52.798720345
728 371 51.3400454456
729 372 51.5643894242
730 373 51.7508969996
731 374 50.386959718
732 375 49.424879213
733 376 49.8479638113
734 377 49.4425383997
735 378 47.8826859237
736 379 47.6010760837
737 380 48.0532865497
738 381 48.5161493789
739 382 50.0072436781
740 383 51.1823155066
741 384 51.1881118961
742 385 51.6383452725
743 386 52.8162836633
744 387 53.4712134548
745 388 53.6686467027
746 389 53.8305543203
747 390 54.7759709861
748 391 56.4231270238
749 392 57.0349875198
750 393 55.9448261664
751 394 56.2565488046
752 395 55.9608614802
753 396 54.3422624676
754 397 54.1448124765
755 398 54.4361256993
756 399 53.3009819126
757 400 52.0749927166
758 401 52.1865603176
759 402 52.0913081613
760 403 50.7544625653
761 404 49.7169177269
762 405 50.0442383036
763 406 50.1174319397
764 407 50.1222581756
765 408 50.3202645576
766 409 51.7232491921
767 410 52.4122286417
768 411 53.9381284085
769 412 53.4829562999
770 413 53.242178979
771 414 54.6098069574
772 415 55.5056547455
773 416 54.7623245211
774 417 55.3943764409
775 418 56.9404453304
776 419 57.1078330166
777 420 56.8425310823
778 421 58.1799197573
779 422 59.4672517911
780 423 59.0143883649
781 424 59.4226315124
782 425 60.6910282852
783 426 65.567075735
784 426 65.567075735
785 426 65.567075735
786 426 65.567075735
787 426 65.567075735
788 426 65.567075735
789 426 65.567075735
790 426 65.567075735
791 426 65.567075735
792 426 65.567075735
793 426 65.567075735
794 426 65.567075735
795 426 65.567075735
796 426 65.567075735
797 426 65.567075735
798 426 65.567075735
799 426 65.567075735
800 426 65.567075735
801 426 65.567075735
802 426 65.567075735
803 426 65.567075735
804 426 65.567075735
805 426 65.567075735
806 426 65.567075735
807 426 65.567075735
808 426 65.567075735
809 427 60.2931997113
810 428 61.2399226313
811 429 61.7206899934
812 430 59.7372614402
813 431 58.9955208479
814 432 59.8505935501
815 433 59.0552430796
816 434 57.315160432
817 435 57.7028702147
818 436 58.4614132648
819 437 56.7703006595
820 438 55.9357161731
821 439 57.1750491933
822 440 58.884622592
823 441 60.171573059
824 442 59.1034114154
825 443 58.765296485
826 444 59.495666187
827 445 58.4599870182
828 446 59.1498556071
829 447 60.3415123399
830 448 61.2629986657
831 449 61.2431118259
832 450 62.405136981
833 451 63.5464707457
834 452 65.3457156553
835 453 66.7740920091
836 454 68.2713477971
837 454 68.2713477971
838 454 68.2713477971
839 454 68.2713477971
840 454 68.2713477971
841 454 68.2713477971
842 454 68.2713477971
843 454 68.2713477971
844 454 68.2713477971
845 454 68.2713477971
846 454 68.2713477971
847 454 68.2713477971
848 454 68.2713477971
849 454 68.2713477971
850 454 68.2713477971
851 454 68.2713477971
852 454 68.2713477971
853 454 68.2713477971
854 454 68.2713477971
855 454 68.2713477971
856 454 68.2713477971
857 454 68.2713477971
858 454 68.2713477971
859 454 68.2713477971
860 454 68.2713477971
861 454 68.2713477971
862 454 68.2713477971
863 454 68.2713477971
864 454 68.2713477971
865 454 68.2713477971
866 454 68.2713477971
867 454 68.2713477971
868 454 68.2713477971
869 454 68.2713477971
870 454 68.2713477971
871 454 68.2713477971
872 454 68.2713477971
873 454 68.2713477971
874 454 68.2713477971
875 454 68.2713477971
876 454 68.2713477971
877 454 68.2713477971
878 454 68.2713477971
879 454 68.2713477971
880 454 68.2713477971
881 454 68.2713477971
882 454 68.2713477971
883 454 68.2713477971
884 454 68.2713477971
885 454 68.2713477971
886 454 68.2713477971
887 454 68.2713477971
888 454 68.2713477971
889 455 86.8005826638
890 455 86.8005826638
891 455 86.8005826638
892 455 86.8005826638
893 455 86.8005826638
894 455 86.8005826638
895 455 86.8005826638
896 455 86.8005826638
897 455 86.8005826638
898 455 86.8005826638
899 455 86.8005826638
900 455 86.8005826638
901 455 86.8005826638
902 455 86.8005826638
903 455 86.8005826638
904 455 86.8005826638
905 455 86.8005826638
906 455 86.8005826638
907 455 86.8005826638
908 455 86.8005826638
909 455 86.8005826638
910 455 86.8005826638
911 455 86.8005826638
912 455 86.8005826638
913 455 86.8005826638
914 455 86.8005826638
915 455 86.8005826638
916 455 86.8005826638
917 455 86.8005826638
918 455 86.8005826638
919 455 86.8005826638
920 455 86.8005826638
921 455 86.8005826638
922 455 86.8005826638
923 455 86.8005826638
924 455 86.8005826638
925 455 86.8005826638
926 455 86.8005826638
927 455 86.8005826638
928 455 86.8005826638
929 455 86.8005826638
930 455 86.8005826638
931 455 86.8005826638
932 455 86.8005826638
933 455 86.8005826638
934 455 86.8005826638
935 455 86.8005826638
936 455 86.8005826638
937 455 86.8005826638
938 455 86.8005826638
939 455 86.8005826638
940 455 86.8005826638
941 455 86.8005826638
942 456 102.697593679
943 457 102.272143752
944 458 102.87885544
945 459 103.094196885
946 460 104.484650872
947 461 105.446466562
948 462 105.067954111
949 463 103.79598291
950 464 102.232863338
951 465 103.323058161
952 466 104.066263963
953 467 104.675956075
954 468 106.461185527
955 469 105.990185757
956 470 104.991644026
957 471 106.240168016
958 472 107.80114158
959 473 107.038271012
960 474 106.005132874
961 475 104.166815272
962 476 103.633380016
963 477 102.662893108
964 478 102.360689924
965 478 102.360689924
966 478 102.360689924
967 478 102.360689924
968 478 102.360689924
969 478 102.360689924
970 478 102.360689924
971 478 102.360689924
972 478 102.360689924
973 478 102.360689924
974 478 102.360689924
975 478 102.360689924
976 478 102.360689924
977 478 102.360689924
978 478 102.360689924
979 478 102.360689924
980 478 102.360689924
981 478 102.360689924
982 478 102.360689924
983 478 102.360689924
984 478 102.360689924
985 478 102.360689924
986 478 102.360689924
987 478 102.360689924
988 478 102.360689924
989 478 102.360689924
990 478 102.360689924
991 478 102.360689924
992 478 102.360689924
993 478 102.360689924
994 478 102.360689924
995 478 102.360689924
996 478 102.360689924
997 478 102.360689924
998 478 102.360689924
999 478 102.360689924
1000 479 101.4244081
1001 480 101.718783482
1002 481 100.380194295
1003 482 99.7367638141
1004 483 98.2198528768
1005 484 97.1435790245
1006 485 96.0286554312
1007 486 94.4107290201
1008 487 95.8230848999
1009 488 96.5140126901
1010 489 98.3165544587
1011 490 99.1861796489
1012 491 100.180697874
1013 492 101.091511037
1014 493 99.8695847302
1015 494 101.348187677
1016 495 101.868376267
1017 496 100.099005737
1018 497 99.7184820479
1019 498 101.400922761
1020 499 100.925763753
1021 500 99.0876812615
1022 501 99.9123952541
1023 502 100.823729348
1024 503 99.3867813537
1025 504 97.6857384163
1026 505 97.6926658552
1027 506 98.560933338
1028 507 100.406194247
1029 508 100.318355121
1030 509 99.8582152785
1031 510 97.9932380207
1032 511 97.4552415751
1033 512 99.5313368059
1034 512 99.5313368059
1035 512 99.5313368059
1036 512 99.5313368059
1037 512 99.5313368059
1038 512 99.5313368059
