1 0 60.6709943107
2 0 60.6709943107
3 0 60.6709943107
4 0 60.6709943107
5 0 60.6709943107
6 0 60.6709943107
7 0 60.6709943107
8 0 60.6709943107
9 0 60.6709943107
10 0 60.6709943107
11 0 60.6709943107
12 0 60.6709943107
13 0 60.6709943107
14 0 60.6709943107
15 0 60.6709943107
16 0 60.6709943107
17 0 60.6709943107
18 0 60.6709943107
19 0 60.6709943107
20 0 60.6709943107
21 0 60.6709943107
22 0 60.6709943107
23 0 60.6709943107
24 0 60.6709943107
25 0 60.6709943107
26 0 60.6709943107
27 0 60.6709943107
28 0 60.6709943107
29 0 60.6709943107
30 0 60.6709943107
31 0 60.6709943107
32 0 60.6709943107
33 0 60.6709943107
34 0 60.6709943107
35 0 60.6709943107
36 0 60.6709943107
37 0 60.6709943107
38 0 60.6709943107
39 0 60.6709943107
40 0 60.6709943107
41 0 60.6709943107
42 0 60.6709943107
43 0 60.6709943107
44 0 60.6709943107
45 0 60.6709943107
46 0 60.6709943107
47 0 60.6709943107
48 0 60.6709943107
49 0 60.6709943107
50 0 60.6709943107
51 0 60.6709943107
52 0 60.6709943107
53 0 60.6709943107
54 0 60.6709943107
55 0 60.6709943107
56 0 60.6709943107
57 0 60.6709943107
58 0 60.6709943107
59 0 60.6709943107
60 0 60.6709943107
61 0 60.6709943107
62 0 60.6709943107
63 0 60.6709943107
64 1 51.119164406
65 1 51.119164406
66 1 51.119164406
67 1 51.119164406
68 1 51.119164406
69 1 51.119164406
70 1 51.119164406
71 1 51.119164406
72 1 51.119164406
73 1 51.119164406
74 1 51.119164406
75 1 51.119164406
76 1 51.119164406
77 1 51.119164406
78 1 51.119164406
79 1 51.119164406
80 1 51.119164406
81 1 51.119164406
82 1 51.119164406
83 1 51.119164406
84 1 51.119164406
85 1 51.119164406
86 1 51.119164406
87 1 51.119164406
88 1 51.119164406
89 1 51.119164406
90 1 51.119164406
91 1 51.119164406
92 1 51.119164406
93 1 51.119164406
94 1 51.119164406
95 1 51.119164406
96 1 51.119164406
97 1 51.119164406
98 1 51.119164406
99 1 51.119164406
100 1 51.119164406
101 1 51.119164406
102 1 51.119164406
103 1 51.119164406
104 1 51.119164406
105 1 51.119164406
106 1 51.119164406
107 1 51.119164406
108 1 51.119164406
109 1 51.119164406
110 1 51.119164406
111 1 51.119164406
112 1 51.119164406
113 1 51.119164406
114 1 51.119164406
115 1 51.119164406
116 1 51.119164406
117 1 51.119164406
118 1 51.119164406
119 1 51.119164406
120 1 51.119164406
121 1 51.119164406
122 1 51.119164406
123 1 51.119164406
124 1 51.119164406
125 1 51.119164406
126 1 51.119164406
127 2 56.7356881443
128 3 57.2166476802
129 4 59.061695767
130 5 61.1526897617
131 6 62.02052754
132 7 64.3079416525
133 8 63.2148304538
134 9 65.7994380021
135 10 68.6292808363
136 11 70.7439024936
137 12 73.6748699397
138 13 74.7123064162
139 14 76.5010005966
140 15 75.3739963404
141 16 72.5515078657
142 17 71.996125193
143 18 69.2598222656
144 19 67.0286544977
145 20 64.3676057549
146 21 62.3852766413
147 22 60.6110736475
148 23 59.4538096876
149 24 60.0399668362
150 25 57.3153633536
151 26 56.7072951198
152 27 59.5151743831
153 28 60.019131555
154 29 62.6861506303
155 30 64.3708285454
156 31 66.5529498027
157 32 69.0403492651
158 33 71.0988524216
159 34 73.869965498
160 35 76.673993232
161 36 76.845390518
162 37 74.9314197197
163 38 71.9167078681
164 39 70.2192224434
165 40 67.3674995556
166 41 66.5346309694
167 42 64.0415977053
168 43 63.5598434062
169 44 61.3319307071
170 45 62.8506398118
171 46 65.6726623185
172 47 66.196623045
173 48 55.0501450022
174 48 55.0501450022
175 48 55.0501450022
176 48 55.0501450022
177 48 55.0501450022
178 48 55.0501450022
179 48 55.0501450022
180 48 55.0501450022
181 48 55.0501450022
182 48 55.0501450022
183 48 55.0501450022
184 48 55.0501450022
185 48 55.0501450022
186 48 55.0501450022
187 48 55.0501450022
188 48 55.0501450022
189 48 55.0501450022
190 48 55.0501450022
191 48 55.0501450022
192 48 55.0501450022
193 48 55.0501450022
194 48 55.0501450022
195 48 55.0501450022
196 48 55.0501450022
197 48 55.0501450022
198 48 55.0501450022
199 48 55.0501450022
200 48 55.0501450022
201 49 66.5759865147
202 50 68.6260062614
203 51 69.7652317835
204 52 71.9167693937
205 53 73.5895593733
206 54 76.0329608514
207 55 74.9923879375
208 56 77.5683828018
209 57 80.0088248994
210 58 78.5480148578
211 59 76.4721594185
212 60 73.5573395015
213 61 72.0741716604
214 62 69.2968140559
215 63 67.6185816822
216 64 65.0136737492
217 65 63.3311864898
218 66 61.2517026794
219 67 62.8864928152
220 68 61.505902411
221 69 60.0130869962
222 70 58.8736676516
223 71 61.5010664364
224 72 62.1788029276
225 73 64.4825629926
226 74 65.8409442221
227 75 67.038951634
228 76 69.2712121716
229 77 71.0350650984
230 78 73.9011960398
231 79 76.2429465983
232 80 77.262571803
233 81 74.9065541385
234 82 73.7135492024
235 83 70.9402002907
236 84 70.7677644399
237 85 68.4837053835
238 86 68.5146509529
239 87 66.5324362402
240 88 66.418788591
241 89 64.512721351
242 90 65.9471862011
243 91 68.5008523516
244 92 70.3334328322
245 93 73.1099621061
246 94 73.6334553396
247 95 71.1445889527
248 96 70.028552972
249 97 70.7427749577
250 98 71.2312226893
251 99 69.1640566094
252 100 70.2634682664
253 101 72.1109387322
254 102 72.8002667742
255 103 74.060616694
256 104 71.748558073
257 105 73.1687137282
258 106 75.8012563717
259 107 75.8332597219
260 108 74.7768134874
261 109 71.924296352
262 110 70.711895464
263 111 67.9621877054
264 112 66.0668246117
265 113 63.2293712344
266 114 61.5353815082
267 115 59.1073537953
268 116 57.2006281852
269 117 55.6119080281
270 118 55.5060709644
271 119 57.4354302364
272 120 59.8323591701
273 121 61.4560081732
274 122 63.3259930475
275 123 64.4287858146
276 124 67.0834672959
277 125 68.2666645648
278 126 71.1038187085
279 127 73.5094614672
280 128 73.5053832095
281 129 71.4178019715
282 130 69.4600263943
283 131 67.200818194
284 132 66.9390061329
285 133 64.7998051039
286 134 65.2409808592
287 135 63.3944535987
288 136 63.5722951012
289 137 62.8143844079
290 138 64.9661246531
291 139 67.5104205822
292 140 67.8777318224
293 141 66.811768474
294 142 64.5900231892
295 143 62.275985382
296 144 61.3502796148
297 145 60.2627718771
298 146 61.3238509884
299 147 63.2176183538
300 148 65.0806038578
301 149 66.0959444973
302 150 66.8467898279
303 151 66.4914387854
304 152 68.6686607873
305 153 68.5192057908
306 154 69.3319775608
307 155 71.9860321523
308 156 72.7016966041
309 157 72.1818061977
310 158 69.4547579791
311 159 69.2383125573
312 160 66.5232216684
313 161 64.3453546445
314 162 61.643248042
315 163 59.3827379059
316 164 57.1659810374
317 165 55.7551461959
318 166 53.5383128874
319 167 54.1907091445
320 168 72.2994969171
321 168 72.2994969171
322 168 72.2994969171
323 168 72.2994969171
324 168 72.2994969171
325 168 72.2994969171
326 168 72.2994969171
327 168 72.2994969171
328 168 72.2994969171
329 168 72.2994969171
330 168 72.2994969171
331 168 72.2994969171
332 168 72.2994969171
333 168 72.2994969171
334 168 72.2994969171
335 168 72.2994969171
336 168 72.2994969171
337 168 72.2994969171
338 169 61.4476331332
339 170 59.0302312367
340 171 58.4956373819
341 172 60.1154739211
342 173 61.780353551
343 174 64.5101038689
344 175 65.9437589658
345 176 68.4859478771
346 177 71.0257230076
347 178 70.6339218594
348 179 68.8355243288
349 180 66.5697090548
350 181 64.3754659246
351 182 63.6772980287
352 183 61.2457769493
353 184 61.3874041997
354 185 59.8099079019
355 186 60.4016167959
356 187 60.6050164498
357 188 61.8652783068
358 189 64.3937951689
359 190 64.3636540376
360 191 63.0495416689
361 192 60.7541507119
362 193 61.5113398121
363 194 63.5268027837
364 195 63.1972354629
365 196 65.1108513882
366 197 65.1719819376
367 198 66.9650188366
368 199 68.1939145253
369 200 70.8181450884
370 201 71.844002688
371 202 70.6102495065
372 203 68.1418021441
373 204 68.7452307867
374 205 66.037199956
375 206 63.3069745053
376 207 60.8560911031
377 208 58.1794298937
378 209 56.1347675809
379 210 54.1544249273
380 211 52.1522514379
381 212 52.706856378
382 213 54.4011134355
383 214 56.3753685343
384 215 58.8839394317
385 216 60.9784946118
386 217 63.7526293964
387 218 66.1269143885
388 219 68.7605862837
389 220 71.587580685
390 221 70.8479627304
391 222 69.6894865611
392 223 66.979797691
393 224 64.5803950693
394 225 62.6168817421
395 226 59.885760297
396 227 59.1878462194
397 228 56.9138389386
398 229 57.0664654986
399 230 55.5597031514
400 231 56.644356175
401 232 58.8800942315
402 233 59.5777047238
403 234 60.099732318
404 235 62.7022635278
405 235 62.7022635278
406 235 62.7022635278
407 235 62.7022635278
408 235 62.7022635278
409 235 62.7022635278
410 235 62.7022635278
411 235 62.7022635278
412 235 62.7022635278
413 235 62.7022635278
414 235 62.7022635278
415 235 62.7022635278
416 235 62.7022635278
417 235 62.7022635278
418 235 62.7022635278
419 235 62.7022635278
420 235 62.7022635278
421 235 62.7022635278
422 235 62.7022635278
423 235 62.7022635278
424 235 62.7022635278
425 235 62.7022635278
426 235 62.7022635278
427 235 62.7022635278
428 235 62.7022635278
429 235 62.7022635278
430 235 62.7022635278
431 235 62.7022635278
432 235 62.7022635278
433 235 62.7022635278
434 236 58.2753877175
435 237 60.6196646985
436 238 62.9001799942
437 239 63.3875857236
438 240 66.0004474097
439 241 67.7726475736
440 242 69.0928783246
441 243 72.0524241173
442 244 72.6014498743
443 245 71.9464324109
444 246 69.2989572389
445 247 69.370406867
446 248 66.4238302191
447 249 63.7424984842
448 250 61.2877969676
449 251 58.5033395097
450 252 57.5122435497
451 253 55.1210299471
452 254 54.2454624165
453 255 54.0031989202
454 256 53.9249830707
455 257 56.5865075402
456 258 57.8751337097
457 259 59.0162722085
458 260 59.5390478846
459 261 60.5984839921
460 262 59.5742942363
461 263 57.8285810778
462 264 59.5587862717
463 265 61.7887358972
464 266 61.4699052843
465 267 63.8158220204
466 268 64.7920046978
467 269 67.6216545087
468 270 70.3012273244
469 271 73.3397705934
470 272 73.0773839517
471 273 72.2898166099
472 274 69.6982460506
473 275 66.904208284
474 276 64.7701071773
475 277 61.8752929998
476 278 60.3192025436
477 279 57.6187339851
478 280 55.9074621088
479 281 54.5975794738
480 282 56.6346860544
481 283 58.7332407395
482 284 60.2680291342
483 285 61.8270459219
484 286 60.7028905089
485 287 63.0439834205
486 288 65.84300274
487 289 67.1021267828
488 290 69.9641745497
489 291 70.0942123574
490 292 73.1389096367
491 293 73.246460179
492 294 74.853146177
493 295 73.8141943503
494 296 71.1336144878
495 297 71.0336822361
496 298 68.2131732253
497 299 65.3983282926
498 300 63.1387061542
499 301 60.3327939863
500 302 58.3204262961
501 303 55.8339670809
502 304 54.3263049151
503 305 55.9842343264
504 306 57.0428871949
505 307 59.554841196
506 308 61.6322371345
507 309 64.443692234
508 310 67.0336335864
509 311 69.7214298518
510 312 72.2345188469
511 313 75.2535868626
512 314 75.2434467776
513 315 72.64221604
514 316 69.6613558433
515 317 67.4659069598
516 318 64.5137172196
517 319 62.8030880278
518 320 59.9925503519
519 321 58.445489458
520 322 56.2753201239
521 323 47.8621333186
522 323 47.8621333186
523 323 47.8621333186
524 323 47.8621333186
525 323 47.8621333186
526 323 47.8621333186
527 323 47.8621333186
528 323 47.8621333186
529 323 47.8621333186
530 323 47.8621333186
531 323 47.8621333186
532 323 47.8621333186
533 323 47.8621333186
534 323 47.8621333186
535 323 47.8621333186
536 323 47.8621333186
537 323 47.8621333186
538 323 47.8621333186
539 323 47.8621333186
540 323 47.8621333186
541 323 47.8621333186
542 323 47.8621333186
543 323 47.8621333186
544 323 47.8621333186
545 323 47.8621333186
546 323 47.8621333186
547 323 47.8621333186
548 323 47.8621333186
549 323 47.8621333186
550 323 47.8621333186
551 323 47.8621333186
552 323 47.8621333186
553 323 47.8621333186
554 323 47.8621333186
555 323 47.8621333186
556 323 47.8621333186
557 323 47.8621333186
558 323 47.8621333186
559 323 47.8621333186
560 323 47.8621333186
561 323 47.8621333186
562 323 47.8621333186
563 323 47.8621333186
564 324 41.9988366224
565 324 41.9988366224
566 324 41.9988366224
567 324 41.9988366224
568 324 41.9988366224
569 324 41.9988366224
570 324 41.9988366224
571 324 41.9988366224
572 324 41.9988366224
573 324 41.9988366224
574 324 41.9988366224
575 324 41.9988366224
576 324 41.9988366224
577 324 41.9988366224
578 324 41.9988366224
579 324 41.9988366224
580 324 41.9988366224
581 324 41.9988366224
582 324 41.9988366224
583 324 41.9988366224
584 324 41.9988366224
585 324 41.9988366224
586 324 41.9988366224
587 324 41.9988366224
588 324 41.9988366224
589 324 41.9988366224
590 324 41.9988366224
591 324 41.9988366224
592 324 41.9988366224
593 324 41.9988366224
594 324 41.9988366224
595 324 41.9988366224
596 324 41.9988366224
597 324 41.9988366224
598 324 41.9988366224
599 324 41.9988366224
600 324 41.9988366224
601 324 41.9988366224
602 324 41.9988366224
603 324 41.9988366224
604 324 41.9988366224
605 324 41.9988366224
606 324 41.9988366224
607 324 41.9988366224
608 324 41.9988366224
609 324 41.9988366224
610 324 41.9988366224
611 324 41.9988366224
612 324 41.9988366224
613 324 41.9988366224
614 324 41.9988366224
615 324 41.9988366224
616 324 41.9988366224
617 324 41.9988366224
618 324 41.9988366224
619 324 41.9988366224
620 324 41.9988366224
621 324 41.9988366224
622 324 41.9988366224
623 324 41.9988366224
624 324 41.9988366224
625 324 41.9988366224
626 324 41.9988366224
627 324 41.9988366224
628 324 41.9988366224
629 324 41.9988366224
630 324 41.9988366224
631 324 41.9988366224
632 324 41.9988366224
633 324 41.9988366224
634 324 41.9988366224
635 324 41.9988366224
636 324 41.9988366224
637 324 41.9988366224
638 324 41.9988366224
639 324 41.9988366224
640 324 41.9988366224
641 324 41.9988366224
642 324 41.9988366224
643 324 41.9988366224
644 324 41.9988366224
645 324 41.9988366224
646 324 41.9988366224
647 324 41.9988366224
648 324 41.9988366224
649 324 41.9988366224
650 324 41.9988366224
651 324 41.9988366224
652 324 41.9988366224
653 324 41.9988366224
654 324 41.9988366224
655 324 41.9988366224
656 324 41.9988366224
657 324 41.9988366224
658 324 41.9988366224
659 324 41.9988366224
660 324 41.9988366224
661 324 41.9988366224
662 324 41.9988366224
663 325 41.157883113
664 325 41.157883113
665 325 41.157883113
666 325 41.157883113
667 325 41.157883113
668 325 41.157883113
669 325 41.157883113
670 325 41.157883113
671 325 41.157883113
672 325 41.157883113
673 325 41.157883113
674 325 41.157883113
675 325 41.157883113
676 325 41.157883113
677 325 41.157883113
678 325 41.157883113
679 325 41.157883113
680 325 41.157883113
681 325 41.157883113
682 325 41.157883113
683 325 41.157883113
684 325 41.157883113
685 325 41.157883113
686 325 41.157883113
687 325 41.157883113
688 325 41.157883113
689 325 41.157883113
690 325 41.157883113
691 325 41.157883113
692 325 41.157883113
693 325 41.157883113
694 325 41.157883113
695 325 41.157883113
696 325 41.157883113
697 325 41.157883113
698 325 41.157883113
699 325 41.157883113
700 325 41.157883113
701 325 41.157883113
702 325 41.157883113
703 325 41.157883113
704 325 41.157883113
705 325 41.157883113
706 325 41.157883113
707 325 41.157883113
708 325 41.157883113
709 325 41.157883113
710 325 41.157883113
711 325 41.157883113
712 325 41.157883113
713 325 41.157883113
714 325 41.157883113
715 325 41.157883113
716 325 41.157883113
717 325 41.157883113
718 325 41.157883113
719 325 41.157883113
720 325 41.157883113
721 325 41.157883113
722 325 41.157883113
723 325 41.157883113
724 325 41.157883113
725 325 41.157883113
726 325 41.157883113
727 325 41.157883113
728 325 41.157883113
729 325 41.157883113
730 325 41.157883113
731 325 41.157883113
732 325 41.157883113
733 325 41.157883113
734 325 41.157883113
735 325 41.157883113
736 325 41.157883113
737 325 41.157883113
738 325 41.157883113
739 325 41.157883113
740 325 41.157883113
741 325 41.157883113
742 325 41.157883113
743 325 41.157883113
744 325 41.157883113
745 325 41.157883113
746 325 41.157883113
747 325 41.157883113
748 325 41.157883113
749 325 41.157883113
750 325 41.157883113
751 325 41.157883113
752 325 41.157883113
753 325 41.157883113
754 325 41.157883113
755 325 41.157883113
756 325 41.157883113
757 325 41.157883113
758 325 41.157883113
759 325 41.157883113
760 325 41.157883113
761 325 41.157883113
762 326 51.1413826834
763 326 51.1413826834
764 326 51.1413826834
765 326 51.1413826834
766 326 51.1413826834
767 326 51.1413826834
768 326 51.1413826834
769 326 51.1413826834
770 326 51.1413826834
771 326 51.1413826834
772 326 51.1413826834
773 326 51.1413826834
774 326 51.1413826834
775 326 51.1413826834
776 326 51.1413826834
777 326 51.1413826834
778 326 51.1413826834
779 326 51.1413826834
780 326 51.1413826834
781 326 51.1413826834
782 326 51.1413826834
783 326 51.1413826834
784 326 51.1413826834
785 326 51.1413826834
786 326 51.1413826834
787 326 51.1413826834
788 326 51.1413826834
789 326 51.1413826834
790 326 51.1413826834
791 326 51.1413826834
792 326 51.1413826834
793 326 51.1413826834
794 326 51.1413826834
795 326 51.1413826834
796 326 51.1413826834
797 326 51.1413826834
798 326 51.1413826834
799 326 51.1413826834
800 326 51.1413826834
801 326 51.1413826834
802 326 51.1413826834
803 326 51.1413826834
804 326 51.1413826834
805 326 51.1413826834
806 326 51.1413826834
807 326 51.1413826834
808 326 51.1413826834
809 326 51.1413826834
810 326 51.1413826834
811 326 51.1413826834
812 326 51.1413826834
813 326 51.1413826834
814 326 51.1413826834
815 326 51.1413826834
816 326 51.1413826834
817 326 51.1413826834
818 326 51.1413826834
819 326 51.1413826834
820 326 51.1413826834
821 326 51.1413826834
822 326 51.1413826834
823 326 51.1413826834
824 326 51.1413826834
825 326 51.1413826834
826 326 51.1413826834
827 326 51.1413826834
828 326 51.1413826834
829 326 51.1413826834
830 326 51.1413826834
831 326 51.1413826834
832 326 51.1413826834
833 326 51.1413826834
834 326 51.1413826834
835 326 51.1413826834
836 326 51.1413826834
837 326 51.1413826834
838 326 51.1413826834
839 326 51.1413826834
840 326 51.1413826834
841 326 51.1413826834
842 326 51.1413826834
843 326 51.1413826834
844 326 51.1413826834
845 326 51.1413826834
846 326 51.1413826834
847 326 51.1413826834
848 326 51.1413826834
849 326 51.1413826834
850 326 51.1413826834
851 326 51.1413826834
852 326 51.1413826834
853 326 51.1413826834
854 326 51.1413826834
855 326 51.1413826834
856 326 51.1413826834
857 326 51.1413826834
858 326 51.1413826834
859 326 51.1413826834
860 326 51.1413826834
861 327 67.1659815381
862 327 67.1659815381
863 327 67.1659815381
864 327 67.1659815381
865 327 67.1659815381
866 327 67.1659815381
867 327 67.1659815381
868 327 67.1659815381
869 327 67.1659815381
870 327 67.1659815381
871 327 67.1659815381
872 327 67.1659815381
873 327 67.1659815381
874 327 67.1659815381
875 327 67.1659815381
876 327 67.1659815381
877 327 67.1659815381
878 327 67.1659815381
879 327 67.1659815381
880 327 67.1659815381
881 327 67.1659815381
882 327 67.1659815381
883 327 67.1659815381
884 327 67.1659815381
885 327 67.1659815381
886 327 67.1659815381
887 327 67.1659815381
888 327 67.1659815381
889 327 67.1659815381
890 327 67.1659815381
891 327 67.1659815381
892 327 67.1659815381
893 327 67.1659815381
894 327 67.1659815381
895 327 67.1659815381
896 327 67.1659815381
897 327 67.1659815381
898 327 67.1659815381
899 327 67.1659815381
900 327 67.1659815381
901 327 67.1659815381
902 327 67.1659815381
903 327 67.1659815381
904 327 67.1659815381
905 327 67.1659815381
906 327 67.1659815381
907 327 67.1659815381
908 327 67.1659815381
909 327 67.1659815381
910 327 67.1659815381
911 327 67.1659815381
912 327 67.1659815381
913 327 67.1659815381
914 327 67.1659815381
915 327 67.1659815381
916 327 67.1659815381
917 327 67.1659815381
918 327 67.1659815381
919 327 67.1659815381
920 327 67.1659815381
921 327 67.1659815381
922 327 67.1659815381
923 327 67.1659815381
924 327 67.1659815381
925 327 67.1659815381
926 327 67.1659815381
927 327 67.1659815381
928 327 67.1659815381
929 327 67.1659815381
930 327 67.1659815381
931 327 67.1659815381
932 327 67.1659815381
933 327 67.1659815381
934 327 67.1659815381
935 327 67.1659815381
936 327 67.1659815381
937 327 67.1659815381
938 327 67.1659815381
939 327 67.1659815381
940 327 67.1659815381
941 327 67.1659815381
942 327 67.1659815381
943 327 67.1659815381
944 327 67.1659815381
945 327 67.1659815381
946 327 67.1659815381
947 327 67.1659815381
948 327 67.1659815381
949 327 67.1659815381
950 327 67.1659815381
951 327 67.1659815381
952 327 67.1659815381
953 327 67.1659815381
954 327 67.1659815381
955 327 67.1659815381
956 327 67.1659815381
957 327 67.1659815381
958 327 67.1659815381
959 327 67.1659815381
960 328 72.7126009481
961 328 72.7126009481
962 328 72.7126009481
963 328 72.7126009481
964 328 72.7126009481
965 328 72.7126009481
966 328 72.7126009481
967 328 72.7126009481
968 328 72.7126009481
969 328 72.7126009481
970 328 72.7126009481
971 328 72.7126009481
972 328 72.7126009481
973 328 72.7126009481
974 328 72.7126009481
975 328 72.7126009481
976 328 72.7126009481
977 328 72.7126009481
978 328 72.7126009481
979 328 72.7126009481
980 328 72.7126009481
981 328 72.7126009481
982 328 72.7126009481
983 328 72.7126009481
984 328 72.7126009481
985 328 72.7126009481
986 328 72.7126009481
987 328 72.7126009481
988 328 72.7126009481
989 328 72.7126009481
990 328 72.7126009481
991 328 72.7126009481
992 328 72.7126009481
993 328 72.7126009481
994 328 72.7126009481
995 328 72.7126009481
996 328 72.7126009481
997 328 72.7126009481
998 328 72.7126009481
999 328 72.7126009481
1000 328 72.7126009481
1001 328 72.7126009481
1002 328 72.7126009481
1003 328 72.7126009481
1004 328 72.7126009481
1005 328 72.7126009481
1006 328 72.7126009481
1007 328 72.7126009481
1008 328 72.7126009481
1009 328 72.7126009481
1010 328 72.7126009481
1011 328 72.7126009481
1012 328 72.7126009481
1013 328 72.7126009481
1014 328 72.7126009481
1015 328 72.7126009481
1016 328 72.7126009481
1017 328 72.7126009481
1018 328 72.7126009481
1019 328 72.7126009481
1020 328 72.7126009481
1021 328 72.7126009481
1022 328 72.7126009481
1023 328 72.7126009481
1024 328 72.7126009481
1025 328 72.7126009481
1026 328 72.7126009481
1027 328 72.7126009481
1028 328 72.7126009481
1029 328 72.7126009481
1030 328 72.7126009481
1031 328 72.7126009481
1032 328 72.7126009481
1033 328 72.7126009481
1034 328 72.7126009481
1035 328 72.7126009481
1036 328 72.7126009481
1037 328 72.7126009481
1038 328 72.7126009481
1039 328 72.7126009481
1040 328 72.7126009481
1041 328 72.7126009481
1042 328 72.7126009481
1043 328 72.7126009481
1044 328 72.7126009481
1045 328 72.7126009481
1046 328 72.7126009481
1047 328 72.7126009481
1048 328 72.7126009481
1049 328 72.7126009481
1050 328 72.7126009481
1051 328 72.7126009481
1052 328 72.7126009481
1053 328 72.7126009481
1054 328 72.7126009481
1055 328 72.7126009481
1056 328 72.7126009481
1057 328 72.7126009481
1058 328 72.7126009481
1059 329 77.9937661257
1060 329 77.9937661257
1061 329 77.9937661257
1062 329 77.9937661257
1063 329 77.9937661257
1064 329 77.9937661257
1065 329 77.9937661257
1066 329 77.9937661257
1067 329 77.9937661257
1068 329 77.9937661257
1069 329 77.9937661257
1070 329 77.9937661257
1071 329 77.9937661257
1072 329 77.9937661257
1073 329 77.9937661257
1074 329 77.9937661257
1075 329 77.9937661257
1076 329 77.9937661257
1077 329 77.9937661257
1078 329 77.9937661257
1079 329 77.9937661257
1080 329 77.9937661257
1081 329 77.9937661257
1082 329 77.9937661257
1083 329 77.9937661257
1084 329 77.9937661257
1085 329 77.9937661257
1086 329 77.9937661257
1087 329 77.9937661257
1088 329 77.9937661257
1089 329 77.9937661257
1090 329 77.9937661257
1091 329 77.9937661257
1092 329 77.9937661257
1093 329 77.9937661257
1094 329 77.9937661257
1095 329 77.9937661257
1096 329 77.9937661257
1097 329 77.9937661257
1098 329 77.9937661257
1099 329 77.9937661257
1100 329 77.9937661257
1101 329 77.9937661257
1102 329 77.9937661257
1103 329 77.9937661257
1104 329 77.9937661257
1105 329 77.9937661257
1106 329 77.9937661257
1107 329 77.9937661257
1108 329 77.9937661257
1109 329 77.9937661257
1110 329 77.9937661257
1111 329 77.9937661257
1112 329 77.9937661257
1113 329 77.9937661257
1114 329 77.9937661257
1115 329 77.9937661257
1116 329 77.9937661257
1117 329 77.9937661257
1118 329 77.9937661257
1119 329 77.9937661257
1120 329 77.9937661257
1121 329 77.9937661257
1122 329 77.9937661257
1123 329 77.9937661257
1124 329 77.9937661257
1125 329 77.9937661257
1126 329 77.9937661257
1127 329 77.9937661257
1128 329 77.9937661257
1129 329 77.9937661257
1130 329 77.9937661257
1131 329 77.9937661257
1132 329 77.9937661257
1133 329 77.9937661257
1134 329 77.9937661257
1135 329 77.9937661257
1136 329 77.9937661257
1137 329 77.9937661257
1138 329 77.9937661257
1139 329 77.9937661257
1140 329 77.9937661257
1141 329 77.9937661257
1142 329 77.9937661257
1143 329 77.9937661257
1144 329 77.9937661257
1145 329 77.9937661257
1146 329 77.9937661257
1147 329 77.9937661257
1148 329 77.9937661257
1149 329 77.9937661257
1150 329 77.9937661257
1151 329 77.9937661257
1152 329 77.9937661257
1153 329 77.9937661257
1154 329 77.9937661257
1155 329 77.9937661257
1156 330 69.1763506478
1157 330 69.1763506478
1158 330 69.1763506478
1159 330 69.1763506478
1160 330 69.1763506478
1161 330 69.1763506478
1162 330 69.1763506478
1163 330 69.1763506478
1164 330 69.1763506478
1165 330 69.1763506478
1166 330 69.1763506478
1167 330 69.1763506478
1168 330 69.1763506478
1169 330 69.1763506478
1170 330 69.1763506478
1171 330 69.1763506478
1172 330 69.1763506478
1173 330 69.1763506478
1174 330 69.1763506478
1175 330 69.1763506478
1176 330 69.1763506478
1177 330 69.1763506478
1178 330 69.1763506478
1179 330 69.1763506478
1180 330 69.1763506478
1181 330 69.1763506478
1182 330 69.1763506478
1183 330 69.1763506478
1184 330 69.1763506478
1185 330 69.1763506478
1186 330 69.1763506478
1187 330 69.1763506478
1188 330 69.1763506478
1189 330 69.1763506478
1190 330 69.1763506478
1191 330 69.1763506478
1192 330 69.1763506478
1193 330 69.1763506478
1194 330 69.1763506478
1195 330 69.1763506478
1196 330 69.1763506478
1197 330 69.1763506478
1198 330 69.1763506478
1199 330 69.1763506478
1200 330 69.1763506478
1201 330 69.1763506478
1202 330 69.1763506478
1203 330 69.1763506478
1204 330 69.1763506478
1205 330 69.1763506478
1206 330 69.1763506478
1207 330 69.1763506478
1208 330 69.1763506478
1209 330 69.1763506478
1210 330 69.1763506478
1211 330 69.1763506478
1212 330 69.1763506478
1213 330 69.1763506478
1214 330 69.1763506478
1215 330 69.1763506478
1216 330 69.1763506478
1217 330 69.1763506478
1218 331 53.0434116434
1219 331 53.0434116434
1220 331 53.0434116434
1221 331 53.0434116434
1222 331 53.0434116434
1223 331 53.0434116434
1224 331 53.0434116434
1225 331 53.0434116434
1226 331 53.0434116434
1227 331 53.0434116434
1228 331 53.0434116434
1229 331 53.0434116434
1230 331 53.0434116434
1231 331 53.0434116434
1232 331 53.0434116434
1233 331 53.0434116434
1234 331 53.0434116434
1235 331 53.0434116434
1236 331 53.0434116434
1237 331 53.0434116434
1238 331 53.0434116434
1239 331 53.0434116434
1240 331 53.0434116434
1241 331 53.0434116434
1242 331 53.0434116434
1243 331 53.0434116434
1244 331 53.0434116434
1245 331 53.0434116434
1246 331 53.0434116434
1247 331 53.0434116434
1248 331 53.0434116434
1249 331 53.0434116434
1250 331 53.0434116434
1251 331 53.0434116434
1252 331 53.0434116434
1253 331 53.0434116434
1254 331 53.0434116434
1255 331 53.0434116434
1256 331 53.0434116434
1257 331 53.0434116434
1258 331 53.0434116434
1259 331 53.0434116434
1260 331 53.0434116434
1261 331 53.0434116434
1262 331 53.0434116434
1263 331 53.0434116434
1264 331 53.0434116434
1265 331 53.0434116434
1266 331 53.0434116434
1267 331 53.0434116434
1268 331 53.0434116434
1269 331 53.0434116434
1270 331 53.0434116434
1271 331 53.0434116434
1272 331 53.0434116434
1273 331 53.0434116434
1274 331 53.0434116434
1275 331 53.0434116434
1276 331 53.0434116434
1277 331 53.0434116434
1278 331 53.0434116434
1279 331 53.0434116434
1280 332 53.9575820613
1281 333 54.6374893801
1282 334 53.7782789485
1283 335 53.6387447427
1284 336 51.1824527492
1285 337 51.5045808249
1286 338 52.6317288381
1287 339 51.6193166838
1288 340 53.8413958557
1289 341 55.6920832477
1290 342 57.4463370937
1291 343 58.8915749416
1292 344 58.8378829719
1293 345 56.5907628587
1294 346 55.4048118252
1295 347 56.4660441958
1296 348 58.8699185918
1297 349 58.7030670056
1298 350 58.614970154
1299 351 60.8435212305
1300 352 61.7941191493
1301 353 62.3457162413
1302 354 62.4173389068
1303 355 61.115071684
1304 356 61.8052758737
1305 357 60.1482656596
1306 358 59.4868329045
1307 359 58.9946111369
1308 360 57.49519009
1309 361 57.7097847599
1310 362 55.5419773338
1311 363 57.1261343005
1312 364 55.7784651197
1313 365 57.1178742727
1314 366 56.2415132246
1315 367 57.2303990389
1316 368 58.6947509814
1317 369 58.0705782964
1318 370 55.4098542169
1319 371 55.2097813154
1320 372 56.621158029
1321 373 54.9405498176
1322 374 52.8699723444
1323 375 53.6346123179
1324 376 54.3485930473
1325 377 52.1784720103
1326 378 50.2196930506
1327 379 49.2153910286
1328 380 49.4245959045
1329 381 51.587071321
1330 382 51.2296837951
1331 383 51.7756828282
1332 384 50.378805005
1333 385 49.7421437934
1334 386 50.7230292336
1335 387 50.9343828255
1336 388 49.606324974
1337 389 51.5570153538
1338 390 52.5875988578
1339 391 54.2828930304
1340 392 56.793562066
1341 393 58.920881243
