1 0 30.4229179278
2 1 30.4884599043
3 2 31.3387789854
4 3 33.8181483263
5 4 35.5277330245
6 5 36.5161792604
7 6 38.7491521654
8 7 38.7100884455
9 8 39.5356822148
10 9 38.6525632657
11 10 36.3435777063
12 11 35.5001253711
13 12 34.8027368257
14 13 34.1659665894
15 14 33.8603655243
16 15 34.0508608612
17 16 34.068405951
18 17 35.8681769895
19 18 35.3673107695
20 19 35.3253821206
21 20 33.8685321746
22 21 35.6446436651
23 22 36.5717135184
24 23 35.7836455102
25 24 37.0281799205
26 25 36.7220684143
27 26 37.7327787975
28 27 37.9219187618
29 28 39.2602741725
30 29 41.0332575815
31 30 41.8076775503
32 31 41.4127523799
33 32 40.2923984932
34 33 39.6181736767
35 34 39.1457372173
36 35 37.9104027143
37 36 38.2222872607
38 37 36.5561282077
39 38 38.1058112118
40 39 37.8897767484
41 40 38.3515945297
42 41 36.8494474976
43 42 34.7940609029
44 43 35.1189173387
45 44 35.7360982271
46 45 38.1543189434
47 46 39.61712209
48 47 41.2772028003
49 48 42.5025699506
50 49 42.3002377601
51 50 43.9057431693
52 51 44.3327137959
53 52 43.8415559234
54 53 43.7365915795
55 54 44.9637562356
56 55 42.8020209575
57 56 40.3520563135
58 57 39.3010694243
59 58 37.0273761808
60 59 36.328771735
61 60 36.8511613002
62 61 36.4530403565
63 62 37.3894061956
64 63 38.237201453
65 64 37.8412672251
66 65 39.3325246873
67 66 40.4973896691
68 67 41.7655076547
69 68 42.5279796452
70 69 41.7799046761
71 70 41.2152777871
72 71 39.9406053126
73 72 39.7404710941
74 73 39.5664143923
75 74 39.2495677115
76 75 40.2207682866
77 76 40.6502812646
78 77 43.0012809409
79 78 42.3497126337
80 79 42.613634477
81 80 41.4871731604
82 81 42.7684894243
83 82 42.688045253
84 83 43.4943461798
85 84 44.1752368333
86 85 44.3775252556
87 86 46.8876805444
88 87 46.6202388461
89 88 49.1933965129
90 89 48.5146143093
91 90 47.5438811974
92 91 44.9100704703
93 92 44.5262410941
94 93 47.0330650292
95 94 46.1160564939
96 95 47.5725947806
97 96 45.9546748134
98 97 45.0306641653
99 98 46.7541932085
100 99 46.1326904539
101 100 46.2076164728
102 101 45.9534381318
103 102 45.1807626041
104 103 43.8856062392
105 104 44.6781132209
106 105 43.7714725357
107 106 42.134680372
108 107 43.0872273988
109 108 41.3840199236
110 109 40.3883903532
111 110 38.7701214477
112 111 36.5154940684
113 112 35.756509509
114 113 36.6234363831
115 114 35.5250374116
116 115 36.6039558916
117 116 35.7400750668
118 117 34.9344531218
119 118 36.9109056398
120 119 36.5975158981
121 120 37.3998140529
122 121 39.4881658759
123 122 40.1039248896
124 123 38.9177548451
125 124 37.9194625534
126 125 37.089538517
127 126 37.3645037905
128 127 36.8617419263
129 128 37.8783421286
130 129 38.6640501181
131 130 39.682418697
132 131 37.4973729769
133 132 38.1507569856
134 133 37.0803365245
135 134 38.7203863112
136 135 38.6622210482
137 136 40.6150310967
138 137 41.3842542414
139 138 43.1042319344
140 139 43.8532609005
141 140 45.6387336097
142 141 44.5472562
143 142 47.0073919362
144 143 47.4317964709
145 144 45.5994436946
146 145 46.7143137687
147 146 46.5284011513
148 147 44.4111226667
149 148 44.104764683
150 149 42.4716654198
151 150 40.7805977937
152 151 39.4987288286
153 152 39.2286461553
154 153 37.4279286334
155 154 37.3127205896
156 155 35.3200197921
157 156 35.8543231921
158 157 37.3760959111
159 158 38.4347757142
160 159 38.3648598412
161 160 39.5877961209
162 161 41.3382432042
163 162 40.6882199787
164 163 38.4966048514
165 164 37.9316026086
166 165 35.6956684549
167 166 35.4955562082
168 167 33.9687886518
169 168 33.8352037038
170 169 32.7241524622
171 170 32.8830631391
172 171 31.7902494818
173 172 32.292454535
174 173 30.883648189
175 174 31.4483280634
176 175 30.8666182233
177 176 32.6282663141
178 177 31.7104176618
179 178 30.9759538672
180 179 32.2056565949
181 180 33.3572624488
182 181 32.3047594919
183 182 32.0854535174
184 183 30.9935931868
185 184 32.0797726937
186 185 31.6222745458
187 186 33.1725095893
188 187 32.7877381276
189 188 31.2516937248
190 189 31.0128143664
191 190 30.1677432298
192 191 30.6520356941
193 192 30.6186560529
194 193 32.3637902723
195 194 32.6010993276
196 195 34.4588435163
197 196 34.7229537679
198 197 35.7614266532
199 198 37.4809314734
200 199 37.6884347194
201 200 37.1411762756
202 201 35.4329751212
203 202 34.0575595872
204 203 32.4104601836
205 204 30.6417363388
206 205 29.2419257866
207 206 28.9276104092
208 207 27.4982207269
209 208 27.3503392924
210 209 26.8256127987
211 210 28.1017253496
212 211 29.1540813496
213 212 30.4189356343
214 213 31.1184346632
215 214 30.0978573664
216 215 30.4452093395
217 216 29.796640723
218 217 29.1300316709
219 218 29.0818499683
220 219 28.7320505312
221 220 27.7111131559
222 221 28.6450102734
223 222 27.5993925928
224 223 28.1949353091
225 224 27.0768800931
226 225 25.8945886333
227 226 26.3092226301
228 227 25.7573304974
229 228 26.5532057496
230 229 25.7576710101
231 230 26.7865636058
232 231 26.2068958387
233 232 27.1662392182
234 233 27.2782294244
235 234 28.0736985993
236 235 29.0768253569
237 236 27.9742973215
238 237 26.379691139
239 238 25.1943867625
240 239 24.7379213923
241 240 24.5636272211
242 241 24.1778668379
243 242 24.6912957696
244 243 24.3481077423
245 244 25.8435091763
246 245 25.8260282036
247 246 27.2589970945
248 247 26.8059464291
249 248 23.6625642688
250 248 23.6625642688
251 248 23.6625642688
252 248 23.6625642688
253 248 23.6625642688
254 248 23.6625642688
255 248 23.6625642688
256 248 23.6625642688
257 248 23.6625642688
258 248 23.6625642688
259 248 23.6625642688
260 248 23.6625642688
261 248 23.6625642688
262 248 23.6625642688
263 248 23.6625642688
264 248 23.6625642688
265 248 23.6625642688
266 248 23.6625642688
267 248 23.6625642688
268 248 23.6625642688
269 248 23.6625642688
270 248 23.6625642688
271 248 23.6625642688
272 248 23.6625642688
273 248 23.6625642688
274 248 23.6625642688
275 248 23.6625642688
276 248 23.6625642688
277 248 23.6625642688
278 248 23.6625642688
279 248 23.6625642688
280 248 23.6625642688
281 248 23.6625642688
282 248 23.6625642688
283 248 23.6625642688
284 248 23.6625642688
285 248 23.6625642688
286 248 23.6625642688
287 248 23.6625642688
288 249 29.6656325763
289 250 30.5704000308
290 251 29.5289028496
291 252 28.8089623679
292 253 27.7373736376
293 254 25.9280642269
294 255 25.3643601336
295 256 23.7180984893
296 257 23.3888003175
297 258 22.1513641394
298 259 21.949252421
299 260 22.7182866213
300 261 22.4729657805
301 262 23.3507468808
302 263 22.2900153103
303 264 24.0181278156
304 265 24.9044054549
305 266 26.8132795924
306 267 27.8529968146
307 268 27.1099972259
308 269 28.9078626589
309 270 28.5764697494
310 271 27.5117084919
311 272 27.9797475017
312 273 27.5004613553
313 274 27.6164867311
314 275 29.4390368976
315 276 28.0304458758
316 277 26.7024272914
317 278 25.089727259
318 279 24.6846747598
319 280 24.9581601406
320 281 25.4625010921
321 282 25.5499215288
322 283 26.3315834204
323 284 26.8368672517
324 285 27.3975793994
325 286 25.5286651623
326 287 26.1865274028
327 288 24.6221961571
328 289 24.758366977
329 290 23.2157147222
330 291 23.1971332595
331 292 22.3018899952
332 293 21.9516475685
333 294 21.4230920618
334 295 20.0368341969
335 296 20.1963853742
336 297 19.8556944752
337 298 20.8776460835
338 299 20.3069108416
339 300 20.8192971179
340 301 20.0140600054
341 302 20.5000158046
342 303 20.5494836094
343 304 21.1063921765
344 305 21.8527487896
345 306 23.4277393629
346 307 24.27272617
347 308 19.0764014967
348 308 19.0764014967
349 308 19.0764014967
