1 0 45.1121728316
2 0 45.1121728316
3 0 45.1121728316
4 0 45.1121728316
5 0 45.1121728316
6 0 45.1121728316
7 0 45.1121728316
8 0 45.1121728316
9 0 45.1121728316
10 0 45.1121728316
11 0 45.1121728316
12 0 45.1121728316
13 0 45.1121728316
14 0 45.1121728316
15 0 45.1121728316
16 0 45.1121728316
17 0 45.1121728316
18 0 45.1121728316
19 0 45.1121728316
20 0 45.1121728316
21 0 45.1121728316
22 0 45.1121728316
23 0 45.1121728316
24 0 45.1121728316
25 0 45.1121728316
26 0 45.1121728316
27 0 45.1121728316
28 0 45.1121728316
29 0 45.1121728316
30 0 45.1121728316
31 0 45.1121728316
32 0 45.1121728316
33 0 45.1121728316
34 0 45.1121728316
35 0 45.1121728316
36 0 45.1121728316
37 0 45.1121728316
38 0 45.1121728316
39 0 45.1121728316
40 0 45.1121728316
41 0 45.1121728316
42 0 45.1121728316
43 0 45.1121728316
44 0 45.1121728316
45 0 45.1121728316
46 0 45.1121728316
47 0 45.1121728316
48 0 45.1121728316
49 0 45.1121728316
50 0 45.1121728316
51 0 45.1121728316
52 0 45.1121728316
53 0 45.1121728316
54 1 36.2438875086
55 2 35.8340989257
56 3 37.8356195568
57 4 38.8312089795
58 5 41.2274036202
59 6 41.9267824682
60 7 43.9979237327
61 8 44.637246318
62 9 43.3678602071
63 10 44.483800823
64 11 43.8586063239
65 12 44.1722991133
66 13 43.5075079461
67 14 40.8642847087
68 15 41.0810078067
69 16 38.3686771809
70 17 39.1498265552
71 18 37.3456670914
72 19 38.1932578204
73 20 39.2918599975
74 21 40.4289834701
75 22 42.0129994633
76 23 44.0728580936
77 24 44.5379579671
78 25 47.2703043873
79 26 47.9865146185
80 27 47.6848225985
81 28 46.9409624926
82 29 44.9119303905
83 30 45.9835905451
84 31 43.9192864305
85 32 43.3433603235
86 33 42.2952094908
87 34 41.6536234507
88 35 41.4201005424
89 36 40.2443053683
90 37 42.8281648343
91 38 43.8269320972
92 39 45.1533413298
93 40 44.7010865628
94 41 45.9137528934
95 42 46.6694034466
96 43 47.2015859941
97 44 48.3361573719
98 45 46.9109186256
99 46 48.1144344351
100 47 50.6196139631
101 48 49.774379357
102 49 52.0070758825
103 50 53.0618459451
104 51 52.7028571941
105 52 51.2247301436
106 53 49.9183529509
107 54 50.7434741718
108 55 50.1767659554
109 56 49.2021876175
110 57 48.1799783527
111 58 47.7076658712
112 59 45.7484815199
113 60 44.9959002248
114 61 44.6447569584
115 62 41.8863475686
116 63 40.2342346773
117 64 40.1361818663
118 65 37.6454516492
119 66 38.0291766888
120 67 40.1553436217
121 68 40.6394804535
122 69 42.9655882226
123 70 43.7088406819
124 71 45.769628
125 72 46.0562735643
126 73 47.6789101838
127 74 47.8437836891
128 75 47.7580847602
129 76 46.3300595177
130 77 44.4593867463
131 78 42.3801547119
132 79 41.1886571438
133 80 39.3965972312
134 81 39.6150729723
135 82 38.4669845732
136 83 40.4007528327
137 84 38.7147493306
138 85 40.6934331657
139 86 40.84157278
140 87 43.3875324956
141 88 44.7520329624
142 89 47.2322249082
143 90 49.0754938628
144 91 49.3213784016
145 92 51.8850582617
146 93 52.7991649188
147 94 51.1745545605
148 95 50.4414873621
149 96 48.4483833706
150 97 48.693766413
151 98 48.1666717095
152 99 45.6410136816
153 100 44.4094040577
154 101 42.3398370672
155 102 40.2345262793
156 103 38.1577500315
157 104 36.2543629605
158 105 35.8852564737
159 106 35.3756607802
160 107 35.8687835817
161 108 35.7850622732
162 109 34.2840638093
163 110 35.0851312948
164 111 36.5515845767
165 112 36.4621999962
166 113 38.4932729778
167 114 38.3927778275
168 115 40.0432548146
169 116 41.2194518217
170 117 40.881087027
171 118 41.5658200761
172 119 39.0093966983
173 120 38.2221110003
174 121 35.7415391922
175 122 35.3509616907
176 123 33.1546111071
177 124 33.1079744021
178 125 32.106472544
179 126 32.064214106
180 127 29.8919173649
181 128 30.8872233636
182 129 32.1865408348
183 130 34.2206915803
184 131 35.7234746315
185 132 38.3172114344
186 133 40.2393894114
187 134 42.7201674849
188 135 43.8285616173
189 136 42.751452339
190 137 43.6100190202
191 138 41.6120661876
192 139 39.9119954183
193 140 37.3850023616
194 141 36.3721556871
195 142 33.9005703859
196 143 32.3605587765
197 144 30.3316010285
198 145 28.6431153069
199 146 26.463319834
200 147 26.7353566169
201 148 26.0515408918
202 149 27.5792570111
203 150 29.6972532558
204 151 30.0940094618
205 152 30.824687019
206 153 31.6173438966
207 154 32.2603359462
208 155 33.0115394144
209 156 33.9049457158
210 157 33.1504653146
211 158 35.3490155117
212 159 35.2255622509
213 160 34.6601905364
214 161 35.4906780892
215 162 34.5102654755
216 163 32.2143421381
217 164 31.6949920956
218 165 29.8074118432
219 166 29.3607760424
220 167 28.2551556715
221 168 27.6102695881
222 169 26.9486593368
223 170 25.1716253127
224 171 24.2541608553
225 172 24.4767787806
226 173 26.0267488008
227 174 26.7194295205
228 175 27.9594281573
229 176 29.3666984778
230 177 31.0799921107
231 178 33.0314275322
232 179 32.6165081004
233 180 30.1671814165
234 181 28.7258423416
235 182 27.0613959607
236 183 26.8593214004
237 184 26.7096277537
238 185 25.0952863173
239 186 24.2223293992
240 187 23.5093946877
241 188 22.1072136081
242 189 22.7258772962
243 190 21.2628600384
244 191 22.8301014659
245 192 22.6138798948
246 193 24.6158705893
247 194 25.7514659651
248 195 26.6446919641
249 196 28.9370490696
250 197 29.7399302118
251 198 29.4265304717
252 199 30.9530788891
253 200 31.2987235973
254 201 31.8451013294
255 202 34.1602758262
256 203 33.5102437801
257 204 31.5528848138
258 205 30.9313397391
259 206 30.1129738117
260 207 29.2649651863
261 208 29.2433814672
262 209 28.4492322171
263 210 28.3794670199
264 211 27.6029259396
265 212 27.0532689123
266 213 27.2411807752
267 214 26.4729314457
268 215 26.6938877658
269 216 24.4776784382
270 217 25.4761310929
271 218 24.4837562376
272 219 25.6798379934
273 220 24.7652418885
274 221 25.7614010355
275 222 25.2307425382
276 223 25.3258095045
277 224 26.6633715685
278 225 25.7431326839
279 226 35.4213289568
280 226 35.4213289568
281 226 35.4213289568
282 226 35.4213289568
283 226 35.4213289568
284 226 35.4213289568
285 226 35.4213289568
286 226 35.4213289568
287 226 35.4213289568
288 226 35.4213289568
289 226 35.4213289568
290 227 23.2506355596
291 228 23.1147797296
292 229 22.3010112036
293 230 22.9795195618
294 231 23.9082687194
295 232 23.571655783
296 233 23.3690348459
297 234 24.6792674444
298 235 24.2113448869
299 236 25.7906877302
300 237 26.9888207135
301 238 26.8726001239
302 239 28.144355978
303 240 28.2695511126
304 241 28.7508774794
305 242 30.7727856202
306 243 30.8840710678
307 244 30.2995519194
308 245 31.8725515662
309 246 32.3172812142
310 247 34.6569002545
311 248 36.5150246306
312 249 36.9995428237
313 250 34.7888499495
314 251 34.0819574216
315 252 44.6470692271
316 252 44.6470692271
317 252 44.6470692271
318 252 44.6470692271
319 252 44.6470692271
320 252 44.6470692271
321 252 44.6470692271
322 252 44.6470692271
323 252 44.6470692271
324 252 44.6470692271
325 253 30.8687333957
326 254 30.9387546082
327 255 31.9029182182
328 256 30.8363166126
329 257 31.655285467
330 258 30.8558867681
331 259 31.4094597938
332 260 30.715089069
333 261 33.0346791461
334 262 32.0983697683
335 263 32.563054307
336 264 30.8520247976
337 265 31.2708697932
338 266 29.267867493
339 267 28.9953735227
340 268 30.0178741705
341 269 28.8387394212
342 270 26.8649907742
343 271 26.451648434
344 272 25.1947132777
345 273 18.7014065832
346 273 18.7014065832
347 273 18.7014065832
348 273 18.7014065832
349 273 18.7014065832
350 273 18.7014065832
351 273 18.7014065832
352 273 18.7014065832
353 273 18.7014065832
354 273 18.7014065832
355 273 18.7014065832
356 273 18.7014065832
357 273 18.7014065832
358 273 18.7014065832
359 273 18.7014065832
360 273 18.7014065832
361 273 18.7014065832
362 273 18.7014065832
363 273 18.7014065832
364 273 18.7014065832
365 273 18.7014065832
366 273 18.7014065832
367 273 18.7014065832
368 273 18.7014065832
369 273 18.7014065832
370 273 18.7014065832
371 273 18.7014065832
372 273 18.7014065832
373 273 18.7014065832
374 273 18.7014065832
375 273 18.7014065832
376 273 18.7014065832
377 273 18.7014065832
378 273 18.7014065832
379 273 18.7014065832
380 273 18.7014065832
381 273 18.7014065832
382 273 18.7014065832
383 273 18.7014065832
384 273 18.7014065832
385 273 18.7014065832
386 273 18.7014065832
387 273 18.7014065832
388 273 18.7014065832
389 273 18.7014065832
390 274 27.3847354819
391 275 29.0772664485
392 276 31.0599224945
393 277 31.3010172365
394 278 33.6878176765
395 279 34.5137684601
396 280 36.9598613904
397 281 37.0537839482
398 282 38.0417367788
399 283 36.0699771235
400 284 34.3871486258
401 285 34.4454302944
402 286 34.6982977567
403 287 35.3512819965
404 288 35.7869645969
405 289 37.6815723138
406 290 37.8136213176
407 291 38.971891942
408 292 40.3848803881
409 293 43.1539737494
410 294 43.4043383302
411 295 41.9374418216
412 296 40.6804425435
413 297 38.5925987279
414 298 39.0321255933
415 299 37.3616669548
416 300 38.0506883087
417 301 37.3203397291
418 302 38.225353194
419 303 40.1905999053
420 304 41.052920149
421 305 40.7288291448
422 306 40.3676460708
423 307 41.1635844942
424 308 40.4336581218
425 309 33.2589952536
426 309 33.2589952536
427 309 33.2589952536
428 309 33.2589952536
429 309 33.2589952536
430 310 28.3575079244
431 311 27.759902657
432 312 25.897352137
433 313 25.3463753535
434 314 25.7322940864
435 315 24.3844732301
436 316 22.8469970363
437 317 23.6853235135
438 318 23.7018089572
439 319 21.8266626121
440 320 21.4510662338
441 321 22.8041465224
442 322 23.2226703198
443 323 25.1984898389
444 324 25.2028181338
445 325 24.7294885316
446 326 25.4352926439
447 327 27.469519942
448 328 29.0291032735
449 329 31.1822804097
450 330 32.5152678924
451 331 32.2760424727
452 332 34.6332612239
453 333 34.0478421873
454 334 31.5731608359
455 335 31.0748219838
456 336 29.0071340356
457 337 28.2019062519
458 338 26.1392767037
459 339 25.5368912445
460 340 24.5349754658
461 341 24.4173584631
462 342 24.0037482716
463 343 23.6095082566
464 344 24.7424091293
465 345 25.637179999
466 346 26.8472992078
467 347 27.8069764395
468 348 27.9129156641
469 349 27.3683956473
470 350 26.2797132557
471 351 26.1794520721
472 352 26.700246446
473 353 26.2602528373
474 354 26.6650943596
475 355 27.6813304327
476 356 28.3915850795
477 357 28.4961017931
478 358 29.8416915022
479 359 29.6366955813
480 360 31.4314782101
481 361 31.6750910312
482 362 33.8370617613
483 363 35.2196392932
484 364 34.6703658312
485 365 32.0895505475
486 366 30.4819614487
487 367 32.3153585015
488 368 32.4890315468
489 369 34.8114719411
490 370 33.9814468722
491 371 31.8363993991
492 372 31.2874079979
493 373 32.3154569606
494 374 30.8684382613
495 375 31.5968484477
496 376 30.8233995916
497 377 31.7094228202
498 378 31.0579718575
499 379 29.6810918327
500 380 29.1872340556
501 381 28.8047061005
502 382 29.0734232083
503 383 30.4849732949
504 384 31.916112696
505 385 31.2377155558
506 386 29.2702665234
507 387 29.89247289
508 388 30.9929452472
509 389 29.3997018207
510 390 28.2220444122
511 391 29.9746941049
512 392 30.6493462302
513 393 28.6051612226
514 394 28.6899941902
515 395 30.7461226661
516 396 29.8705424172
517 397 27.9133532038
518 398 28.7533808537
519 399 30.8320824826
520 400 29.7774310491
521 401 27.7726177242
522 402 27.2931225193
523 403 28.0769130312
524 404 29.394243507
525 405 30.2286978729
526 406 28.0227790545
527 407 27.3257451571
528 408 26.4892454586
529 409 25.795343172
530 410 23.7554076963
531 411 24.25550378
532 412 25.6500686774
533 413 24.4198270612
534 414 23.1695074998
535 415 24.4602839565
536 416 25.1550733995
537 417 34.5239327355
538 417 34.5239327355
539 417 34.5239327355
540 417 34.5239327355
541 417 34.5239327355
542 417 34.5239327355
543 417 34.5239327355
544 417 34.5239327355
545 417 34.5239327355
546 417 34.5239327355
547 417 34.5239327355
548 417 34.5239327355
549 417 34.5239327355
550 417 34.5239327355
551 417 34.5239327355
552 417 34.5239327355
553 417 34.5239327355
554 417 34.5239327355
555 417 34.5239327355
556 417 34.5239327355
557 417 34.5239327355
558 417 34.5239327355
559 417 34.5239327355
560 417 34.5239327355
561 417 34.5239327355
562 417 34.5239327355
563 417 34.5239327355
564 417 34.5239327355
565 417 34.5239327355
566 417 34.5239327355
567 417 34.5239327355
568 417 34.5239327355
569 417 34.5239327355
570 417 34.5239327355
571 417 34.5239327355
572 417 34.5239327355
573 417 34.5239327355
574 417 34.5239327355
575 417 34.5239327355
576 417 34.5239327355
577 417 34.5239327355
578 417 34.5239327355
579 417 34.5239327355
580 417 34.5239327355
581 417 34.5239327355
582 417 34.5239327355
583 417 34.5239327355
584 417 34.5239327355
585 417 34.5239327355
586 417 34.5239327355
587 417 34.5239327355
588 417 34.5239327355
589 417 34.5239327355
590 417 34.5239327355
591 417 34.5239327355
592 417 34.5239327355
593 417 34.5239327355
594 417 34.5239327355
595 417 34.5239327355
596 417 34.5239327355
597 417 34.5239327355
598 417 34.5239327355
599 417 34.5239327355
600 417 34.5239327355
601 417 34.5239327355
602 417 34.5239327355
603 417 34.5239327355
604 417 34.5239327355
605 417 34.5239327355
606 417 34.5239327355
607 417 34.5239327355
608 417 34.5239327355
609 417 34.5239327355
610 417 34.5239327355
611 417 34.5239327355
612 417 34.5239327355
613 417 34.5239327355
614 417 34.5239327355
615 417 34.5239327355
616 418 20.5083977419
617 418 20.5083977419
618 418 20.5083977419
619 418 20.5083977419
620 418 20.5083977419
621 418 20.5083977419
622 418 20.5083977419
623 418 20.5083977419
624 418 20.5083977419
625 418 20.5083977419
626 418 20.5083977419
627 418 20.5083977419
628 418 20.5083977419
629 418 20.5083977419
630 418 20.5083977419
631 418 20.5083977419
632 418 20.5083977419
633 418 20.5083977419
634 418 20.5083977419
635 418 20.5083977419
636 418 20.5083977419
637 418 20.5083977419
638 418 20.5083977419
639 418 20.5083977419
640 418 20.5083977419
641 418 20.5083977419
642 418 20.5083977419
643 418 20.5083977419
644 418 20.5083977419
645 418 20.5083977419
646 418 20.5083977419
647 418 20.5083977419
648 418 20.5083977419
649 418 20.5083977419
650 418 20.5083977419
651 418 20.5083977419
652 418 20.5083977419
653 418 20.5083977419
654 418 20.5083977419
655 418 20.5083977419
656 418 20.5083977419
657 418 20.5083977419
658 418 20.5083977419
659 418 20.5083977419
660 418 20.5083977419
661 418 20.5083977419
662 418 20.5083977419
663 418 20.5083977419
664 418 20.5083977419
665 418 20.5083977419
666 418 20.5083977419
667 418 20.5083977419
668 418 20.5083977419
669 418 20.5083977419
670 418 20.5083977419
671 418 20.5083977419
672 418 20.5083977419
673 418 20.5083977419
674 418 20.5083977419
675 418 20.5083977419
676 418 20.5083977419
677 418 20.5083977419
678 418 20.5083977419
679 418 20.5083977419
680 418 20.5083977419
681 418 20.5083977419
682 418 20.5083977419
683 418 20.5083977419
684 418 20.5083977419
685 418 20.5083977419
686 418 20.5083977419
687 418 20.5083977419
688 418 20.5083977419
689 418 20.5083977419
690 418 20.5083977419
691 418 20.5083977419
692 418 20.5083977419
693 418 20.5083977419
694 418 20.5083977419
695 419 18.4860257324
696 419 18.4860257324
697 419 18.4860257324
698 419 18.4860257324
699 419 18.4860257324
700 419 18.4860257324
701 419 18.4860257324
702 419 18.4860257324
703 419 18.4860257324
704 419 18.4860257324
705 419 18.4860257324
706 419 18.4860257324
707 419 18.4860257324
708 419 18.4860257324
709 419 18.4860257324
710 419 18.4860257324
711 419 18.4860257324
712 419 18.4860257324
713 419 18.4860257324
714 419 18.4860257324
715 419 18.4860257324
716 419 18.4860257324
717 419 18.4860257324
718 419 18.4860257324
719 419 18.4860257324
720 419 18.4860257324
721 419 18.4860257324
722 419 18.4860257324
723 419 18.4860257324
724 419 18.4860257324
725 419 18.4860257324
726 419 18.4860257324
727 419 18.4860257324
728 419 18.4860257324
729 419 18.4860257324
730 419 18.4860257324
731 419 18.4860257324
732 419 18.4860257324
733 419 18.4860257324
734 419 18.4860257324
735 419 18.4860257324
736 419 18.4860257324
737 419 18.4860257324
738 419 18.4860257324
739 419 18.4860257324
740 419 18.4860257324
741 419 18.4860257324
742 419 18.4860257324
743 419 18.4860257324
744 419 18.4860257324
745 419 18.4860257324
746 419 18.4860257324
747 419 18.4860257324
748 419 18.4860257324
749 419 18.4860257324
750 419 18.4860257324
751 419 18.4860257324
752 419 18.4860257324
753 419 18.4860257324
754 419 18.4860257324
755 419 18.4860257324
756 419 18.4860257324
757 419 18.4860257324
758 419 18.4860257324
759 419 18.4860257324
760 419 18.4860257324
761 419 18.4860257324
762 419 18.4860257324
763 419 18.4860257324
764 419 18.4860257324
765 419 18.4860257324
766 419 18.4860257324
767 419 18.4860257324
768 419 18.4860257324
769 419 18.4860257324
770 419 18.4860257324
771 419 18.4860257324
772 419 18.4860257324
773 420 23.9534476486
774 420 23.9534476486
775 420 23.9534476486
776 420 23.9534476486
777 420 23.9534476486
778 420 23.9534476486
779 420 23.9534476486
780 420 23.9534476486
781 420 23.9534476486
782 420 23.9534476486
783 420 23.9534476486
784 420 23.9534476486
785 420 23.9534476486
786 420 23.9534476486
787 420 23.9534476486
788 420 23.9534476486
789 420 23.9534476486
790 420 23.9534476486
791 420 23.9534476486
792 420 23.9534476486
793 420 23.9534476486
794 420 23.9534476486
795 420 23.9534476486
796 420 23.9534476486
797 420 23.9534476486
798 420 23.9534476486
799 420 23.9534476486
800 420 23.9534476486
801 420 23.9534476486
802 420 23.9534476486
803 420 23.9534476486
804 420 23.9534476486
805 420 23.9534476486
806 420 23.9534476486
807 420 23.9534476486
808 420 23.9534476486
809 420 23.9534476486
810 420 23.9534476486
811 420 23.9534476486
812 420 23.9534476486
813 420 23.9534476486
814 420 23.9534476486
815 420 23.9534476486
816 420 23.9534476486
817 420 23.9534476486
818 420 23.9534476486
819 420 23.9534476486
820 420 23.9534476486
821 420 23.9534476486
822 420 23.9534476486
823 420 23.9534476486
824 420 23.9534476486
825 420 23.9534476486
826 421 24.353832943
827 421 24.353832943
828 421 24.353832943
829 421 24.353832943
830 421 24.353832943
831 421 24.353832943
832 421 24.353832943
833 421 24.353832943
834 421 24.353832943
835 421 24.353832943
836 421 24.353832943
837 421 24.353832943
838 421 24.353832943
839 421 24.353832943
840 421 24.353832943
841 421 24.353832943
842 421 24.353832943
843 421 24.353832943
844 421 24.353832943
845 421 24.353832943
846 421 24.353832943
847 421 24.353832943
848 421 24.353832943
849 421 24.353832943
850 421 24.353832943
851 421 24.353832943
852 421 24.353832943
853 421 24.353832943
854 421 24.353832943
855 421 24.353832943
856 421 24.353832943
857 421 24.353832943
858 421 24.353832943
859 421 24.353832943
860 421 24.353832943
861 421 24.353832943
862 421 24.353832943
863 421 24.353832943
864 421 24.353832943
865 421 24.353832943
866 421 24.353832943
867 421 24.353832943
868 421 24.353832943
869 421 24.353832943
870 421 24.353832943
871 421 24.353832943
872 421 24.353832943
873 421 24.353832943
874 421 24.353832943
875 421 24.353832943
876 421 24.353832943
877 421 24.353832943
878 421 24.353832943
879 422 19.3088721727
880 422 19.3088721727
881 422 19.3088721727
882 422 19.3088721727
883 422 19.3088721727
884 422 19.3088721727
885 422 19.3088721727
886 422 19.3088721727
887 422 19.3088721727
888 422 19.3088721727
889 422 19.3088721727
890 422 19.3088721727
891 422 19.3088721727
892 422 19.3088721727
893 422 19.3088721727
894 422 19.3088721727
895 422 19.3088721727
896 422 19.3088721727
897 422 19.3088721727
898 422 19.3088721727
899 422 19.3088721727
900 422 19.3088721727
901 422 19.3088721727
902 422 19.3088721727
903 422 19.3088721727
904 422 19.3088721727
905 422 19.3088721727
906 422 19.3088721727
907 422 19.3088721727
908 422 19.3088721727
909 422 19.3088721727
910 422 19.3088721727
911 422 19.3088721727
912 422 19.3088721727
913 422 19.3088721727
914 422 19.3088721727
915 422 19.3088721727
916 422 19.3088721727
917 422 19.3088721727
918 422 19.3088721727
919 422 19.3088721727
920 422 19.3088721727
921 422 19.3088721727
922 422 19.3088721727
923 422 19.3088721727
924 422 19.3088721727
925 422 19.3088721727
926 422 19.3088721727
927 422 19.3088721727
928 422 19.3088721727
929 422 19.3088721727
930 422 19.3088721727
931 422 19.3088721727
932 422 19.3088721727
933 422 19.3088721727
934 422 19.3088721727
935 422 19.3088721727
936 422 19.3088721727
937 422 19.3088721727
938 423 37.3552204936
939 423 37.3552204936
940 423 37.3552204936
941 423 37.3552204936
942 423 37.3552204936
943 423 37.3552204936
944 423 37.3552204936
945 423 37.3552204936
946 423 37.3552204936
947 423 37.3552204936
948 423 37.3552204936
949 423 37.3552204936
950 423 37.3552204936
951 423 37.3552204936
952 423 37.3552204936
953 423 37.3552204936
954 423 37.3552204936
955 423 37.3552204936
956 423 37.3552204936
957 423 37.3552204936
958 423 37.3552204936
959 423 37.3552204936
960 423 37.3552204936
961 423 37.3552204936
962 423 37.3552204936
963 423 37.3552204936
964 423 37.3552204936
965 423 37.3552204936
966 423 37.3552204936
967 423 37.3552204936
968 423 37.3552204936
969 423 37.3552204936
970 423 37.3552204936
971 423 37.3552204936
972 423 37.3552204936
973 423 37.3552204936
974 423 37.3552204936
975 423 37.3552204936
976 423 37.3552204936
977 423 37.3552204936
978 423 37.3552204936
979 423 37.3552204936
980 423 37.3552204936
981 423 37.3552204936
982 423 37.3552204936
983 423 37.3552204936
984 423 37.3552204936
985 423 37.3552204936
986 423 37.3552204936
987 423 37.3552204936
988 423 37.3552204936
989 423 37.3552204936
990 423 37.3552204936
991 423 37.3552204936
992 423 37.3552204936
993 423 37.3552204936
994 423 37.3552204936
995 423 37.3552204936
996 424 45.5024347653
997 424 45.5024347653
998 424 45.5024347653
999 424 45.5024347653
1000 424 45.5024347653
1001 424 45.5024347653
1002 424 45.5024347653
1003 424 45.5024347653
1004 424 45.5024347653
1005 424 45.5024347653
1006 424 45.5024347653
1007 424 45.5024347653
1008 424 45.5024347653
1009 424 45.5024347653
1010 424 45.5024347653
1011 424 45.5024347653
1012 424 45.5024347653
1013 424 45.5024347653
1014 424 45.5024347653
1015 424 45.5024347653
1016 424 45.5024347653
1017 424 45.5024347653
1018 424 45.5024347653
1019 424 45.5024347653
1020 424 45.5024347653
1021 424 45.5024347653
1022 424 45.5024347653
1023 424 45.5024347653
1024 424 45.5024347653
1025 424 45.5024347653
1026 424 45.5024347653
1027 424 45.5024347653
1028 424 45.5024347653
1029 424 45.5024347653
1030 424 45.5024347653
1031 424 45.5024347653
1032 424 45.5024347653
1033 424 45.5024347653
1034 424 45.5024347653
1035 424 45.5024347653
1036 424 45.5024347653
1037 424 45.5024347653
1038 424 45.5024347653
1039 424 45.5024347653
1040 424 45.5024347653
1041 424 45.5024347653
1042 424 45.5024347653
1043 424 45.5024347653
1044 424 45.5024347653
1045 424 45.5024347653
1046 424 45.5024347653
1047 424 45.5024347653
1048 424 45.5024347653
1049 424 45.5024347653
1050 424 45.5024347653
1051 424 45.5024347653
1052 424 45.5024347653
1053 424 45.5024347653
1054 424 45.5024347653
1055 424 45.5024347653
1056 424 45.5024347653
1057 424 45.5024347653
1058 424 45.5024347653
1059 424 45.5024347653
1060 424 45.5024347653
1061 424 45.5024347653
1062 424 45.5024347653
1063 424 45.5024347653
1064 424 45.5024347653
1065 424 45.5024347653
1066 424 45.5024347653
1067 424 45.5024347653
1068 424 45.5024347653
1069 424 45.5024347653
1070 424 45.5024347653
1071 424 45.5024347653
1072 424 45.5024347653
1073 424 45.5024347653
1074 424 45.5024347653
1075 424 45.5024347653
1076 424 45.5024347653
1077 424 45.5024347653
1078 424 45.5024347653
1079 424 45.5024347653
1080 424 45.5024347653
1081 424 45.5024347653
1082 424 45.5024347653
1083 424 45.5024347653
1084 424 45.5024347653
1085 424 45.5024347653
1086 424 45.5024347653
1087 424 45.5024347653
1088 424 45.5024347653
1089 424 45.5024347653
1090 424 45.5024347653
1091 424 45.5024347653
1092 425 43.3437813237
1093 426 44.231714567
1094 427 45.5127029055
1095 428 45.9698706988
1096 429 46.9924152535
1097 430 46.2066734262
1098 431 46.0278057917
1099 432 44.6885620962
1100 433 44.3575642321
1101 434 44.3035426168
1102 435 43.9354610223
1103 436 45.0083187744
1104 437 46.39857333
1105 438 47.910013923
1106 439 49.4200224776
1107 440 51.3882553988
1108 441 50.970338526
1109 442 51.3317680378
1110 443 50.4563587501
1111 444 50.8441194433
1112 445 51.4778030409
1113 446 50.9698170036
1114 447 52.555777458
1115 448 51.2585585146
1116 449 50.9208184557
1117 450 49.3515589219
1118 451 49.1986922497
1119 452 48.2832517003
1120 453 48.2720397032
1121 454 49.3435544582
1122 455 47.9298571025
1123 456 46.7519930818
1124 457 48.0634556266
1125 458 48.0147554806
1126 459 46.3581395825
1127 460 46.251821624
1128 461 47.7849082638
1129 462 47.0086013087
1130 463 45.7108497016
1131 464 46.8710307599
1132 465 46.1477294799
1133 466 47.3595318176
1134 467 46.9972560031
1135 468 45.4996188325
1136 469 45.8123711019
1137 470 47.4508652304
1138 471 48.4076359646
1139 472 48.8820724186
1140 473 54.6371529739
1141 473 54.6371529739
1142 473 54.6371529739
1143 473 54.6371529739
1144 473 54.6371529739
1145 473 54.6371529739
1146 473 54.6371529739
1147 473 54.6371529739
1148 473 54.6371529739
