1 0 26.2870380137
2 0 26.2870380137
3 0 26.2870380137
4 0 26.2870380137
5 0 26.2870380137
6 0 26.2870380137
7 0 26.2870380137
8 0 26.2870380137
9 0 26.2870380137
10 0 26.2870380137
11 0 26.2870380137
12 0 26.2870380137
13 0 26.2870380137
14 0 26.2870380137
15 0 26.2870380137
16 0 26.2870380137
17 0 26.2870380137
18 0 26.2870380137
19 0 26.2870380137
20 0 26.2870380137
21 0 26.2870380137
22 0 26.2870380137
23 0 26.2870380137
24 0 26.2870380137
25 0 26.2870380137
26 0 26.2870380137
27 0 26.2870380137
28 0 26.2870380137
29 0 26.2870380137
30 0 26.2870380137
31 0 26.2870380137
32 0 26.2870380137
33 0 26.2870380137
34 0 26.2870380137
35 0 26.2870380137
36 0 26.2870380137
37 0 26.2870380137
38 0 26.2870380137
39 0 26.2870380137
40 0 26.2870380137
41 0 26.2870380137
42 0 26.2870380137
43 0 26.2870380137
44 0 26.2870380137
45 0 26.2870380137
46 0 26.2870380137
47 0 26.2870380137
48 0 26.2870380137
49 0 26.2870380137
50 0 26.2870380137
51 1 20.7701429339
52 1 20.7701429339
53 1 20.7701429339
54 1 20.7701429339
55 1 20.7701429339
56 1 20.7701429339
57 1 20.7701429339
58 1 20.7701429339
59 1 20.7701429339
60 1 20.7701429339
61 1 20.7701429339
62 1 20.7701429339
63 1 20.7701429339
64 1 20.7701429339
65 1 20.7701429339
66 1 20.7701429339
67 1 20.7701429339
68 1 20.7701429339
69 1 20.7701429339
70 1 20.7701429339
71 1 20.7701429339
72 1 20.7701429339
73 1 20.7701429339
74 1 20.7701429339
75 1 20.7701429339
76 1 20.7701429339
77 1 20.7701429339
78 1 20.7701429339
79 1 20.7701429339
80 1 20.7701429339
81 1 20.7701429339
82 1 20.7701429339
83 1 20.7701429339
84 1 20.7701429339
85 1 20.7701429339
86 1 20.7701429339
87 1 20.7701429339
88 1 20.7701429339
89 1 20.7701429339
90 1 20.7701429339
91 1 20.7701429339
92 1 20.7701429339
93 1 20.7701429339
94 1 20.7701429339
95 1 20.7701429339
96 1 20.7701429339
97 1 20.7701429339
98 1 20.7701429339
99 1 20.7701429339
100 1 20.7701429339
101 2 36.0736095714
102 3 34.2532956724
103 4 33.0398355697
104 5 31.9070722037
105 6 30.7949800551
106 7 30.0457540956
107 8 28.9123454188
108 9 28.6466705898
109 10 27.8010653116
110 11 27.967421545
111 12 27.7500830638
112 13 27.8371101863
113 14 27.7826214983
114 15 27.4438797657
115 16 27.6987529291
116 17 28.086365648
117 18 28.5129890338
118 19 28.8145426553
119 20 29.0528576802
120 21 30.1120811852
121 22 31.1932016447
122 23 32.3284600863
123 24 33.0571621718
124 25 32.1234990259
125 26 32.1268427114
126 27 33.5560816742
127 28 34.3747333151
128 29 33.1488598961
129 30 33.4301716538
130 31 32.3506639769
131 32 31.8575983787
132 33 32.7374516354
133 34 32.5928851732
134 35 32.3836718305
135 36 32.9125900991
136 37 31.411435664
137 38 32.186825061
138 39 32.4597203287
139 40 34.1253722337
140 41 34.5723923057
141 42 35.8372535951
142 43 34.6342422718
143 44 33.1980503791
144 45 31.8708706635
145 46 30.6655495086
146 47 30.0517327437
147 48 30.8300397629
148 49 32.25450511
149 50 31.8225675142
150 51 32.6983005523
151 52 32.8283424608
152 53 32.0011157477
153 54 32.2873454857
154 55 30.6426494956
155 56 30.330472638
156 57 29.8165315074
157 58 29.5372332284
158 59 30.2548271769
159 60 30.0532483506
160 61 30.6877748521
161 62 31.8291378359
162 63 32.4189489351
163 64 32.4258439561
164 65 32.3904789494
165 66 33.7548175864
166 67 34.2570334042
167 68 35.5084799374
168 69 33.94223471
169 70 32.6039515652
170 71 31.6814383689
171 72 30.3163817667
172 73 29.3649905846
173 74 28.5518172399
174 75 27.850092463
175 76 27.2863900741
176 77 27.0928822693
177 78 26.9285015567
178 79 27.5148212489
179 80 27.7791480549
180 81 27.6493305472
181 82 27.6536199684
182 83 28.7188517461
183 84 29.1170502137
184 85 28.6403943711
185 86 28.3512635188
186 87 28.0986277476
187 88 28.2017947627
188 89 29.2078495559
189 90 29.3091529293
190 91 30.3049023115
191 92 30.520103027
192 93 31.8201110118
193 94 31.8919043743
194 95 33.7109869807
195 96 34.1356828882
196 97 35.1261505325
197 98 36.5920383101
198 99 35.7094058707
199 100 35.1147164222
200 101 35.4307078353
201 102 34.3307391611
202 103 35.286489042
203 104 34.2610878559
204 105 34.6228660216
205 106 35.5917609563
206 107 35.1131218743
207 108 34.1734086728
208 109 34.7237953678
209 110 33.5255204968
210 111 34.0384981042
211 112 34.9032854673
212 113 35.0610657237
213 114 35.5440076743
214 115 34.177677475
215 116 32.9428918959
216 117 31.6420894105
217 118 31.3544981056
218 119 32.5197984586
219 120 32.1709539951
220 121 30.6090063898
221 122 30.4326302819
222 123 31.8077819303
223 124 31.4402165551
224 125 30.1523391855
225 126 30.3578121538
226 127 29.9676279131
227 128 29.0574444582
228 129 29.6204204286
229 130 29.8265280198
230 131 29.1344687804
231 132 29.9318720806
232 133 31.4643973155
233 134 32.1553476869
234 135 33.6475579849
235 136 34.2843849851
236 137 33.2880209919
237 138 32.05948453
238 139 30.7650493998
239 140 29.403772977
240 141 28.3911294023
241 142 28.5473994139
242 143 27.7815862592
243 144 27.3054258055
244 145 27.8066944693
245 146 28.6482671866
246 147 29.3508169472
247 148 31.0331820693
248 149 32.2590116205
249 150 33.10163276
250 151 34.7147121395
251 152 35.0184204653
252 153 35.8613684309
253 154 37.576717003
254 155 38.6731461633
255 156 39.7834553592
256 157 38.0338810592
257 158 36.6614938247
258 159 36.1192336859
259 160 36.6592960584
260 161 36.0282344589
261 162 34.5044470351
262 163 33.8766175485
263 164 32.7020812525
264 165 31.9071745487
265 166 32.0539512216
266 167 31.7584418929
267 168 33.3126388766
268 169 33.5076572209
269 170 34.2628073793
270 171 33.4516428862
271 172 34.5660808552
272 173 34.0686957274
273 174 35.3080986327
274 175 35.6282637896
275 176 35.2842384707
276 177 29.7126976158
277 177 29.7126976158
278 177 29.7126976158
279 178 25.7073122992
280 179 25.5460035886
281 180 24.9433986946
282 181 25.088564722
283 182 24.7296570231
284 183 24.7471165425
285 184 24.974478039
286 185 25.2269911054
287 186 25.4081218589
288 187 24.5061112689
289 188 24.078145565
290 189 24.2744816247
291 190 23.8909727554
292 191 23.395191552
293 192 22.9715437898
294 193 22.7259701731
295 194 22.5451340299
296 195 22.6177478146
297 196 22.6373459424
298 197 23.1277632783
299 198 23.3142297208
300 199 23.7340818219
301 200 23.4228106211
302 201 22.9248020092
303 202 23.3953758428
304 203 23.9503718092
305 204 23.8121616244
306 205 23.1345520073
307 206 23.3495714524
308 207 24.1439149555
309 208 24.6488745056
310 209 24.1195942062
311 210 24.5499653533
312 211 25.5563161502
313 212 26.0649977552
314 213 26.2078892528
315 214 26.6931804728
316 215 27.8667456745
317 216 28.570348703
318 217 28.6433685229
319 218 29.4353636183
320 219 28.8290847063
321 220 29.0755386197
322 221 27.5382179152
323 222 27.3870469339
324 223 26.4704830137
325 224 26.4375533802
326 225 25.9694560997
327 226 25.9959552943
328 227 25.7983304012
329 228 25.7747507076
330 229 26.0972346912
331 230 26.9887922824
332 231 23.4686928569
333 231 23.4686928569
334 231 23.4686928569
335 231 23.4686928569
336 231 23.4686928569
337 231 23.4686928569
338 231 23.4686928569
339 231 23.4686928569
340 231 23.4686928569
341 231 23.4686928569
342 231 23.4686928569
343 231 23.4686928569
344 232 28.7051399761
345 233 29.2637268485
346 234 28.6506623287
347 235 28.7927913573
348 236 28.1731872129
349 237 28.5750871686
350 238 28.5343787903
351 239 28.9352262096
352 240 29.0555775689
353 241 28.2394392938
354 242 27.6398828553
355 243 27.8279998317
356 244 27.5756235414
357 245 26.8715376372
358 246 27.2566188062
359 247 27.2296589127
360 248 27.3518985136
361 249 27.5656944447
362 250 27.8887075491
363 251 27.6015539687
364 252 28.4557726844
365 253 28.6343369977
366 254 27.8283375767
367 255 28.8800715057
368 256 29.1029970376
369 257 29.2759383472
370 258 27.663051978
371 259 26.872509133
372 260 27.868186085
373 261 27.538505285
374 262 25.9492315713
375 263 25.998989721
376 264 26.921790942
377 265 33.0912259221
378 265 33.0912259221
379 265 33.0912259221
380 265 33.0912259221
381 265 33.0912259221
382 265 33.0912259221
383 265 33.0912259221
384 265 33.0912259221
385 265 33.0912259221
386 265 33.0912259221
387 265 33.0912259221
388 265 33.0912259221
389 265 33.0912259221
390 265 33.0912259221
391 265 33.0912259221
392 265 33.0912259221
393 265 33.0912259221
394 265 33.0912259221
395 265 33.0912259221
396 265 33.0912259221
397 265 33.0912259221
398 265 33.0912259221
399 265 33.0912259221
400 266 27.7792010593
401 267 27.0368795236
402 268 26.5793238502
403 269 25.8998552124
404 270 26.6354854099
405 271 26.6774285245
406 272 25.8814019944
407 273 26.0798128884
408 274 25.9013581977
409 275 25.4838449449
410 276 26.0347124767
411 277 26.469334411
412 278 26.0485944139
413 279 26.1734655067
414 280 26.9226339829
415 281 26.862959158
416 282 26.3129554475
417 283 26.8064322748
418 284 27.4538726626
419 285 27.2262545447
420 286 26.9564821126
421 287 27.7181327624
422 288 28.3616777709
423 289 28.3102535395
424 290 28.0712367273
425 291 29.0913804776
426 292 30.0829291491
427 293 29.3774463959
428 294 29.1962057872
429 295 28.1598795785
430 296 28.7431761915
431 297 28.5049475263
432 298 27.1125944625
433 299 26.5784848672
434 300 26.1172091368
435 301 25.3311923151
436 302 25.1905624906
437 303 24.548135598
438 304 24.689140457
439 305 24.187355696
440 306 24.3426525312
441 307 24.0608097505
442 308 24.1390443383
443 309 24.1586147556
444 310 24.8551742587
445 311 25.4931085643
446 312 25.72693602
447 313 26.543379445
448 314 26.4106956136
449 315 26.4545144361
450 316 25.9433527715
451 317 26.5163230178
452 318 27.0367055638
453 319 26.5868306734
454 320 26.818428177
455 321 27.8872126302
456 322 27.531599375
457 323 26.7942339556
458 324 27.4219159099
459 325 27.7339956277
460 326 26.7090930588
461 327 26.605675618
462 328 27.3952827932
463 329 27.1096450367
464 330 26.4263700787
465 331 25.9548474653
466 332 25.2076046749
467 333 24.948034305
468 334 24.3976384238
469 335 24.028675872
470 336 23.9958257872
471 337 23.5065956257
472 338 23.3027219583
473 339 22.8209090869
474 340 30.8996916656
475 340 30.8996916656
476 340 30.8996916656
477 340 30.8996916656
478 340 30.8996916656
479 340 30.8996916656
480 340 30.8996916656
481 340 30.8996916656
482 340 30.8996916656
483 340 30.8996916656
484 340 30.8996916656
485 340 30.8996916656
486 340 30.8996916656
487 340 30.8996916656
488 340 30.8996916656
489 340 30.8996916656
490 340 30.8996916656
491 340 30.8996916656
492 340 30.8996916656
493 340 30.8996916656
494 340 30.8996916656
495 340 30.8996916656
496 340 30.8996916656
497 340 30.8996916656
498 340 30.8996916656
499 340 30.8996916656
500 340 30.8996916656
501 340 30.8996916656
502 340 30.8996916656
503 340 30.8996916656
504 340 30.8996916656
505 340 30.8996916656
506 340 30.8996916656
507 340 30.8996916656
508 340 30.8996916656
509 340 30.8996916656
510 340 30.8996916656
511 340 30.8996916656
512 340 30.8996916656
513 340 30.8996916656
514 340 30.8996916656
515 340 30.8996916656
516 340 30.8996916656
517 340 30.8996916656
518 340 30.8996916656
519 340 30.8996916656
520 340 30.8996916656
521 340 30.8996916656
522 340 30.8996916656
523 340 30.8996916656
524 340 30.8996916656
525 340 30.8996916656
526 340 30.8996916656
527 341 18.7938292325
528 341 18.7938292325
529 341 18.7938292325
530 341 18.7938292325
531 341 18.7938292325
532 341 18.7938292325
533 341 18.7938292325
534 341 18.7938292325
535 341 18.7938292325
536 341 18.7938292325
537 341 18.7938292325
538 341 18.7938292325
539 341 18.7938292325
540 341 18.7938292325
541 341 18.7938292325
542 341 18.7938292325
543 341 18.7938292325
544 341 18.7938292325
545 341 18.7938292325
546 341 18.7938292325
547 341 18.7938292325
548 341 18.7938292325
549 341 18.7938292325
550 341 18.7938292325
551 341 18.7938292325
552 341 18.7938292325
553 341 18.7938292325
554 341 18.7938292325
555 341 18.7938292325
556 341 18.7938292325
557 341 18.7938292325
558 341 18.7938292325
559 341 18.7938292325
560 341 18.7938292325
561 341 18.7938292325
562 341 18.7938292325
563 341 18.7938292325
564 341 18.7938292325
565 341 18.7938292325
566 341 18.7938292325
567 341 18.7938292325
568 341 18.7938292325
569 341 18.7938292325
570 341 18.7938292325
571 341 18.7938292325
572 341 18.7938292325
573 341 18.7938292325
574 341 18.7938292325
575 341 18.7938292325
576 341 18.7938292325
577 341 18.7938292325
578 341 18.7938292325
579 341 18.7938292325
580 341 18.7938292325
581 341 18.7938292325
582 341 18.7938292325
583 341 18.7938292325
584 341 18.7938292325
585 341 18.7938292325
586 341 18.7938292325
587 341 18.7938292325
588 341 18.7938292325
589 341 18.7938292325
590 341 18.7938292325
591 341 18.7938292325
592 341 18.7938292325
593 341 18.7938292325
594 341 18.7938292325
595 341 18.7938292325
596 341 18.7938292325
597 341 18.7938292325
598 341 18.7938292325
599 341 18.7938292325
600 341 18.7938292325
601 341 18.7938292325
602 341 18.7938292325
603 341 18.7938292325
604 341 18.7938292325
605 341 18.7938292325
606 341 18.7938292325
607 341 18.7938292325
608 341 18.7938292325
609 341 18.7938292325
610 342 29.1238239236
611 342 29.1238239236
612 342 29.1238239236
613 342 29.1238239236
614 342 29.1238239236
615 342 29.1238239236
616 342 29.1238239236
617 342 29.1238239236
618 342 29.1238239236
619 342 29.1238239236
620 342 29.1238239236
621 342 29.1238239236
622 342 29.1238239236
623 342 29.1238239236
624 342 29.1238239236
625 342 29.1238239236
626 342 29.1238239236
627 342 29.1238239236
628 342 29.1238239236
629 342 29.1238239236
630 342 29.1238239236
631 342 29.1238239236
632 342 29.1238239236
633 342 29.1238239236
634 342 29.1238239236
635 342 29.1238239236
636 342 29.1238239236
637 342 29.1238239236
638 342 29.1238239236
639 342 29.1238239236
640 342 29.1238239236
641 342 29.1238239236
642 342 29.1238239236
643 342 29.1238239236
644 342 29.1238239236
645 342 29.1238239236
646 342 29.1238239236
647 342 29.1238239236
648 342 29.1238239236
649 342 29.1238239236
650 342 29.1238239236
651 342 29.1238239236
652 342 29.1238239236
653 342 29.1238239236
654 342 29.1238239236
655 342 29.1238239236
656 342 29.1238239236
657 342 29.1238239236
658 342 29.1238239236
659 342 29.1238239236
660 342 29.1238239236
661 342 29.1238239236
662 342 29.1238239236
663 342 29.1238239236
664 342 29.1238239236
665 342 29.1238239236
666 342 29.1238239236
667 342 29.1238239236
668 342 29.1238239236
669 342 29.1238239236
670 342 29.1238239236
671 342 29.1238239236
672 342 29.1238239236
673 342 29.1238239236
674 342 29.1238239236
675 342 29.1238239236
676 342 29.1238239236
677 342 29.1238239236
678 342 29.1238239236
679 342 29.1238239236
680 342 29.1238239236
681 342 29.1238239236
682 342 29.1238239236
683 342 29.1238239236
684 342 29.1238239236
685 342 29.1238239236
686 342 29.1238239236
687 342 29.1238239236
688 342 29.1238239236
689 342 29.1238239236
690 342 29.1238239236
691 342 29.1238239236
692 342 29.1238239236
693 343 31.1650205387
694 343 31.1650205387
695 343 31.1650205387
696 343 31.1650205387
697 343 31.1650205387
698 343 31.1650205387
699 343 31.1650205387
700 343 31.1650205387
701 343 31.1650205387
702 343 31.1650205387
703 343 31.1650205387
704 343 31.1650205387
705 343 31.1650205387
706 343 31.1650205387
707 343 31.1650205387
708 343 31.1650205387
709 343 31.1650205387
710 343 31.1650205387
711 343 31.1650205387
712 343 31.1650205387
713 343 31.1650205387
714 343 31.1650205387
715 343 31.1650205387
716 343 31.1650205387
717 343 31.1650205387
718 343 31.1650205387
719 343 31.1650205387
720 343 31.1650205387
721 343 31.1650205387
722 343 31.1650205387
723 343 31.1650205387
724 343 31.1650205387
725 343 31.1650205387
726 343 31.1650205387
727 343 31.1650205387
728 343 31.1650205387
729 343 31.1650205387
730 343 31.1650205387
731 343 31.1650205387
732 343 31.1650205387
733 343 31.1650205387
734 343 31.1650205387
735 343 31.1650205387
736 343 31.1650205387
737 343 31.1650205387
738 343 31.1650205387
739 343 31.1650205387
740 343 31.1650205387
741 343 31.1650205387
742 343 31.1650205387
743 343 31.1650205387
744 343 31.1650205387
745 343 31.1650205387
746 343 31.1650205387
747 343 31.1650205387
748 343 31.1650205387
749 343 31.1650205387
750 343 31.1650205387
751 343 31.1650205387
752 343 31.1650205387
753 343 31.1650205387
754 343 31.1650205387
755 343 31.1650205387
756 343 31.1650205387
757 343 31.1650205387
758 343 31.1650205387
759 343 31.1650205387
760 343 31.1650205387
761 343 31.1650205387
762 343 31.1650205387
763 343 31.1650205387
764 343 31.1650205387
765 343 31.1650205387
766 343 31.1650205387
767 343 31.1650205387
768 343 31.1650205387
769 343 31.1650205387
770 343 31.1650205387
771 343 31.1650205387
772 343 31.1650205387
773 343 31.1650205387
774 343 31.1650205387
775 343 31.1650205387
776 344 19.7071074138
777 344 19.7071074138
778 344 19.7071074138
779 344 19.7071074138
780 344 19.7071074138
781 344 19.7071074138
782 344 19.7071074138
783 344 19.7071074138
784 344 19.7071074138
785 344 19.7071074138
786 344 19.7071074138
787 344 19.7071074138
788 344 19.7071074138
789 344 19.7071074138
790 344 19.7071074138
791 344 19.7071074138
792 344 19.7071074138
793 344 19.7071074138
794 344 19.7071074138
795 344 19.7071074138
796 344 19.7071074138
797 344 19.7071074138
798 344 19.7071074138
799 344 19.7071074138
800 344 19.7071074138
801 344 19.7071074138
802 344 19.7071074138
803 344 19.7071074138
804 344 19.7071074138
805 344 19.7071074138
806 344 19.7071074138
807 344 19.7071074138
808 344 19.7071074138
809 344 19.7071074138
810 344 19.7071074138
811 344 19.7071074138
812 344 19.7071074138
813 344 19.7071074138
814 344 19.7071074138
815 344 19.7071074138
816 344 19.7071074138
817 344 19.7071074138
818 344 19.7071074138
819 344 19.7071074138
820 344 19.7071074138
821 344 19.7071074138
822 344 19.7071074138
823 344 19.7071074138
824 344 19.7071074138
825 344 19.7071074138
826 344 19.7071074138
827 344 19.7071074138
828 344 19.7071074138
829 344 19.7071074138
830 344 19.7071074138
831 344 19.7071074138
832 344 19.7071074138
833 344 19.7071074138
834 344 19.7071074138
835 344 19.7071074138
836 344 19.7071074138
837 344 19.7071074138
838 344 19.7071074138
839 344 19.7071074138
840 344 19.7071074138
841 344 19.7071074138
842 344 19.7071074138
843 344 19.7071074138
844 344 19.7071074138
845 344 19.7071074138
846 344 19.7071074138
847 344 19.7071074138
848 344 19.7071074138
849 344 19.7071074138
850 344 19.7071074138
851 344 19.7071074138
852 344 19.7071074138
853 344 19.7071074138
854 344 19.7071074138
855 344 19.7071074138
856 344 19.7071074138
857 344 19.7071074138
858 344 19.7071074138
859 345 24.8312302798
860 346 20.5159008052
861 346 20.5159008052
862 346 20.5159008052
863 346 20.5159008052
864 346 20.5159008052
865 346 20.5159008052
866 346 20.5159008052
867 346 20.5159008052
868 346 20.5159008052
869 346 20.5159008052
870 346 20.5159008052
871 346 20.5159008052
872 346 20.5159008052
873 346 20.5159008052
874 346 20.5159008052
875 346 20.5159008052
876 346 20.5159008052
877 346 20.5159008052
878 346 20.5159008052
879 346 20.5159008052
880 346 20.5159008052
881 346 20.5159008052
882 346 20.5159008052
883 346 20.5159008052
884 346 20.5159008052
885 346 20.5159008052
886 346 20.5159008052
887 346 20.5159008052
888 346 20.5159008052
889 346 20.5159008052
890 346 20.5159008052
891 346 20.5159008052
892 346 20.5159008052
893 346 20.5159008052
894 346 20.5159008052
895 346 20.5159008052
896 346 20.5159008052
897 346 20.5159008052
898 346 20.5159008052
899 346 20.5159008052
900 346 20.5159008052
901 346 20.5159008052
902 346 20.5159008052
903 346 20.5159008052
904 346 20.5159008052
905 346 20.5159008052
906 346 20.5159008052
907 346 20.5159008052
908 346 20.5159008052
909 346 20.5159008052
910 346 20.5159008052
911 346 20.5159008052
912 346 20.5159008052
913 346 20.5159008052
914 346 20.5159008052
915 346 20.5159008052
916 346 20.5159008052
917 346 20.5159008052
918 346 20.5159008052
919 346 20.5159008052
920 346 20.5159008052
921 346 20.5159008052
922 346 20.5159008052
923 346 20.5159008052
924 346 20.5159008052
925 346 20.5159008052
926 346 20.5159008052
927 346 20.5159008052
928 346 20.5159008052
929 346 20.5159008052
930 346 20.5159008052
931 346 20.5159008052
932 346 20.5159008052
933 346 20.5159008052
934 346 20.5159008052
935 346 20.5159008052
936 346 20.5159008052
937 346 20.5159008052
938 346 20.5159008052
939 346 20.5159008052
940 346 20.5159008052
941 346 20.5159008052
942 346 20.5159008052
943 346 20.5159008052
944 346 20.5159008052
945 346 20.5159008052
946 346 20.5159008052
947 346 20.5159008052
948 346 20.5159008052
949 347 14.7061130468
950 347 14.7061130468
951 347 14.7061130468
952 347 14.7061130468
953 347 14.7061130468
954 347 14.7061130468
955 347 14.7061130468
956 347 14.7061130468
957 347 14.7061130468
958 347 14.7061130468
959 347 14.7061130468
960 347 14.7061130468
961 347 14.7061130468
962 347 14.7061130468
963 347 14.7061130468
964 347 14.7061130468
965 347 14.7061130468
966 347 14.7061130468
967 347 14.7061130468
968 347 14.7061130468
969 347 14.7061130468
970 347 14.7061130468
971 347 14.7061130468
972 347 14.7061130468
973 347 14.7061130468
974 347 14.7061130468
975 347 14.7061130468
976 347 14.7061130468
977 347 14.7061130468
978 347 14.7061130468
979 347 14.7061130468
980 347 14.7061130468
981 347 14.7061130468
982 347 14.7061130468
983 347 14.7061130468
984 347 14.7061130468
985 347 14.7061130468
986 347 14.7061130468
987 347 14.7061130468
988 347 14.7061130468
989 347 14.7061130468
990 347 14.7061130468
991 347 14.7061130468
992 347 14.7061130468
993 347 14.7061130468
994 347 14.7061130468
995 347 14.7061130468
996 347 14.7061130468
997 347 14.7061130468
998 347 14.7061130468
999 347 14.7061130468
1000 347 14.7061130468
1001 347 14.7061130468
1002 347 14.7061130468
1003 347 14.7061130468
1004 347 14.7061130468
1005 347 14.7061130468
1006 347 14.7061130468
1007 347 14.7061130468
1008 347 14.7061130468
1009 347 14.7061130468
1010 347 14.7061130468
1011 347 14.7061130468
1012 347 14.7061130468
1013 347 14.7061130468
1014 347 14.7061130468
1015 347 14.7061130468
1016 347 14.7061130468
1017 347 14.7061130468
1018 347 14.7061130468
1019 347 14.7061130468
1020 347 14.7061130468
1021 347 14.7061130468
1022 347 14.7061130468
1023 347 14.7061130468
1024 347 14.7061130468
1025 347 14.7061130468
1026 347 14.7061130468
1027 347 14.7061130468
1028 347 14.7061130468
1029 347 14.7061130468
1030 347 14.7061130468
1031 347 14.7061130468
1032 347 14.7061130468
1033 347 14.7061130468
1034 347 14.7061130468
1035 347 14.7061130468
1036 347 14.7061130468
1037 347 14.7061130468
1038 348 20.7095591948
1039 348 20.7095591948
1040 348 20.7095591948
1041 348 20.7095591948
1042 348 20.7095591948
1043 348 20.7095591948
1044 348 20.7095591948
1045 348 20.7095591948
1046 348 20.7095591948
1047 348 20.7095591948
1048 348 20.7095591948
1049 348 20.7095591948
1050 348 20.7095591948
1051 348 20.7095591948
1052 348 20.7095591948
1053 348 20.7095591948
1054 348 20.7095591948
1055 348 20.7095591948
1056 348 20.7095591948
1057 348 20.7095591948
1058 348 20.7095591948
1059 348 20.7095591948
1060 348 20.7095591948
1061 348 20.7095591948
1062 348 20.7095591948
1063 348 20.7095591948
1064 348 20.7095591948
1065 348 20.7095591948
1066 348 20.7095591948
1067 348 20.7095591948
1068 348 20.7095591948
1069 348 20.7095591948
1070 348 20.7095591948
1071 348 20.7095591948
1072 348 20.7095591948
1073 348 20.7095591948
1074 348 20.7095591948
1075 348 20.7095591948
1076 348 20.7095591948
1077 348 20.7095591948
1078 348 20.7095591948
1079 348 20.7095591948
1080 348 20.7095591948
1081 348 20.7095591948
1082 348 20.7095591948
1083 348 20.7095591948
1084 348 20.7095591948
1085 348 20.7095591948
1086 348 20.7095591948
1087 348 20.7095591948
1088 348 20.7095591948
1089 348 20.7095591948
1090 348 20.7095591948
1091 348 20.7095591948
1092 348 20.7095591948
1093 348 20.7095591948
1094 348 20.7095591948
1095 348 20.7095591948
1096 348 20.7095591948
1097 348 20.7095591948
1098 348 20.7095591948
1099 348 20.7095591948
1100 348 20.7095591948
1101 348 20.7095591948
1102 348 20.7095591948
1103 348 20.7095591948
1104 348 20.7095591948
1105 348 20.7095591948
1106 348 20.7095591948
1107 348 20.7095591948
1108 348 20.7095591948
1109 348 20.7095591948
1110 348 20.7095591948
1111 348 20.7095591948
1112 348 20.7095591948
1113 348 20.7095591948
1114 348 20.7095591948
1115 348 20.7095591948
1116 348 20.7095591948
1117 348 20.7095591948
1118 348 20.7095591948
1119 348 20.7095591948
1120 348 20.7095591948
1121 348 20.7095591948
1122 348 20.7095591948
1123 348 20.7095591948
1124 348 20.7095591948
1125 348 20.7095591948
1126 348 20.7095591948
1127 349 43.1882083088
1128 349 43.1882083088
1129 349 43.1882083088
1130 349 43.1882083088
1131 349 43.1882083088
1132 349 43.1882083088
1133 349 43.1882083088
1134 349 43.1882083088
1135 349 43.1882083088
1136 349 43.1882083088
1137 349 43.1882083088
1138 349 43.1882083088
1139 349 43.1882083088
1140 349 43.1882083088
1141 349 43.1882083088
1142 349 43.1882083088
1143 349 43.1882083088
1144 349 43.1882083088
1145 349 43.1882083088
1146 349 43.1882083088
1147 349 43.1882083088
1148 349 43.1882083088
1149 349 43.1882083088
1150 349 43.1882083088
1151 349 43.1882083088
1152 349 43.1882083088
1153 349 43.1882083088
1154 349 43.1882083088
1155 349 43.1882083088
1156 349 43.1882083088
1157 349 43.1882083088
1158 349 43.1882083088
1159 349 43.1882083088
1160 349 43.1882083088
1161 349 43.1882083088
1162 349 43.1882083088
1163 349 43.1882083088
1164 349 43.1882083088
1165 349 43.1882083088
1166 349 43.1882083088
1167 349 43.1882083088
1168 349 43.1882083088
1169 349 43.1882083088
1170 349 43.1882083088
1171 349 43.1882083088
1172 349 43.1882083088
1173 349 43.1882083088
1174 349 43.1882083088
1175 349 43.1882083088
1176 349 43.1882083088
1177 349 43.1882083088
1178 350 55.1117125557
1179 351 55.0821569358
1180 352 56.2777375808
1181 353 55.4581518247
1182 354 57.1437910941
1183 355 57.3474301914
1184 356 59.3377888911
1185 357 59.3081511137
1186 358 58.580210501
1187 359 59.5377086996
1188 360 61.7538025022
1189 361 62.0249452992
1190 362 60.024136848
1191 363 60.8765298836
1192 364 62.888205755
1193 365 61.6665474224
1194 366 60.2851206783
1195 367 62.1851654841
1196 368 63.1268954738
1197 369 61.266621423
1198 370 61.7971176001
1199 371 59.6758498391
1200 372 59.9126862422
1201 373 61.5053982548
1202 374 63.7595992578
1203 375 64.1191088989
1204 376 66.0361525659
1205 377 67.3907134734
1206 378 68.94194099
1207 379 69.6143392827
1208 380 71.5290812536
1209 381 73.1740909349
1210 382 75.5622947767
1211 383 75.5717798824
1212 384 75.3902161847
1213 385 73.5615092336
1214 386 72.758165139
1215 387 71.2647646037
1216 388 70.0965035444
1217 389 70.0838581753
1218 390 68.4332446982
1219 391 69.2805896492
1220 392 67.9362655338
1221 393 68.3327919399
1222 394 66.8765970695
1223 395 65.2751035907
1224 396 64.8076528276
1225 397 64.4752582278
1226 398 62.7473045139
1227 399 61.4914158433
1228 400 61.3569564468
1229 401 60.8556940488
1230 402 59.2114350984
1231 403 58.0835236623
1232 404 58.6787775468
1233 405 58.4626144333
1234 406 60.7991652618
1235 407 61.2048333718
1236 408 63.2572855413
1237 409 65.2961671598
1238 410 66.0493064457
1239 411 63.8707455908
1240 412 63.8363451539
1241 413 66.2867121401
1242 414 65.7925678872
1243 415 63.9687144412
1244 416 65.3647392421
1245 417 67.330206687
1246 418 65.9050885937
1247 419 65.0550964016
1248 420 67.4329327122
1249 421 68.2300458241
1250 422 66.4623592328
1251 423 67.6038147419
1252 424 65.9917236151
1253 425 67.9110103196
1254 426 70.3565152182
1255 427 72.3509206076
1256 428 74.8667150323
1257 429 75.8074949503
1258 430 76.2202994319
1259 431 74.0166616106
1260 432 71.9377376409
1261 433 72.6137266073
1262 434 70.8438092554
1263 435 72.4230154271
1264 436 70.7445458164
1265 437 72.8294170007
1266 438 74.0840565281
1267 439 72.7581401805
1268 440 72.5416113323
1269 441 71.1784965384
1270 442 69.5924168598
1271 443 67.6309888686
1272 444 68.3079308187
1273 445 67.7356432374
1274 446 82.3202087948
1275 446 82.3202087948
1276 446 82.3202087948
1277 446 82.3202087948
1278 446 82.3202087948
1279 446 82.3202087948
1280 446 82.3202087948
1281 446 82.3202087948
1282 446 82.3202087948
1283 446 82.3202087948
1284 446 82.3202087948
1285 446 82.3202087948
1286 446 82.3202087948
1287 446 82.3202087948
1288 446 82.3202087948
1289 446 82.3202087948
1290 446 82.3202087948
1291 446 82.3202087948
1292 446 82.3202087948
1293 446 82.3202087948
1294 446 82.3202087948
1295 446 82.3202087948
1296 446 82.3202087948
1297 446 82.3202087948
1298 446 82.3202087948
1299 446 82.3202087948
1300 446 82.3202087948
1301 446 82.3202087948
1302 446 82.3202087948
1303 446 82.3202087948
1304 446 82.3202087948
1305 446 82.3202087948
1306 446 82.3202087948
1307 446 82.3202087948
1308 446 82.3202087948
1309 446 82.3202087948
1310 446 82.3202087948
1311 446 82.3202087948
1312 446 82.3202087948
1313 446 82.3202087948
1314 446 82.3202087948
1315 446 82.3202087948
1316 446 82.3202087948
1317 446 82.3202087948
1318 446 82.3202087948
1319 446 82.3202087948
1320 446 82.3202087948
1321 446 82.3202087948
1322 446 82.3202087948
1323 446 82.3202087948
1324 446 82.3202087948
1325 446 82.3202087948
1326 446 82.3202087948
1327 446 82.3202087948
1328 446 82.3202087948
1329 446 82.3202087948
1330 446 82.3202087948
1331 446 82.3202087948
1332 446 82.3202087948
1333 446 82.3202087948
1334 446 82.3202087948
1335 446 82.3202087948
1336 446 82.3202087948
1337 446 82.3202087948
1338 446 82.3202087948
1339 446 82.3202087948
1340 446 82.3202087948
1341 447 99.200264865
1342 447 99.200264865
1343 447 99.200264865
1344 447 99.200264865
1345 447 99.200264865
1346 447 99.200264865
1347 447 99.200264865
1348 447 99.200264865
1349 447 99.200264865
1350 447 99.200264865
1351 447 99.200264865
1352 447 99.200264865
1353 447 99.200264865
1354 447 99.200264865
1355 447 99.200264865
1356 447 99.200264865
1357 447 99.200264865
1358 447 99.200264865
1359 447 99.200264865
1360 447 99.200264865
1361 447 99.200264865
1362 447 99.200264865
1363 447 99.200264865
1364 447 99.200264865
1365 447 99.200264865
1366 447 99.200264865
1367 447 99.200264865
1368 447 99.200264865
1369 447 99.200264865
1370 447 99.200264865
1371 447 99.200264865
1372 447 99.200264865
1373 447 99.200264865
1374 447 99.200264865
1375 447 99.200264865
1376 447 99.200264865
1377 447 99.200264865
1378 447 99.200264865
1379 447 99.200264865
1380 447 99.200264865
1381 447 99.200264865
1382 447 99.200264865
1383 447 99.200264865
1384 447 99.200264865
1385 447 99.200264865
1386 447 99.200264865
1387 447 99.200264865
1388 447 99.200264865
1389 447 99.200264865
1390 447 99.200264865
1391 447 99.200264865
1392 447 99.200264865
1393 447 99.200264865
1394 447 99.200264865
1395 447 99.200264865
1396 447 99.200264865
1397 447 99.200264865
1398 447 99.200264865
1399 447 99.200264865
1400 447 99.200264865
1401 447 99.200264865
1402 447 99.200264865
1403 447 99.200264865
1404 447 99.200264865
1405 447 99.200264865
1406 447 99.200264865
1407 447 99.200264865
1408 447 99.200264865
1409 447 99.200264865
1410 447 99.200264865
1411 447 99.200264865
1412 447 99.200264865
1413 447 99.200264865
1414 447 99.200264865
1415 447 99.200264865
1416 447 99.200264865
1417 447 99.200264865
1418 447 99.200264865
1419 447 99.200264865
1420 447 99.200264865
1421 447 99.200264865
1422 448 113.799196344
1423 448 113.799196344
1424 448 113.799196344
1425 448 113.799196344
1426 448 113.799196344
1427 448 113.799196344
1428 448 113.799196344
1429 448 113.799196344
1430 448 113.799196344
1431 448 113.799196344
1432 448 113.799196344
1433 448 113.799196344
1434 448 113.799196344
1435 448 113.799196344
1436 448 113.799196344
1437 448 113.799196344
1438 448 113.799196344
1439 448 113.799196344
1440 448 113.799196344
1441 448 113.799196344
1442 448 113.799196344
1443 448 113.799196344
1444 448 113.799196344
1445 448 113.799196344
1446 448 113.799196344
1447 448 113.799196344
1448 448 113.799196344
1449 448 113.799196344
1450 448 113.799196344
1451 448 113.799196344
1452 448 113.799196344
1453 448 113.799196344
1454 448 113.799196344
1455 448 113.799196344
1456 448 113.799196344
1457 448 113.799196344
1458 448 113.799196344
1459 448 113.799196344
1460 448 113.799196344
1461 448 113.799196344
1462 448 113.799196344
1463 448 113.799196344
1464 448 113.799196344
1465 448 113.799196344
1466 448 113.799196344
1467 448 113.799196344
1468 448 113.799196344
1469 448 113.799196344
1470 448 113.799196344
1471 448 113.799196344
1472 448 113.799196344
1473 448 113.799196344
1474 448 113.799196344
1475 448 113.799196344
1476 448 113.799196344
1477 448 113.799196344
1478 448 113.799196344
1479 448 113.799196344
1480 448 113.799196344
1481 448 113.799196344
1482 448 113.799196344
1483 448 113.799196344
1484 448 113.799196344
1485 448 113.799196344
1486 448 113.799196344
1487 448 113.799196344
1488 448 113.799196344
1489 448 113.799196344
1490 448 113.799196344
1491 448 113.799196344
1492 448 113.799196344
1493 448 113.799196344
1494 448 113.799196344
1495 448 113.799196344
1496 448 113.799196344
1497 448 113.799196344
1498 448 113.799196344
1499 448 113.799196344
1500 448 113.799196344
1501 448 113.799196344
1502 448 113.799196344
1503 449 117.238788958
1504 449 117.238788958
1505 449 117.238788958
1506 449 117.238788958
1507 449 117.238788958
1508 449 117.238788958
1509 449 117.238788958
1510 449 117.238788958
1511 449 117.238788958
1512 449 117.238788958
1513 449 117.238788958
1514 449 117.238788958
1515 449 117.238788958
1516 449 117.238788958
1517 449 117.238788958
1518 449 117.238788958
1519 449 117.238788958
1520 449 117.238788958
1521 449 117.238788958
1522 449 117.238788958
1523 449 117.238788958
1524 449 117.238788958
1525 449 117.238788958
1526 449 117.238788958
1527 449 117.238788958
1528 449 117.238788958
1529 449 117.238788958
1530 449 117.238788958
1531 449 117.238788958
1532 449 117.238788958
1533 449 117.238788958
1534 449 117.238788958
1535 449 117.238788958
1536 449 117.238788958
1537 449 117.238788958
1538 449 117.238788958
1539 449 117.238788958
1540 449 117.238788958
1541 449 117.238788958
1542 449 117.238788958
1543 449 117.238788958
1544 449 117.238788958
1545 449 117.238788958
1546 449 117.238788958
1547 449 117.238788958
1548 449 117.238788958
1549 449 117.238788958
1550 449 117.238788958
1551 449 117.238788958
1552 449 117.238788958
1553 449 117.238788958
1554 449 117.238788958
1555 449 117.238788958
1556 449 117.238788958
1557 449 117.238788958
1558 449 117.238788958
1559 449 117.238788958
1560 449 117.238788958
1561 449 117.238788958
1562 449 117.238788958
1563 449 117.238788958
1564 449 117.238788958
1565 449 117.238788958
1566 449 117.238788958
1567 449 117.238788958
1568 449 117.238788958
1569 449 117.238788958
1570 449 117.238788958
1571 449 117.238788958
1572 449 117.238788958
1573 449 117.238788958
1574 449 117.238788958
1575 449 117.238788958
1576 449 117.238788958
1577 449 117.238788958
1578 449 117.238788958
1579 449 117.238788958
1580 449 117.238788958
1581 449 117.238788958
1582 449 117.238788958
1583 449 117.238788958
1584 450 106.062631429
