1 0 2.73626246439
2 0 2.73626246439
3 0 2.73626246439
4 0 2.73626246439
5 0 2.73626246439
6 0 2.73626246439
7 0 2.73626246439
8 0 2.73626246439
9 0 2.73626246439
10 0 2.73626246439
11 0 2.73626246439
12 0 2.73626246439
13 0 2.73626246439
14 0 2.73626246439
15 0 2.73626246439
16 0 2.73626246439
17 0 2.73626246439
18 0 2.73626246439
19 0 2.73626246439
20 0 2.73626246439
21 0 2.73626246439
22 0 2.73626246439
23 0 2.73626246439
24 0 2.73626246439
25 0 2.73626246439
26 0 2.73626246439
27 0 2.73626246439
28 0 2.73626246439
29 0 2.73626246439
30 0 2.73626246439
31 0 2.73626246439
32 0 2.73626246439
33 0 2.73626246439
34 0 2.73626246439
35 0 2.73626246439
36 0 2.73626246439
37 0 2.73626246439
38 0 2.73626246439
39 0 2.73626246439
40 0 2.73626246439
41 0 2.73626246439
42 0 2.73626246439
43 0 2.73626246439
44 0 2.73626246439
45 1 2.44994301658
46 2 2.18300375909
47 3 1.88069759465
48 4 1.68528704521
49 5 1.82782741759
50 6 1.65814374343
51 7 1.86910130336
52 8 1.74131800159
53 9 1.84175563102
54 10 1.98317210106
55 11 1.81454587501
56 12 1.89990667751
57 13 1.78219710642
58 14 1.72278196745
59 15 1.75110855829
60 16 1.7396653818
61 17 1.60304446273
62 18 1.85222499734
63 19 1.68525879045
64 20 1.45753969621
65 21 1.55114978835
66 22 1.51506701719
67 23 1.33841279503
68 24 1.44908759958
69 25 1.34782094696
70 26 1.43493378887
71 27 1.43669982568
72 28 1.54185155479
73 29 1.71216052174
74 30 1.57012492609
75 31 1.3666896635
76 32 1.25779611982
77 33 1.20156130545
78 34 1.15583616777
79 35 1.14783166795
80 36 1.1544899464
81 37 1.20264641772
82 38 1.39696528862
83 39 1.35831533041
84 40 1.13918550434
85 41 1.18404665831
86 42 1.06939975936
87 43 1.06687709932
88 44 7.14385493572
89 44 7.14385493572
90 44 7.14385493572
91 44 7.14385493572
92 44 7.14385493572
93 44 7.14385493572
94 44 7.14385493572
95 44 7.14385493572
96 44 7.14385493572
97 44 7.14385493572
98 44 7.14385493572
99 44 7.14385493572
100 44 7.14385493572
101 44 7.14385493572
102 44 7.14385493572
103 44 7.14385493572
104 44 7.14385493572
105 44 7.14385493572
106 44 7.14385493572
107 44 7.14385493572
108 44 7.14385493572
109 44 7.14385493572
110 44 7.14385493572
111 44 7.14385493572
112 44 7.14385493572
113 44 7.14385493572
114 44 7.14385493572
115 44 7.14385493572
116 44 7.14385493572
117 44 7.14385493572
118 44 7.14385493572
119 44 7.14385493572
120 44 7.14385493572
121 44 7.14385493572
122 44 7.14385493572
123 44 7.14385493572
124 45 1.07681285274
125 46 1.11615149139
126 47 1.12150580276
127 48 1.15282061163
128 49 1.1931179723
129 50 1.20611217731
130 51 1.27100031968
131 52 3.72482240699
132 52 3.72482240699
133 52 3.72482240699
134 52 3.72482240699
135 52 3.72482240699
136 52 3.72482240699
137 52 3.72482240699
138 52 3.72482240699
139 52 3.72482240699
140 52 3.72482240699
141 52 3.72482240699
142 52 3.72482240699
143 52 3.72482240699
144 52 3.72482240699
145 52 3.72482240699
146 52 3.72482240699
147 52 3.72482240699
148 52 3.72482240699
149 53 1.48949120344
150 54 1.50156655707
151 55 1.586179674
152 56 1.46689067043
153 57 1.70308739297
154 58 1.64805327534
155 59 1.4985950438
156 60 1.58880775833
157 61 1.50962222731
158 62 1.6138088473
159 63 1.64092096587
160 64 1.70927530881
161 65 1.52287869375
162 66 1.31680155018
163 67 1.26784196496
164 68 1.33001694626
165 69 1.30994768589
166 70 1.41259908686
167 71 1.43522292147
168 72 1.68179051122
169 73 1.86429315406
170 74 1.96408409398
171 75 1.70108397161
172 76 1.51782259796
173 77 1.34712684118
174 78 1.39041472111
175 79 1.30413440295
176 80 1.30737058782
177 81 1.22495424804
178 82 1.2176055521
179 83 1.18253822723
180 84 1.19291861048
181 85 1.1458609547
182 86 1.18667051516
183 87 1.22992591236
184 88 1.23414872595
185 89 1.25072921719
186 90 1.29214277253
187 91 1.33703746875
188 92 1.42255450319
189 93 1.4115275405
190 94 1.42719471559
191 95 1.36304054123
192 96 1.28199915186
193 97 1.27345176521
194 98 1.28047395671
195 99 1.27561503343
196 100 1.30895802869
197 101 1.34042729607
198 102 1.44632237368
199 103 1.54625788897
200 104 1.54957778269
201 105 1.67980947451
202 106 1.71045242335
203 107 1.69956167095
204 108 1.950072776
205 109 1.9659725594
206 110 1.85111517837
207 111 2.07742070633
208 112 2.03634780406
209 113 2.31653302467
210 114 2.46842723063
211 115 2.52093030472
212 116 2.38076388726
213 117 2.04926955939
214 118 2.0474331036
215 119 1.87158797147
216 120 1.8916770957
217 121 2.03385231584
218 122 1.93704829253
219 123 1.99150591992
220 124 2.29365473234
221 125 2.20984581757
222 126 2.2294283722
223 127 2.00046641161
224 128 2.05527357886
225 129 1.81678813509
226 130 1.93298801076
227 131 1.77923447832
228 132 1.96726839475
229 133 1.92544407847
230 134 1.85461727214
231 135 2.07650359668
232 136 2.22548595218
233 137 2.19624960831
234 138 2.48286794957
235 139 2.53009338251
236 140 2.83111754391
237 141 2.81668868244
238 142 2.82692832826
239 143 2.65274312703
240 144 2.41152158607
241 145 2.4283528809
242 146 2.44460992357
243 147 2.45040265689
244 148 2.46320980312
245 149 2.61429557539
246 150 2.73605579125
247 151 3.10242306738
248 152 3.07616264277
249 153 3.44424201969
250 154 3.3613143413
251 155 2.98424806506
252 156 3.10045480168
253 157 3.13623990795
254 158 2.91959767095
255 159 2.97895245548
256 160 2.79030738919
257 161 2.90884742517
258 162 2.8483278157
259 163 2.94257710127
260 164 3.1245477279
261 165 3.39102057037
262 166 3.4006387468
263 167 3.30007164958
264 168 3.2244080362
265 169 3.27917289139
266 170 3.10308817507
267 171 3.14440223558
268 172 2.89282641835
269 173 2.90961551707
270 174 3.04615571949
271 175 2.81536059606
272 176 3.05589754439
273 177 5.63468278342
274 177 5.63468278342
275 177 5.63468278342
276 177 5.63468278342
277 177 5.63468278342
278 177 5.63468278342
279 177 5.63468278342
280 177 5.63468278342
281 177 5.63468278342
282 177 5.63468278342
283 177 5.63468278342
284 177 5.63468278342
285 178 3.54739267139
286 179 3.62583015404
287 180 3.75259995927
288 181 3.62673188925
289 182 3.80893171721
290 183 3.90563976601
291 184 3.85170617699
292 185 4.08308395501
293 186 3.83372756208
294 187 3.79714033799
295 188 3.9015791489
296 189 4.1828788611
297 190 4.28874355779
298 191 4.14337578616
299 192 4.01181704216
300 193 3.7593527188
301 194 3.411683036
302 195 3.31914901258
303 196 3.30336405862
304 197 3.13983821285
305 198 2.87524429344
306 199 2.8212722903
307 200 2.98991535582
308 201 3.00777149054
309 202 3.2217408862
310 203 3.39438671491
311 204 3.29847289697
312 205 3.67067044623
313 206 3.95113987162
314 207 4.1369003877
315 208 3.85817062571
316 209 3.79213420447
317 210 3.58818615485
318 211 3.44591278962
319 212 3.39838168978
320 213 3.31161990024
321 214 3.33187591411
322 215 3.36935305404
323 216 3.73409370172
324 217 3.7180104704
325 218 3.85439320095
326 219 3.70516708778
327 220 3.88632004021
328 221 3.8996870436
329 222 4.0219323228
330 223 4.16093864193
331 224 4.06257678348
332 225 4.44600098847
333 226 4.70139387599
334 227 8.97360875274
335 227 8.97360875274
336 227 8.97360875274
337 227 8.97360875274
338 227 8.97360875274
339 227 8.97360875274
340 227 8.97360875274
341 227 8.97360875274
342 227 8.97360875274
343 227 8.97360875274
344 227 8.97360875274
345 227 8.97360875274
346 227 8.97360875274
347 227 8.97360875274
348 227 8.97360875274
349 227 8.97360875274
350 227 8.97360875274
351 227 8.97360875274
352 227 8.97360875274
353 227 8.97360875274
354 227 8.97360875274
355 227 8.97360875274
356 228 4.37642056984
357 229 4.56304002669
358 230 4.37092789725
359 231 4.43261364641
360 232 4.38331154099
361 233 4.2125421425
362 234 4.06209403437
363 235 4.13203350248
364 236 4.05950825711
365 237 3.75317802668
366 238 3.8130440746
367 239 3.55566379132
368 240 3.27284035455
369 241 3.19909589304
370 242 2.82814547774
371 243 2.86804219203
372 244 3.10549757124
373 245 3.00601585868
374 246 3.19840902555
375 247 3.03449335492
376 248 3.0209295303
377 249 3.15819817074
378 250 3.233646037
379 251 3.51853779977
380 252 3.49819603436
381 253 3.86691873071
382 254 3.98893482497
383 255 3.65476745346
384 256 3.37601940174
385 257 3.10728257492
386 258 3.13024481734
387 259 2.94994780572
388 260 3.10465999131
389 261 3.01145438646
390 262 3.29747522251
391 263 3.05224668574
392 264 3.23265722408
393 265 3.1401902747
394 266 3.46535245647
395 267 3.47724606558
396 268 3.55501178494
397 269 3.26738444657
398 270 2.89141393027
399 271 2.75260210941
400 272 2.72696542277
401 273 2.7394140836
402 274 2.57475328798
403 275 2.38309586033
404 276 2.27439302513
405 277 2.32912528624
406 278 2.20304407255
407 279 2.36364221055
408 280 2.24910707601
409 281 2.46496353837
410 282 2.548464728
411 283 2.37571605558
412 284 2.43387800107
413 285 2.25919725123
414 286 2.35456037845
415 287 2.13046373787
416 288 2.22849253464
417 289 2.07048016011
418 290 2.26235856596
419 291 2.29495417491
420 292 2.24844053425
421 293 2.00951053196
422 294 1.90974801916
423 295 1.97396641747
424 296 2.21669448878
425 297 2.38315889003
426 298 2.75733708088
427 299 4.20640820321
428 299 4.20640820321
429 299 4.20640820321
430 299 4.20640820321
431 299 4.20640820321
432 299 4.20640820321
433 299 4.20640820321
434 299 4.20640820321
435 299 4.20640820321
436 299 4.20640820321
437 299 4.20640820321
438 299 4.20640820321
439 299 4.20640820321
440 299 4.20640820321
441 299 4.20640820321
442 299 4.20640820321
443 299 4.20640820321
444 299 4.20640820321
445 299 4.20640820321
446 299 4.20640820321
447 299 4.20640820321
448 299 4.20640820321
449 299 4.20640820321
450 299 4.20640820321
451 299 4.20640820321
452 299 4.20640820321
453 299 4.20640820321
454 299 4.20640820321
455 299 4.20640820321
456 299 4.20640820321
457 299 4.20640820321
458 299 4.20640820321
459 299 4.20640820321
460 299 4.20640820321
461 299 4.20640820321
462 299 4.20640820321
463 299 4.20640820321
464 299 4.20640820321
465 299 4.20640820321
466 299 4.20640820321
467 299 4.20640820321
468 299 4.20640820321
469 299 4.20640820321
470 299 4.20640820321
471 299 4.20640820321
472 299 4.20640820321
473 299 4.20640820321
474 299 4.20640820321
475 299 4.20640820321
476 299 4.20640820321
477 299 4.20640820321
478 299 4.20640820321
479 299 4.20640820321
480 299 4.20640820321
481 299 4.20640820321
482 299 4.20640820321
483 299 4.20640820321
484 299 4.20640820321
485 299 4.20640820321
486 299 4.20640820321
487 299 4.20640820321
488 299 4.20640820321
489 299 4.20640820321
490 299 4.20640820321
491 300 2.22694138908
492 300 2.22694138908
493 300 2.22694138908
494 300 2.22694138908
495 300 2.22694138908
496 300 2.22694138908
497 300 2.22694138908
498 300 2.22694138908
499 300 2.22694138908
500 300 2.22694138908
501 300 2.22694138908
502 300 2.22694138908
503 300 2.22694138908
504 300 2.22694138908
505 300 2.22694138908
506 300 2.22694138908
507 300 2.22694138908
508 300 2.22694138908
509 300 2.22694138908
510 300 2.22694138908
511 300 2.22694138908
512 300 2.22694138908
513 300 2.22694138908
514 300 2.22694138908
515 300 2.22694138908
516 300 2.22694138908
517 300 2.22694138908
518 300 2.22694138908
519 300 2.22694138908
520 300 2.22694138908
521 300 2.22694138908
522 300 2.22694138908
523 300 2.22694138908
524 300 2.22694138908
525 300 2.22694138908
526 300 2.22694138908
527 300 2.22694138908
528 300 2.22694138908
529 300 2.22694138908
530 300 2.22694138908
531 300 2.22694138908
532 300 2.22694138908
533 300 2.22694138908
534 300 2.22694138908
535 300 2.22694138908
536 300 2.22694138908
537 300 2.22694138908
538 300 2.22694138908
539 300 2.22694138908
540 300 2.22694138908
541 300 2.22694138908
542 300 2.22694138908
543 300 2.22694138908
544 300 2.22694138908
545 300 2.22694138908
546 300 2.22694138908
547 300 2.22694138908
548 300 2.22694138908
549 300 2.22694138908
550 300 2.22694138908
551 300 2.22694138908
552 300 2.22694138908
553 300 2.22694138908
554 300 2.22694138908
555 300 2.22694138908
556 300 2.22694138908
557 300 2.22694138908
558 300 2.22694138908
559 300 2.22694138908
560 300 2.22694138908
561 300 2.22694138908
562 300 2.22694138908
563 300 2.22694138908
564 300 2.22694138908
565 300 2.22694138908
566 300 2.22694138908
567 300 2.22694138908
568 300 2.22694138908
569 300 2.22694138908
570 300 2.22694138908
571 300 2.22694138908
572 300 2.22694138908
573 300 2.22694138908
574 300 2.22694138908
575 301 2.10053111679
576 301 2.10053111679
577 301 2.10053111679
578 301 2.10053111679
579 301 2.10053111679
580 301 2.10053111679
581 301 2.10053111679
582 301 2.10053111679
583 301 2.10053111679
584 301 2.10053111679
585 301 2.10053111679
586 301 2.10053111679
587 301 2.10053111679
588 301 2.10053111679
589 301 2.10053111679
590 301 2.10053111679
591 301 2.10053111679
592 301 2.10053111679
593 301 2.10053111679
594 301 2.10053111679
595 301 2.10053111679
596 301 2.10053111679
597 301 2.10053111679
598 301 2.10053111679
599 301 2.10053111679
600 301 2.10053111679
601 301 2.10053111679
602 301 2.10053111679
603 301 2.10053111679
604 301 2.10053111679
605 301 2.10053111679
606 301 2.10053111679
607 301 2.10053111679
608 301 2.10053111679
609 301 2.10053111679
610 301 2.10053111679
611 301 2.10053111679
612 301 2.10053111679
613 301 2.10053111679
614 301 2.10053111679
615 301 2.10053111679
616 301 2.10053111679
617 301 2.10053111679
618 301 2.10053111679
619 301 2.10053111679
620 301 2.10053111679
621 301 2.10053111679
622 301 2.10053111679
623 301 2.10053111679
624 301 2.10053111679
625 301 2.10053111679
626 301 2.10053111679
627 301 2.10053111679
628 301 2.10053111679
629 301 2.10053111679
630 301 2.10053111679
631 301 2.10053111679
632 301 2.10053111679
633 301 2.10053111679
634 301 2.10053111679
635 301 2.10053111679
636 301 2.10053111679
637 301 2.10053111679
638 301 2.10053111679
639 301 2.10053111679
640 301 2.10053111679
641 301 2.10053111679
642 301 2.10053111679
643 301 2.10053111679
644 301 2.10053111679
645 301 2.10053111679
646 301 2.10053111679
647 301 2.10053111679
648 301 2.10053111679
649 301 2.10053111679
650 301 2.10053111679
651 301 2.10053111679
652 301 2.10053111679
653 301 2.10053111679
654 301 2.10053111679
655 301 2.10053111679
656 301 2.10053111679
657 301 2.10053111679
658 301 2.10053111679
659 302 3.85711215475
660 303 3.80516596029
661 304 3.62490019508
662 305 3.49884238223
663 306 3.49648305795
664 307 3.4321169255
665 308 3.25918866894
666 309 3.17640438612
667 310 3.19723789685
668 311 3.09192070735
669 312 2.92386366327
670 313 2.9012623457
671 314 2.90867437648
672 315 2.78620494064
673 316 2.66095340206
674 317 2.6509945234
675 318 2.69092448419
676 319 2.64749727168
677 320 2.77430197412
678 321 2.92866848648
679 322 2.94213506388
680 323 2.95821095041
681 324 3.11743225252
682 325 3.23090759217
683 326 3.22461085262
684 327 3.25630744856
685 328 3.4654535045
686 329 3.69766856745
687 330 3.57732027921
688 331 3.49112117166
689 332 3.67572169471
690 333 3.69367992411
691 334 3.63895112283
692 335 3.48607562968
693 336 3.37231000423
694 337 3.36506648568
695 338 3.25261611471
696 339 3.11888190881
697 340 3.06966145559
698 341 3.04586427655
699 342 2.89955860645
700 343 2.79673540281
701 344 2.83010604061
702 345 2.75482612717
703 346 2.58018646923
704 347 2.48643818432
705 348 2.44186643193
706 349 2.51698641074
707 350 2.44275577334
708 351 2.4537029992
709 352 2.4604716067
710 353 2.47924606005
711 354 2.45549533914
712 355 2.62684996491
713 356 2.72153888558
714 357 2.88687028335
715 358 2.97706486405
716 359 3.06620442594
717 360 3.09977267782
718 361 3.24017519903
719 362 3.33997569891
720 363 3.38491121618
721 364 3.50129792051
722 365 3.696513573
723 366 3.65731169656
724 367 3.6264281015
725 368 3.78759516627
726 369 3.80394953683
727 370 3.63042772594
728 371 3.49511562869
729 372 3.52383263068
730 373 3.42560799305
731 374 3.24349501646
732 375 3.19504281787
733 376 3.17469390981
734 377 3.03652597556
735 378 2.90470248838
736 379 2.90030602581
737 380 2.84907736445
738 381 2.95489293202
739 382 3.12725326494
740 383 3.24656948359
741 384 3.36009626875
742 385 3.48070036732
743 386 3.54691277269
744 387 3.61400549154
745 388 3.76632475527
746 389 3.83162803499
747 390 3.87861755666
748 391 4.11109357051
749 392 4.07727924135
750 393 3.8666306214
751 394 3.82580902153
752 395 3.6921410365
753 396 3.53483608799
754 397 3.5501642228
755 398 3.48496112422
756 399 3.2899290368
757 400 3.21121767295
758 401 3.20178326004
759 402 3.08711991767
760 403 2.93910941776
761 404 2.88302190422
762 405 2.89106527694
763 406 2.79266193609
764 407 2.78574756019
765 408 2.90511604835
766 409 3.13062623591
767 410 3.18775444806
768 411 3.39284248649
769 412 3.4364578899
770 413 3.43758622053
771 414 3.55904013564
772 415 3.73677605906
773 416 3.74260765312
774 417 3.79739895649
775 418 3.96714595614
776 419 4.10722201279
777 420 4.11896312335
778 421 4.20772834255
779 422 4.42771742891
780 423 4.46465172555
781 424 4.44494237395
782 425 4.49715331336
783 426 4.53132563755
784 426 4.53132563755
785 426 4.53132563755
786 426 4.53132563755
787 426 4.53132563755
788 426 4.53132563755
789 426 4.53132563755
790 426 4.53132563755
791 426 4.53132563755
792 426 4.53132563755
793 426 4.53132563755
794 426 4.53132563755
795 426 4.53132563755
796 426 4.53132563755
797 426 4.53132563755
798 426 4.53132563755
799 426 4.53132563755
800 426 4.53132563755
801 426 4.53132563755
802 426 4.53132563755
803 426 4.53132563755
804 426 4.53132563755
805 426 4.53132563755
806 426 4.53132563755
807 426 4.53132563755
808 426 4.53132563755
809 427 4.41662458705
810 428 4.48092293399
811 429 4.4155940114
812 430 4.18295197024
813 431 4.16289165157
814 432 4.18046149624
815 433 3.98147517229
816 434 3.83458260419
817 435 3.90503745104
818 436 3.87718482456
819 437 3.63072374305
820 438 3.61037562988
821 439 3.76292730952
822 440 3.92007760743
823 441 4.09947581677
824 442 3.99484747945
825 443 4.0774011376
826 444 4.25922910705
827 445 4.13634761636
828 446 4.26494600681
829 447 4.30272341047
830 448 4.45661143652
831 449 4.5745555483
832 450 4.66637608422
833 451 4.74507274505
834 452 4.86055785566
835 453 5.06428847367
836 454 6.0446959869
837 454 6.0446959869
838 454 6.0446959869
839 454 6.0446959869
840 454 6.0446959869
841 454 6.0446959869
842 454 6.0446959869
843 454 6.0446959869
844 454 6.0446959869
845 454 6.0446959869
846 454 6.0446959869
847 454 6.0446959869
848 454 6.0446959869
849 454 6.0446959869
850 454 6.0446959869
851 454 6.0446959869
852 454 6.0446959869
853 454 6.0446959869
854 454 6.0446959869
855 454 6.0446959869
856 454 6.0446959869
857 454 6.0446959869
858 454 6.0446959869
859 454 6.0446959869
860 454 6.0446959869
861 454 6.0446959869
862 454 6.0446959869
863 454 6.0446959869
864 454 6.0446959869
865 454 6.0446959869
866 454 6.0446959869
867 454 6.0446959869
868 454 6.0446959869
869 454 6.0446959869
870 454 6.0446959869
871 454 6.0446959869
872 454 6.0446959869
873 454 6.0446959869
874 454 6.0446959869
875 454 6.0446959869
876 454 6.0446959869
877 454 6.0446959869
878 454 6.0446959869
879 454 6.0446959869
880 454 6.0446959869
881 454 6.0446959869
882 454 6.0446959869
883 454 6.0446959869
884 454 6.0446959869
885 454 6.0446959869
886 454 6.0446959869
887 454 6.0446959869
888 454 6.0446959869
889 455 3.77462350421
890 455 3.77462350421
891 455 3.77462350421
892 455 3.77462350421
893 455 3.77462350421
894 455 3.77462350421
895 455 3.77462350421
896 455 3.77462350421
897 455 3.77462350421
898 455 3.77462350421
899 455 3.77462350421
900 455 3.77462350421
901 455 3.77462350421
902 455 3.77462350421
903 455 3.77462350421
904 455 3.77462350421
905 455 3.77462350421
906 455 3.77462350421
907 455 3.77462350421
908 455 3.77462350421
909 455 3.77462350421
910 455 3.77462350421
911 455 3.77462350421
912 455 3.77462350421
913 455 3.77462350421
914 455 3.77462350421
915 455 3.77462350421
916 455 3.77462350421
917 455 3.77462350421
918 455 3.77462350421
919 455 3.77462350421
920 455 3.77462350421
921 455 3.77462350421
922 455 3.77462350421
923 455 3.77462350421
924 455 3.77462350421
925 455 3.77462350421
926 455 3.77462350421
927 455 3.77462350421
928 455 3.77462350421
929 455 3.77462350421
930 455 3.77462350421
931 455 3.77462350421
932 455 3.77462350421
933 455 3.77462350421
934 455 3.77462350421
935 455 3.77462350421
936 455 3.77462350421
937 455 3.77462350421
938 455 3.77462350421
939 455 3.77462350421
940 455 3.77462350421
941 455 3.77462350421
942 456 3.11024579066
943 457 3.1399325853
944 458 3.17774838231
945 459 3.29708218088
946 460 3.46939108686
947 461 3.48755559219
948 462 3.47823765472
949 463 3.29199073408
950 464 3.20934978784
951 465 3.3971715624
952 466 3.59880095277
953 467 3.62704295591
954 468 3.86148620856
955 469 3.9510989459
956 470 3.91156794851
957 471 3.98208662978
958 472 4.24906649879
959 473 4.34223349252
960 474 4.18052973073
961 475 4.03332718166
962 476 3.78836932357
963 477 3.81874919669
964 478 8.43070544412
965 478 8.43070544412
966 478 8.43070544412
967 478 8.43070544412
968 478 8.43070544412
969 478 8.43070544412
970 478 8.43070544412
971 478 8.43070544412
972 478 8.43070544412
973 478 8.43070544412
974 478 8.43070544412
975 478 8.43070544412
976 478 8.43070544412
977 478 8.43070544412
978 478 8.43070544412
979 478 8.43070544412
980 478 8.43070544412
981 478 8.43070544412
982 478 8.43070544412
983 478 8.43070544412
984 478 8.43070544412
985 478 8.43070544412
986 478 8.43070544412
987 478 8.43070544412
988 478 8.43070544412
989 478 8.43070544412
990 478 8.43070544412
991 478 8.43070544412
992 478 8.43070544412
993 478 8.43070544412
994 478 8.43070544412
995 478 8.43070544412
996 478 8.43070544412
997 478 8.43070544412
998 478 8.43070544412
999 478 8.43070544412
1000 479 3.74739775095
1001 480 3.56660213833
1002 481 3.34419626722
1003 482 3.13490758819
1004 483 3.00294333721
1005 484 2.82874781259
1006 485 2.70616444597
1007 486 2.58088259641
1008 487 2.5950793402
1009 488 2.65636347844
1010 489 2.7667970762
1011 490 2.89889373618
1012 491 3.04044443738
1013 492 3.24006692419
1014 493 3.25658865562
1015 494 3.46254907612
1016 495 3.37279964283
1017 496 3.15662321291
1018 497 3.26334955708
1019 498 3.40511338435
1020 499 3.21319766009
1021 500 3.06235427956
1022 501 3.2203559063
1023 502 3.20302824399
1024 503 2.9797654684
1025 504 2.84239583493
1026 505 2.74957222631
1027 506 2.79608368755
1028 507 2.93433901022
1029 508 2.87684065829
1030 509 2.81113786746
1031 510 2.66890589664
1032 511 2.64650938602
1033 512 8.79293402351
1034 512 8.79293402351
1035 512 8.79293402351
1036 512 8.79293402351
1037 512 8.79293402351
1038 512 8.79293402351
