1 0 3.4575556563
2 0 3.4575556563
3 0 3.4575556563
4 0 3.4575556563
5 0 3.4575556563
6 0 3.4575556563
7 0 3.4575556563
8 0 3.4575556563
9 1 4.35826979305
10 2 4.34840044427
11 3 4.35179968421
12 4 4.36780645549
13 5 4.36017740936
14 6 4.35141267529
15 7 4.38853294466
16 8 4.42986916623
17 9 4.47091576964
18 10 4.49225423722
19 11 4.57092070715
20 12 4.62708221963
21 13 4.71421309866
22 14 4.81003084944
23 15 4.91458746354
24 16 4.94492601942
25 17 4.8726680645
26 18 4.85830545381
27 19 4.75006130057
28 20 4.74202946179
29 21 4.64800203037
30 22 4.58404740021
31 23 4.51140699112
32 24 4.50724605019
33 25 4.58778210384
34 26 4.5936876358
35 27 4.59890134637
36 28 4.63025750577
37 29 4.72011182083
38 30 4.73867863472
39 31 4.76662946897
40 32 4.69707142596
41 33 4.66110029853
42 34 4.61407718986
43 35 4.66104815896
44 36 4.75055381567
45 37 4.71215131619
46 38 4.64578741393
47 39 4.71910860336
48 40 4.78136134325
49 41 4.70757000656
50 42 4.69380393925
51 43 4.79892284019
52 44 4.83032238749
53 45 4.91738457966
54 46 4.88082820068
55 47 4.82849509198
56 48 4.79451908105
57 49 4.6950115596
58 50 4.6096298005
59 51 4.61242213312
60 52 4.5499697914
61 53 4.56991368289
62 54 4.52364949473
63 55 4.53640964381
64 56 4.50544407089
65 57 4.5046668857
66 58 4.46837931072
67 59 4.42965808399
68 60 4.41057676838
69 61 4.44018927827
70 62 4.44700687456
71 63 4.45776432191
72 64 4.50240193859
73 65 4.49943291767
74 66 4.56711729441
75 67 4.60382319477
76 68 4.70244380529
77 69 4.75782799102
78 70 4.87520227992
79 71 4.96094292716
80 72 4.91744300806
81 73 4.87523726955
82 74 4.83776706742
83 75 4.73305704508
84 76 4.74409836571
85 77 4.8139200685
86 78 4.86962175557
87 79 4.87243459617
88 80 4.88087014028
89 81 4.76478569051
90 82 4.68737725741
91 83 4.59244594976
92 84 4.54144574458
93 85 4.47007405479
94 86 4.46007836663
95 87 4.40950566229
96 88 4.39051244793
97 89 4.36654601268
98 90 4.39056428962
99 91 4.38934862089
100 92 4.44045035927
101 93 4.44050929841
102 94 4.3966567019
103 95 4.418681004
104 96 4.47420535211
105 97 4.45420867389
106 98 4.42612559489
107 99 4.48165307531
108 100 4.52045723205
109 101 4.46946068989
110 102 4.47958971415
111 103 4.5558657434
112 104 4.54651066523
113 105 4.50759461785
114 106 4.57810735803
115 107 4.62650438768
116 108 4.57049626842
117 109 4.58918705353
118 110 4.51253706164
119 111 4.52056875272
120 112 4.46547124539
121 113 4.41832493859
122 114 4.44440415334
123 115 4.4472903758
124 116 4.39471029448
125 117 4.37754111872
126 118 4.40334805898
127 119 4.39359232994
128 120 4.7811246687
129 120 4.7811246687
130 120 4.7811246687
131 120 4.7811246687
132 120 4.7811246687
133 120 4.7811246687
134 120 4.7811246687
135 120 4.7811246687
136 120 4.7811246687
137 120 4.7811246687
138 120 4.7811246687
139 120 4.7811246687
140 120 4.7811246687
141 120 4.7811246687
142 120 4.7811246687
143 120 4.7811246687
144 120 4.7811246687
145 120 4.7811246687
146 120 4.7811246687
147 120 4.7811246687
148 120 4.7811246687
149 120 4.7811246687
150 120 4.7811246687
151 120 4.7811246687
152 120 4.7811246687
153 120 4.7811246687
154 120 4.7811246687
155 120 4.7811246687
156 120 4.7811246687
157 120 4.7811246687
158 120 4.7811246687
159 120 4.7811246687
160 120 4.7811246687
161 120 4.7811246687
162 120 4.7811246687
163 120 4.7811246687
164 120 4.7811246687
165 120 4.7811246687
166 120 4.7811246687
167 120 4.7811246687
168 120 4.7811246687
169 120 4.7811246687
170 120 4.7811246687
171 120 4.7811246687
172 120 4.7811246687
173 120 4.7811246687
174 120 4.7811246687
175 120 4.7811246687
176 120 4.7811246687
177 120 4.7811246687
178 120 4.7811246687
179 120 4.7811246687
180 120 4.7811246687
181 120 4.7811246687
182 120 4.7811246687
183 120 4.7811246687
184 120 4.7811246687
185 120 4.7811246687
186 120 4.7811246687
187 120 4.7811246687
188 120 4.7811246687
189 120 4.7811246687
190 120 4.7811246687
191 120 4.7811246687
192 120 4.7811246687
193 121 6.08158298522
194 121 6.08158298522
195 121 6.08158298522
196 121 6.08158298522
197 121 6.08158298522
198 121 6.08158298522
199 121 6.08158298522
200 121 6.08158298522
201 121 6.08158298522
202 121 6.08158298522
203 121 6.08158298522
204 121 6.08158298522
205 121 6.08158298522
206 121 6.08158298522
207 121 6.08158298522
208 121 6.08158298522
209 121 6.08158298522
210 121 6.08158298522
211 121 6.08158298522
212 121 6.08158298522
213 121 6.08158298522
214 121 6.08158298522
215 121 6.08158298522
216 121 6.08158298522
217 121 6.08158298522
218 121 6.08158298522
219 121 6.08158298522
220 121 6.08158298522
221 121 6.08158298522
222 121 6.08158298522
223 121 6.08158298522
224 121 6.08158298522
225 121 6.08158298522
226 121 6.08158298522
227 121 6.08158298522
228 121 6.08158298522
229 121 6.08158298522
230 121 6.08158298522
231 121 6.08158298522
232 121 6.08158298522
233 121 6.08158298522
234 121 6.08158298522
235 121 6.08158298522
236 121 6.08158298522
237 121 6.08158298522
238 121 6.08158298522
239 121 6.08158298522
240 121 6.08158298522
241 121 6.08158298522
242 121 6.08158298522
243 121 6.08158298522
244 121 6.08158298522
245 121 6.08158298522
246 121 6.08158298522
247 121 6.08158298522
248 121 6.08158298522
249 121 6.08158298522
250 121 6.08158298522
251 121 6.08158298522
252 121 6.08158298522
253 121 6.08158298522
254 121 6.08158298522
255 121 6.08158298522
256 121 6.08158298522
257 122 2.03075695867
258 123 2.17427460999
259 124 2.24949119831
260 125 2.41136703409
261 126 2.48736191033
262 127 2.52651091781
263 128 2.35807793148
264 129 2.32390595845
265 130 2.45702403177
266 131 2.40501422817
267 132 2.25076988398
268 133 2.29334221853
269 134 2.42195680985
270 135 2.32425609042
271 136 2.3241252103
272 137 2.21717802412
273 138 2.31076992837
274 139 2.40243595773
275 140 2.52603495368
276 141 2.63434799829
277 142 2.77597307639
278 143 2.71387009053
279 144 2.66130945151
280 145 2.81804345273
281 146 2.90365066639
282 147 2.85197293275
283 148 2.99936137397
284 149 2.93826947291
285 150 2.83567964499
286 151 2.8953784817
287 152 2.81973374783
288 153 2.77943756509
289 154 2.67692320375
290 155 2.60295789301
291 156 2.55617285749
292 157 2.48414460479
293 158 2.40134214738
294 159 2.3431266914
295 160 2.29739910366
296 161 2.21939474208
297 162 2.15673440753
298 163 2.12306395162
299 164 2.07539007682
300 165 1.99839042327
301 166 1.97642809144
302 167 2.00860032592
303 168 2.08950118158
304 169 2.08979254555
305 170 2.20770452607
306 171 2.2294235194
307 172 2.21738078212
308 173 2.2932479612
309 174 2.40174245582
310 175 2.50015185282
311 176 2.42336106369
312 177 2.50682886422
313 178 2.47326226618
314 179 2.39445464653
315 180 2.2688945131
316 181 2.16074112891
317 182 2.07598866319
318 183 1.95778238254
319 184 1.86751837416
320 185 1.86060213574
321 186 1.96972173133
322 187 1.95863347648
323 188 1.86897631121
324 189 1.9304041926
325 190 2.04450993651
326 191 2.0356465994
327 192 2.02785095937
328 193 7.38917266891
329 193 7.38917266891
330 193 7.38917266891
331 193 7.38917266891
332 193 7.38917266891
333 193 7.38917266891
334 193 7.38917266891
335 193 7.38917266891
336 193 7.38917266891
337 193 7.38917266891
338 193 7.38917266891
339 193 7.38917266891
340 193 7.38917266891
341 193 7.38917266891
342 193 7.38917266891
343 193 7.38917266891
344 193 7.38917266891
345 193 7.38917266891
346 193 7.38917266891
347 193 7.38917266891
348 193 7.38917266891
349 193 7.38917266891
350 193 7.38917266891
351 193 7.38917266891
352 193 7.38917266891
353 193 7.38917266891
354 193 7.38917266891
355 193 7.38917266891
356 194 3.5365953416
357 194 3.5365953416
358 194 3.5365953416
359 194 3.5365953416
360 194 3.5365953416
361 194 3.5365953416
362 194 3.5365953416
363 194 3.5365953416
364 194 3.5365953416
365 194 3.5365953416
366 194 3.5365953416
367 194 3.5365953416
368 194 3.5365953416
369 194 3.5365953416
370 194 3.5365953416
371 194 3.5365953416
372 194 3.5365953416
373 194 3.5365953416
374 194 3.5365953416
375 194 3.5365953416
376 194 3.5365953416
377 194 3.5365953416
378 194 3.5365953416
379 194 3.5365953416
380 194 3.5365953416
381 194 3.5365953416
382 194 3.5365953416
383 194 3.5365953416
384 194 3.5365953416
385 194 3.5365953416
386 194 3.5365953416
387 194 3.5365953416
388 194 3.5365953416
389 194 3.5365953416
390 194 3.5365953416
391 194 3.5365953416
392 194 3.5365953416
393 194 3.5365953416
394 194 3.5365953416
395 194 3.5365953416
396 194 3.5365953416
397 194 3.5365953416
398 194 3.5365953416
399 194 3.5365953416
400 194 3.5365953416
401 194 3.5365953416
402 194 3.5365953416
403 194 3.5365953416
404 194 3.5365953416
405 194 3.5365953416
406 194 3.5365953416
407 194 3.5365953416
408 194 3.5365953416
409 194 3.5365953416
410 194 3.5365953416
411 194 3.5365953416
412 194 3.5365953416
413 194 3.5365953416
414 194 3.5365953416
415 194 3.5365953416
416 194 3.5365953416
417 194 3.5365953416
418 194 3.5365953416
419 194 3.5365953416
420 194 3.5365953416
421 194 3.5365953416
422 194 3.5365953416
423 194 3.5365953416
424 194 3.5365953416
425 194 3.5365953416
426 194 3.5365953416
427 194 3.5365953416
428 194 3.5365953416
429 194 3.5365953416
430 194 3.5365953416
431 195 3.8568952364
432 195 3.8568952364
433 195 3.8568952364
434 195 3.8568952364
435 195 3.8568952364
436 195 3.8568952364
437 195 3.8568952364
438 195 3.8568952364
439 195 3.8568952364
440 195 3.8568952364
441 195 3.8568952364
442 195 3.8568952364
443 195 3.8568952364
444 195 3.8568952364
445 195 3.8568952364
446 195 3.8568952364
447 195 3.8568952364
448 195 3.8568952364
449 195 3.8568952364
450 195 3.8568952364
451 195 3.8568952364
452 195 3.8568952364
453 195 3.8568952364
454 195 3.8568952364
455 195 3.8568952364
456 195 3.8568952364
457 195 3.8568952364
458 195 3.8568952364
459 195 3.8568952364
460 195 3.8568952364
461 195 3.8568952364
462 195 3.8568952364
463 195 3.8568952364
464 195 3.8568952364
465 195 3.8568952364
466 195 3.8568952364
467 195 3.8568952364
468 195 3.8568952364
469 195 3.8568952364
470 195 3.8568952364
471 195 3.8568952364
472 195 3.8568952364
473 195 3.8568952364
474 195 3.8568952364
475 195 3.8568952364
476 195 3.8568952364
477 195 3.8568952364
478 195 3.8568952364
479 195 3.8568952364
480 195 3.8568952364
481 195 3.8568952364
482 195 3.8568952364
483 195 3.8568952364
484 195 3.8568952364
485 195 3.8568952364
486 195 3.8568952364
487 195 3.8568952364
488 195 3.8568952364
489 195 3.8568952364
490 195 3.8568952364
491 195 3.8568952364
492 195 3.8568952364
493 195 3.8568952364
494 196 5.62877088187
495 196 5.62877088187
496 196 5.62877088187
497 196 5.62877088187
498 196 5.62877088187
499 196 5.62877088187
500 196 5.62877088187
501 196 5.62877088187
502 196 5.62877088187
503 196 5.62877088187
504 196 5.62877088187
505 196 5.62877088187
506 196 5.62877088187
507 196 5.62877088187
508 196 5.62877088187
509 196 5.62877088187
510 196 5.62877088187
511 196 5.62877088187
512 196 5.62877088187
513 196 5.62877088187
514 196 5.62877088187
515 196 5.62877088187
516 196 5.62877088187
517 196 5.62877088187
518 196 5.62877088187
519 196 5.62877088187
520 196 5.62877088187
521 196 5.62877088187
522 196 5.62877088187
523 196 5.62877088187
524 196 5.62877088187
525 196 5.62877088187
526 196 5.62877088187
527 196 5.62877088187
528 196 5.62877088187
529 196 5.62877088187
530 196 5.62877088187
531 196 5.62877088187
532 196 5.62877088187
533 196 5.62877088187
534 196 5.62877088187
535 196 5.62877088187
536 196 5.62877088187
537 196 5.62877088187
538 196 5.62877088187
539 196 5.62877088187
540 196 5.62877088187
541 196 5.62877088187
542 196 5.62877088187
543 196 5.62877088187
544 196 5.62877088187
545 196 5.62877088187
546 196 5.62877088187
547 196 5.62877088187
548 196 5.62877088187
549 196 5.62877088187
550 196 5.62877088187
551 196 5.62877088187
552 196 5.62877088187
553 196 5.62877088187
554 196 5.62877088187
555 196 5.62877088187
556 196 5.62877088187
557 196 5.62877088187
558 196 5.62877088187
559 196 5.62877088187
560 196 5.62877088187
561 196 5.62877088187
562 196 5.62877088187
563 197 1.76162812325
564 198 1.86739021856
565 199 1.94007771817
566 200 1.92501686817
567 201 1.88364429121
568 202 1.97769108204
569 203 2.0216283637
570 204 2.02258625437
571 205 2.15184472592
572 206 2.15198016284
573 207 2.05911838237
574 208 2.14195532738
575 209 2.25634098973
576 210 2.18827156286
577 211 2.16818083056
578 212 2.3093606714
579 213 2.35641555936
580 214 2.27998523558
581 215 2.36843690977
582 216 2.48894492141
583 217 2.44185303982
584 218 2.4621814968
585 219 2.42273219894
586 220 2.28902561546
587 221 2.38649254514
588 222 2.48491474293
589 223 2.35527715811
590 224 2.31329888969
591 225 2.46400471019
592 226 2.47046539565
593 227 2.32776829641
594 228 2.33844152253
595 229 2.18672856113
596 230 2.12748956916
597 231 2.12421712686
598 232 1.98138203448
599 233 1.94858163109
600 234 2.04335107111
601 235 2.00445236812
602 236 1.87723549537
603 237 1.90772324969
604 238 1.99036061295
605 239 1.91530047119
606 240 1.82966248849
607 241 1.87342949732
608 242 1.78400212905
609 243 1.72447343107
610 244 1.77388957584
611 245 8.61822411225
612 245 8.61822411225
613 245 8.61822411225
614 245 8.61822411225
615 245 8.61822411225
