1 0 0.555000306884
2 1 0.550884864206
3 2 0.543639117445
4 3 0.543676018955
5 4 0.549811655084
6 5 0.563853767274
7 6 0.579360016008
8 7 0.595936516565
9 8 0.608415600599
10 9 0.626186391994
11 10 0.612941292236
12 11 0.598712489233
13 12 0.614217575323
14 13 0.598153764803
15 14 0.575883249052
16 15 0.580305211245
17 16 0.573912793789
18 17 0.599873869388
19 18 0.601352982428
20 19 0.594378304548
21 20 0.570473735802
22 21 0.584375982822
23 22 0.590841843267
24 23 0.580192797262
25 24 0.602978510916
26 25 0.597982676841
27 26 0.627699319124
28 27 0.632160993925
29 28 0.667150720177
30 29 0.667675161921
31 30 0.699985355343
32 31 0.671059620292
33 32 0.654741163546
34 33 0.622732621978
35 34 0.617633916013
36 35 0.591294199512
37 36 0.600776938111
38 37 0.585577929297
39 38 0.610155956071
40 39 0.62597074642
41 40 0.640966325711
42 41 0.609464002783
43 42 0.584777883436
44 43 0.569802101558
45 44 0.565140973334
46 45 0.58346224744
47 46 0.600008874117
48 47 0.637770712221
49 48 0.660035991653
50 49 0.656024657194
51 50 0.701300569339
52 51 0.72685447519
53 52 0.751682022849
54 53 0.774840263292
55 54 0.807800096555
56 55 0.772909948408
57 56 0.717489524696
58 57 0.694356114726
59 58 0.673031890985
60 59 0.660828260566
61 60 0.649466304363
62 61 0.64149000535
63 62 0.647306051624
64 63 0.678480290666
65 64 0.66855510753
66 65 0.682897662069
67 66 0.722531884536
68 67 0.757661554746
69 68 0.752470434621
70 69 0.718826712825
71 70 0.721327257992
72 71 0.693375421789
73 72 0.713852347013
74 73 0.711681467941
75 74 0.733726722221
76 75 0.751297333159
77 76 0.783521113938
78 77 0.831545222058
79 78 0.854652808767
80 79 0.838311624916
81 80 0.796556814807
82 81 0.796012143537
83 82 0.782709068957
84 83 0.770452743108
85 84 0.776734361075
86 85 0.756068547517
87 86 0.808775874718
88 87 0.790871872918
89 88 0.845440926618
90 89 0.808534664655
91 90 0.763999615399
92 91 0.703280083807
93 92 0.680278191467
94 93 0.737192716719
95 94 0.732022283056
96 95 0.785853159605
97 96 0.757955267931
98 97 0.761415202343
99 98 0.824406020459
100 99 0.836344228099
101 100 0.866725211566
102 101 0.888597933028
103 102 0.885625643544
104 103 0.890644851655
105 104 0.931282836159
106 105 0.95159583042
107 106 0.907828434154
108 107 0.948781923438
109 108 0.891755399574
110 109 0.826829199177
111 110 0.779059933518
112 111 0.724224249128
113 112 0.698665451732
114 113 0.7025632734
115 114 0.672885947345
116 115 0.685321922237
117 116 0.684164652967
118 117 0.65595879618
119 118 0.682291404859
120 119 0.690962333196
121 120 0.729621070948
122 121 0.76257023909
123 122 0.767456434132
124 123 0.764809446974
125 124 0.743815926955
126 125 0.749882684608
127 126 0.75953163814
128 127 0.777031772695
129 128 0.803675879718
130 129 0.849254123341
131 130 0.901609376529
132 131 0.862583126376
133 132 0.870780097557
134 133 0.81727108783
135 134 0.837725610581
136 135 0.815580018955
137 136 0.83978836562
138 137 0.846278627127
139 138 0.863795475877
140 139 0.905272333064
141 140 0.929872014423
142 141 0.870974361799
143 142 0.923710913838
144 143 0.943709556157
145 144 0.879748637414
146 145 0.924657373087
147 146 0.954347505494
148 147 0.909056419275
149 148 0.94114574514
150 149 0.923121365596
151 150 0.893224213276
152 151 0.889057412351
153 152 0.902344364423
154 153 0.882165057379
155 154 0.903384582249
156 155 0.845700510326
157 156 0.879666968056
158 157 0.953168681042
159 158 0.981761995965
160 159 0.937039041088
161 160 0.972598032572
162 161 0.981843042156
163 162 0.950019910808
164 163 0.880672955274
165 164 0.822756217013
166 165 0.795501785942
167 166 0.781106874872
168 167 0.73282314343
169 168 0.723628981511
170 169 0.679879233484
171 170 0.672871393747
172 171 0.638924691189
173 172 0.646217899105
174 173 0.623962936989
175 174 0.605827289101
176 175 0.60350520933
177 176 0.623452402267
178 177 0.621898126573
179 178 0.631747774802
180 179 0.674017905617
181 180 0.692932657593
182 181 0.688137451797
183 182 0.680224608545
184 183 0.676270203523
185 184 0.708496669696
186 185 0.713046180333
187 186 0.763215478884
188 187 0.769273310479
189 188 0.771183867751
190 189 0.768203273588
191 190 0.722051535114
192 191 0.733698939734
193 192 0.710269536756
194 193 0.739856043979
195 194 0.734248353518
196 195 0.768257994948
197 196 0.803513952941
198 197 0.82612330043
199 198 0.887452690949
200 199 0.859190162013
201 200 0.865679259146
202 201 0.819146594456
203 202 0.821333019244
204 203 0.793515461295
205 204 0.749525045267
206 205 0.735158251268
207 206 0.734889777826
208 207 0.699842564872
209 208 0.737167984533
210 209 0.739344661224
211 210 0.733308499289
212 211 0.772541525849
213 212 0.760707420105
214 213 0.732146776424
215 214 0.689271359101
216 215 0.657798860977
217 216 0.628930016403
218 217 0.622123852915
219 218 0.59949991818
220 219 0.597027369271
221 220 0.57354772483
222 221 0.568975598649
223 222 0.570402797907
224 223 0.566015280332
225 224 0.567274100355
226 225 0.570872352117
227 226 0.582638565957
228 227 0.590972339601
229 228 0.594212853264
230 229 0.591668259173
231 230 0.604036571658
232 231 0.604359617239
233 232 0.627593436812
234 233 0.630418984122
235 234 0.671335473004
236 235 0.695376772759
237 236 0.71986720695
238 237 0.681238671036
239 238 0.665580557247
240 239 0.630900335437
241 240 0.636735685484
242 241 0.614953593786
243 242 0.62696717111
244 243 0.614413035608
245 244 0.627265824913
246 245 0.625027380097
247 246 0.644609447543
248 247 0.650049179246
249 248 4.04280190976
250 248 4.04280190976
251 248 4.04280190976
252 248 4.04280190976
253 248 4.04280190976
254 248 4.04280190976
255 248 4.04280190976
256 248 4.04280190976
257 248 4.04280190976
258 248 4.04280190976
259 248 4.04280190976
260 248 4.04280190976
261 248 4.04280190976
262 248 4.04280190976
263 248 4.04280190976
264 248 4.04280190976
265 248 4.04280190976
266 248 4.04280190976
267 248 4.04280190976
268 248 4.04280190976
269 248 4.04280190976
270 248 4.04280190976
271 248 4.04280190976
272 248 4.04280190976
273 248 4.04280190976
274 248 4.04280190976
275 248 4.04280190976
276 248 4.04280190976
277 248 4.04280190976
278 248 4.04280190976
279 248 4.04280190976
280 248 4.04280190976
281 248 4.04280190976
282 248 4.04280190976
283 248 4.04280190976
284 248 4.04280190976
285 248 4.04280190976
286 248 4.04280190976
287 248 4.04280190976
288 249 0.823862751625
289 250 0.813958377263
290 251 0.753833329919
291 252 0.709591836162
292 253 0.683014025367
293 254 0.672975684081
294 255 0.669338231509
295 256 0.656312982989
296 257 0.656339334604
297 258 0.631564355688
298 259 0.637463591848
299 260 0.656746717958
300 261 0.650690881921
301 262 0.670784409296
302 263 0.65498831225
303 264 0.643953519817
304 265 0.683309357243
305 266 0.678100786388
306 267 0.661594454208
307 268 0.627360611318
308 269 0.615357085174
309 270 0.589207388137
310 271 0.583056056226
311 272 0.565216214549
312 273 0.557764827995
313 274 0.55085625549
314 275 0.555131351534
315 276 0.555515321832
316 277 0.556673291046
317 278 0.558404239108
318 279 0.559410162086
319 280 0.564475187681
320 281 0.565753478737
321 282 0.581840973108
322 283 0.586057221408
323 284 0.610970241559
324 285 0.632984533863
325 286 0.632346613062
326 287 0.601948028125
327 288 0.594460775865
328 289 0.57763162941
329 290 0.585147181679
330 291 0.574479504952
331 292 0.582192199856
332 293 0.580841551629
333 294 0.588133502466
334 295 0.60776215062
335 296 0.609962293155
336 297 0.621051614059
337 298 0.603743521269
338 299 0.619331801586
339 300 0.606729371706
340 301 0.614367737275
341 302 0.608782786648
342 303 0.601261402712
343 304 0.59878631283
344 305 0.598878775032
345 306 0.582798515964
346 307 0.587278320767
347 308 1.67061128839
348 308 1.67061128839
349 308 1.67061128839
