1 0 3.71708674698
2 0 3.71708674698
3 0 3.71708674698
4 0 3.71708674698
5 0 3.71708674698
6 0 3.71708674698
7 0 3.71708674698
8 0 3.71708674698
9 0 3.71708674698
10 0 3.71708674698
11 0 3.71708674698
12 0 3.71708674698
13 0 3.71708674698
14 0 3.71708674698
15 0 3.71708674698
16 0 3.71708674698
17 0 3.71708674698
18 0 3.71708674698
19 0 3.71708674698
20 0 3.71708674698
21 0 3.71708674698
22 0 3.71708674698
23 0 3.71708674698
24 0 3.71708674698
25 0 3.71708674698
26 0 3.71708674698
27 0 3.71708674698
28 0 3.71708674698
29 0 3.71708674698
30 0 3.71708674698
31 0 3.71708674698
32 0 3.71708674698
33 0 3.71708674698
34 0 3.71708674698
35 0 3.71708674698
36 0 3.71708674698
37 0 3.71708674698
38 0 3.71708674698
39 0 3.71708674698
40 0 3.71708674698
41 0 3.71708674698
42 0 3.71708674698
43 0 3.71708674698
44 0 3.71708674698
45 0 3.71708674698
46 0 3.71708674698
47 0 3.71708674698
48 0 3.71708674698
49 0 3.71708674698
50 0 3.71708674698
51 0 3.71708674698
52 0 3.71708674698
53 0 3.71708674698
54 1 1.52463051475
55 2 1.58897568881
56 3 1.6437161317
57 4 1.62130474907
58 5 1.68288705944
59 6 1.67768679652
60 7 1.67685236206
61 8 1.66779108759
62 9 1.64824586777
63 10 1.64765395415
64 11 1.6388538461
65 12 1.60221312111
66 13 1.56339450587
67 14 1.48452861348
68 15 1.49334193409
69 16 1.42633613492
70 17 1.4063437275
71 18 1.3283929172
72 19 1.33142347089
73 20 1.3750640892
74 21 1.37128159079
75 22 1.41436678777
76 23 1.42054586549
77 24 1.40971986396
78 25 1.45300671608
79 26 1.51846691423
80 27 1.55881245726
81 28 1.60098774461
82 29 1.57115461216
83 30 1.54709767453
84 31 1.49294398545
85 32 1.45031665804
86 33 1.45069013551
87 34 1.41379397795
88 35 1.43228496658
89 36 1.39427518355
90 37 1.45921587509
91 38 1.44974299479
92 39 1.49537614959
93 40 1.47572001149
94 41 1.53126188304
95 42 1.54097084314
96 43 1.5970940448
97 44 1.63228588193
98 45 1.64921801848
99 46 1.69129047811
100 47 1.73803045853
101 48 1.74561718374
102 49 1.81416551029
103 50 1.83688610967
104 51 1.78021316453
105 52 1.74066775925
106 53 1.67139365682
107 54 1.64601631526
108 55 1.61346524228
109 56 1.59920165379
110 57 1.54207453693
111 58 1.52844462213
112 59 1.4508061414
113 60 1.42970233833
114 61 1.43734948952
115 62 1.36725757879
116 63 1.34889892057
117 64 1.33419313412
118 65 1.28023845034
119 66 1.26808134417
120 67 1.31168892465
121 68 1.30168937388
122 69 1.34422571735
123 70 1.30995966348
124 71 1.36579578429
125 72 1.31894677016
126 73 1.34078290449
127 74 1.36849962615
128 75 1.41002816863
129 76 1.38574338479
130 77 1.3747443083
131 78 1.30805235781
132 79 1.30497313538
133 80 1.2544766513
134 81 1.27818142521
135 82 1.2486141752
136 83 1.27400749791
137 84 1.20975347771
138 85 1.24911175621
139 86 1.24637422697
140 87 1.31847813534
141 88 1.34474015679
142 89 1.42276734678
143 90 1.46134946083
144 91 1.5045875646
145 92 1.55131584366
146 93 1.56733103171
147 94 1.55122047205
148 95 1.50517635669
149 96 1.46784686876
150 97 1.44243670111
151 98 1.40514089294
152 99 1.33222995486
153 100 1.31491306739
154 101 1.24874426291
155 102 1.20293778574
156 103 1.14366577966
157 104 1.10476881237
158 105 1.09938796564
159 106 1.11824311012
160 107 1.16206959
161 108 1.15875056771
162 109 1.15236775343
163 110 1.16360626008
164 111 1.1649066908
165 112 1.14332935193
166 113 1.15869419457
167 114 1.11161439301
168 115 1.15745119131
169 116 1.12535337662
170 117 1.10052999869
171 118 1.13530732569
172 119 1.09013591853
173 120 1.11840388605
174 121 1.07480378975
175 122 1.0962351206
176 123 1.06011296689
177 124 1.07023051017
178 125 1.05507810037
179 126 1.01460416947
180 127 0.961341509829
181 128 0.958442326803
182 129 0.987210611141
183 130 1.00955766264
184 131 1.02144629932
185 132 1.0820141025
186 133 1.09898134534
187 134 1.17756181114
188 135 1.16129026659
189 136 1.12680833485
190 137 1.18248670915
191 138 1.15620204588
192 139 1.09298300051
193 140 1.03844450534
194 141 0.980139240686
195 142 0.93245948569
196 143 0.925975978455
197 144 0.890018308219
198 145 0.859758626455
199 146 0.820809352338
200 147 0.873514989653
201 148 0.873593383935
202 149 0.945191395079
203 150 1.01182143744
204 151 1.01802568042
205 152 1.08168450011
206 153 1.09065784562
207 154 1.06152704055
208 155 1.07519526012
209 156 1.04744749437
210 157 1.02474849539
211 158 1.08487465994
212 159 1.03712044231
213 160 0.976829373745
214 161 1.00661404665
215 162 0.935801779067
216 163 0.922733262282
217 164 0.966764586097
218 165 0.966936252978
219 166 0.976854700462
220 167 1.00145869732
221 168 0.983879596502
222 169 0.989428653676
223 170 0.914813728786
224 171 0.932479845597
225 172 0.898655563746
226 173 0.921170864765
227 174 0.878255334907
228 175 0.874571616193
229 176 0.860646850784
230 177 0.852566572935
231 178 0.881670639754
232 179 0.834031117934
233 180 0.784198695494
234 181 0.767866657677
235 182 0.759868253218
236 183 0.789346452772
237 184 0.763972647918
238 185 0.77923534899
239 186 0.808861234484
240 187 0.851980913728
241 188 0.857197596128
242 189 0.931316475255
243 190 0.925507552603
244 191 0.986729046691
245 192 0.962636036858
246 193 1.02284782755
247 194 1.01095605785
248 195 1.03471136434
249 196 1.10443329647
250 197 1.11067906591
251 198 1.07767082938
252 199 1.11160556257
253 200 1.09106657142
254 201 1.13508715861
255 202 1.14794224907
256 203 1.12501554941
257 204 1.10209960989
258 205 1.02808618299
259 206 0.947332110156
260 207 0.897641811313
261 208 0.960218907386
262 209 1.01511253621
263 210 1.04601889357
264 211 1.08698487849
265 212 1.07774050208
266 213 1.12501806113
267 214 1.1059807721
268 215 1.13026009315
269 216 1.09989363805
270 217 1.17274793721
271 218 1.14141164421
272 219 1.14091881475
273 220 1.08395028166
274 221 1.078813834
275 222 1.00148092014
276 223 0.960323716286
277 224 0.921407312382
278 225 0.852571543271
279 226 3.25904683232
280 226 3.25904683232
281 226 3.25904683232
282 226 3.25904683232
283 226 3.25904683232
284 226 3.25904683232
285 226 3.25904683232
286 226 3.25904683232
287 226 3.25904683232
288 226 3.25904683232
289 226 3.25904683232
290 227 0.850337715181
291 228 0.866365515565
292 229 0.922486366161
293 230 0.993253665289
294 231 1.05516284066
295 232 1.11161993023
296 233 1.12875881032
297 234 1.20454206901
298 235 1.2251332655
299 236 1.30566665933
300 237 1.29908012073
301 238 1.30252280646
302 239 1.27265158682
303 240 1.21701198278
304 241 1.22264978106
305 242 1.22927727773
306 243 1.21891911623
307 244 1.21807782149
308 245 1.22782419336
309 246 1.23626753339
310 247 1.30811893683
311 248 1.29948024022
312 249 1.36003374141
313 250 1.36534868548
314 251 1.41745055764
315 252 2.76776733688
316 252 2.76776733688
317 252 2.76776733688
318 252 2.76776733688
319 252 2.76776733688
320 252 2.76776733688
321 252 2.76776733688
322 252 2.76776733688
323 252 2.76776733688
324 252 2.76776733688
325 253 1.28071010121
326 254 1.27821528645
327 255 1.32841011492
328 256 1.30057827594
329 257 1.33296003115
330 258 1.31224654466
331 259 1.32808325007
332 260 1.37315414724
333 261 1.43137985224
334 262 1.43263290535
335 263 1.41808419154
336 264 1.39444369271
337 265 1.39330536232
338 266 1.3404545552
339 267 1.34732047427
340 268 1.30411741508
341 269 1.2931740419
342 270 1.30937074747
343 271 1.26203856511
344 272 1.30025230095
345 273 1.67603528536
346 273 1.67603528536
347 273 1.67603528536
348 273 1.67603528536
349 273 1.67603528536
350 273 1.67603528536
351 273 1.67603528536
352 273 1.67603528536
353 273 1.67603528536
354 273 1.67603528536
355 273 1.67603528536
356 273 1.67603528536
357 273 1.67603528536
358 273 1.67603528536
359 273 1.67603528536
360 273 1.67603528536
361 273 1.67603528536
362 273 1.67603528536
363 273 1.67603528536
364 273 1.67603528536
365 273 1.67603528536
366 273 1.67603528536
367 273 1.67603528536
368 273 1.67603528536
369 273 1.67603528536
370 273 1.67603528536
371 273 1.67603528536
372 273 1.67603528536
373 273 1.67603528536
374 273 1.67603528536
375 273 1.67603528536
376 273 1.67603528536
377 273 1.67603528536
378 273 1.67603528536
379 273 1.67603528536
380 273 1.67603528536
381 273 1.67603528536
382 273 1.67603528536
383 273 1.67603528536
384 273 1.67603528536
385 273 1.67603528536
386 273 1.67603528536
387 273 1.67603528536
388 273 1.67603528536
389 273 1.67603528536
390 274 1.40400484052
391 275 1.42086603853
392 276 1.49457549357
393 277 1.48544766086
394 278 1.52697638595
395 279 1.54447388119
396 280 1.56780477019
397 281 1.58262458832
398 282 1.54774729783
399 283 1.48356315344
400 284 1.40298175397
401 285 1.38146538335
402 286 1.32881178058
403 287 1.32147515277
404 288 1.33586851181
405 289 1.35211477764
406 290 1.3369969377
407 291 1.40340908001
408 292 1.38536336993
409 293 1.43726116916
410 294 1.50816777221
411 295 1.53157613722
412 296 1.51475266134
413 297 1.45655361793
414 298 1.45873927539
415 299 1.43011912084
416 300 1.43676669133
417 301 1.44634091008
418 302 1.46087588229
419 303 1.54287950491
420 304 1.55316542544
421 305 1.52735004833
422 306 1.55388674679
423 307 1.55263184304
424 308 1.57022379238
425 309 4.56434318281
426 309 4.56434318281
427 309 4.56434318281
428 309 4.56434318281
429 309 4.56434318281
430 310 0.993847452525
431 311 0.956496891585
432 312 0.937370882468
433 313 0.930745645317
434 314 0.91010946438
435 315 0.874305783937
436 316 0.866942169583
437 317 0.873593977534
438 318 0.845335264387
439 319 0.822967900379
440 320 0.834208500874
441 321 0.840121134899
442 322 0.819357706296
443 323 0.829095450726
444 324 0.838364480883
445 325 0.858726791195
446 326 0.874906755918
447 327 0.891816452929
448 328 0.923476184472
449 329 0.961145217629
450 330 0.988747074331
451 331 0.988568169213
452 332 1.04941140652
453 333 1.06811719858
454 334 1.01141432118
455 335 1.00321545124
456 336 0.956926643592
457 337 0.945931316176
458 338 0.914598130147
459 339 0.897842016108
460 340 0.897196488274
461 341 0.890339807222
462 342 0.891715630247
463 343 0.877342093194
464 344 0.884741887153
465 345 0.904911805883
466 346 0.918978216301
467 347 0.936350044481
468 348 0.923876170182
469 349 0.905324381265
470 350 0.893887587646
471 351 0.907584812313
472 352 0.918607510893
473 353 0.927481946476
474 354 0.932096626878
475 355 0.960835426808
476 356 0.962248275991
477 357 0.980564065357
478 358 1.0012131275
479 359 1.01036651448
480 360 1.04523937314
481 361 1.06318268238
482 362 1.12617233829
483 363 1.16693972138
484 364 1.17528324462
485 365 1.11147295827
486 366 1.08139349887
487 367 1.13940271906
488 368 1.15146714173
489 369 1.20429821089
490 370 1.16920939965
491 371 1.11164616555
492 372 1.08136701079
493 373 1.09380881596
494 374 1.05892427302
495 375 1.0645482058
496 376 1.03730737197
497 377 1.03270066225
498 378 1.01670499744
499 379 0.998994474765
500 380 0.982099410396
501 381 0.984207933472
502 382 1.00702412254
503 383 1.04967469303
504 384 1.08857042743
505 385 1.0843014015
506 386 1.03428811223
507 387 1.04356064269
508 388 1.08044312714
509 389 1.04897269111
510 390 1.01750916439
511 391 1.05880439835
512 392 1.08424122127
513 393 1.03896675311
514 394 1.03847073639
515 395 1.09121449126
516 396 1.07693122824
517 397 1.03179442344
518 398 1.04783077598
519 399 1.10200697725
520 400 1.08353757074
521 401 1.03837509112
522 402 1.03556361873
523 403 1.0546220843
524 404 1.07629524061
525 405 1.09958029125
526 406 1.04196782721
527 407 1.00949463175
528 408 0.990917578386
529 409 0.958748516049
530 410 0.920817779446
531 411 0.942898869514
532 412 0.964108939471
533 413 0.926879302878
534 414 0.911477914444
535 415 0.943573840137
536 416 0.948327453469
537 417 3.04766667211
538 417 3.04766667211
539 417 3.04766667211
540 417 3.04766667211
541 417 3.04766667211
542 417 3.04766667211
543 417 3.04766667211
544 417 3.04766667211
545 417 3.04766667211
546 417 3.04766667211
547 417 3.04766667211
548 417 3.04766667211
549 417 3.04766667211
550 417 3.04766667211
551 417 3.04766667211
552 417 3.04766667211
553 417 3.04766667211
554 417 3.04766667211
555 417 3.04766667211
556 417 3.04766667211
557 417 3.04766667211
558 417 3.04766667211
559 417 3.04766667211
560 417 3.04766667211
561 417 3.04766667211
562 417 3.04766667211
563 417 3.04766667211
564 417 3.04766667211
565 417 3.04766667211
566 417 3.04766667211
567 417 3.04766667211
568 417 3.04766667211
569 417 3.04766667211
570 417 3.04766667211
571 417 3.04766667211
572 417 3.04766667211
573 417 3.04766667211
574 417 3.04766667211
575 417 3.04766667211
576 417 3.04766667211
577 417 3.04766667211
578 417 3.04766667211
579 417 3.04766667211
580 417 3.04766667211
581 417 3.04766667211
582 417 3.04766667211
583 417 3.04766667211
584 417 3.04766667211
585 417 3.04766667211
586 417 3.04766667211
587 417 3.04766667211
588 417 3.04766667211
589 417 3.04766667211
590 417 3.04766667211
591 417 3.04766667211
592 417 3.04766667211
593 417 3.04766667211
594 417 3.04766667211
595 417 3.04766667211
596 417 3.04766667211
597 417 3.04766667211
598 417 3.04766667211
599 417 3.04766667211
600 417 3.04766667211
601 417 3.04766667211
602 417 3.04766667211
603 417 3.04766667211
604 417 3.04766667211
605 417 3.04766667211
606 417 3.04766667211
607 417 3.04766667211
608 417 3.04766667211
609 417 3.04766667211
610 417 3.04766667211
611 417 3.04766667211
612 417 3.04766667211
613 417 3.04766667211
614 417 3.04766667211
615 417 3.04766667211
616 418 0.799377617
617 418 0.799377617
618 418 0.799377617
619 418 0.799377617
620 418 0.799377617
621 418 0.799377617
622 418 0.799377617
623 418 0.799377617
624 418 0.799377617
625 418 0.799377617
626 418 0.799377617
627 418 0.799377617
628 418 0.799377617
629 418 0.799377617
630 418 0.799377617
631 418 0.799377617
632 418 0.799377617
633 418 0.799377617
634 418 0.799377617
635 418 0.799377617
636 418 0.799377617
637 418 0.799377617
638 418 0.799377617
639 418 0.799377617
640 418 0.799377617
641 418 0.799377617
642 418 0.799377617
643 418 0.799377617
644 418 0.799377617
645 418 0.799377617
646 418 0.799377617
647 418 0.799377617
648 418 0.799377617
649 418 0.799377617
650 418 0.799377617
651 418 0.799377617
652 418 0.799377617
653 418 0.799377617
654 418 0.799377617
655 418 0.799377617
656 418 0.799377617
657 418 0.799377617
658 418 0.799377617
659 418 0.799377617
660 418 0.799377617
661 418 0.799377617
662 418 0.799377617
663 418 0.799377617
664 418 0.799377617
665 418 0.799377617
666 418 0.799377617
667 418 0.799377617
668 418 0.799377617
669 418 0.799377617
670 418 0.799377617
671 418 0.799377617
672 418 0.799377617
673 418 0.799377617
674 418 0.799377617
675 418 0.799377617
676 418 0.799377617
677 418 0.799377617
678 418 0.799377617
679 418 0.799377617
680 418 0.799377617
681 418 0.799377617
682 418 0.799377617
683 418 0.799377617
684 418 0.799377617
685 418 0.799377617
686 418 0.799377617
687 418 0.799377617
688 418 0.799377617
689 418 0.799377617
690 418 0.799377617
691 418 0.799377617
692 418 0.799377617
693 418 0.799377617
694 418 0.799377617
695 419 1.97021166007
696 419 1.97021166007
697 419 1.97021166007
698 419 1.97021166007
699 419 1.97021166007
700 419 1.97021166007
701 419 1.97021166007
702 419 1.97021166007
703 419 1.97021166007
704 419 1.97021166007
705 419 1.97021166007
706 419 1.97021166007
707 419 1.97021166007
708 419 1.97021166007
709 419 1.97021166007
710 419 1.97021166007
711 419 1.97021166007
712 419 1.97021166007
713 419 1.97021166007
714 419 1.97021166007
715 419 1.97021166007
716 419 1.97021166007
717 419 1.97021166007
718 419 1.97021166007
719 419 1.97021166007
720 419 1.97021166007
721 419 1.97021166007
722 419 1.97021166007
723 419 1.97021166007
724 419 1.97021166007
725 419 1.97021166007
726 419 1.97021166007
727 419 1.97021166007
728 419 1.97021166007
729 419 1.97021166007
730 419 1.97021166007
731 419 1.97021166007
732 419 1.97021166007
733 419 1.97021166007
734 419 1.97021166007
735 419 1.97021166007
736 419 1.97021166007
737 419 1.97021166007
738 419 1.97021166007
739 419 1.97021166007
740 419 1.97021166007
741 419 1.97021166007
742 419 1.97021166007
743 419 1.97021166007
744 419 1.97021166007
745 419 1.97021166007
746 419 1.97021166007
747 419 1.97021166007
748 419 1.97021166007
749 419 1.97021166007
750 419 1.97021166007
751 419 1.97021166007
752 419 1.97021166007
753 419 1.97021166007
754 419 1.97021166007
755 419 1.97021166007
756 419 1.97021166007
757 419 1.97021166007
758 419 1.97021166007
759 419 1.97021166007
760 419 1.97021166007
761 419 1.97021166007
762 419 1.97021166007
763 419 1.97021166007
764 419 1.97021166007
765 419 1.97021166007
766 419 1.97021166007
767 419 1.97021166007
768 419 1.97021166007
769 419 1.97021166007
770 419 1.97021166007
771 419 1.97021166007
772 419 1.97021166007
773 420 1.42158934112
774 420 1.42158934112
775 420 1.42158934112
776 420 1.42158934112
777 420 1.42158934112
778 420 1.42158934112
779 420 1.42158934112
780 420 1.42158934112
781 420 1.42158934112
782 420 1.42158934112
783 420 1.42158934112
784 420 1.42158934112
785 420 1.42158934112
786 420 1.42158934112
787 420 1.42158934112
788 420 1.42158934112
789 420 1.42158934112
790 420 1.42158934112
791 420 1.42158934112
792 420 1.42158934112
793 420 1.42158934112
794 420 1.42158934112
795 420 1.42158934112
796 420 1.42158934112
797 420 1.42158934112
798 420 1.42158934112
799 420 1.42158934112
800 420 1.42158934112
801 420 1.42158934112
802 420 1.42158934112
803 420 1.42158934112
804 420 1.42158934112
805 420 1.42158934112
806 420 1.42158934112
807 420 1.42158934112
808 420 1.42158934112
809 420 1.42158934112
810 420 1.42158934112
811 420 1.42158934112
812 420 1.42158934112
813 420 1.42158934112
814 420 1.42158934112
815 420 1.42158934112
816 420 1.42158934112
817 420 1.42158934112
818 420 1.42158934112
819 420 1.42158934112
820 420 1.42158934112
821 420 1.42158934112
822 420 1.42158934112
823 420 1.42158934112
824 420 1.42158934112
825 420 1.42158934112
826 421 5.22541382322
827 421 5.22541382322
828 421 5.22541382322
829 421 5.22541382322
830 421 5.22541382322
831 421 5.22541382322
832 421 5.22541382322
833 421 5.22541382322
834 421 5.22541382322
835 421 5.22541382322
836 421 5.22541382322
837 421 5.22541382322
838 421 5.22541382322
839 421 5.22541382322
840 421 5.22541382322
841 421 5.22541382322
842 421 5.22541382322
843 421 5.22541382322
844 421 5.22541382322
845 421 5.22541382322
846 421 5.22541382322
847 421 5.22541382322
848 421 5.22541382322
849 421 5.22541382322
850 421 5.22541382322
851 421 5.22541382322
852 421 5.22541382322
853 421 5.22541382322
854 421 5.22541382322
855 421 5.22541382322
856 421 5.22541382322
857 421 5.22541382322
858 421 5.22541382322
859 421 5.22541382322
860 421 5.22541382322
861 421 5.22541382322
862 421 5.22541382322
863 421 5.22541382322
864 421 5.22541382322
865 421 5.22541382322
866 421 5.22541382322
867 421 5.22541382322
868 421 5.22541382322
869 421 5.22541382322
870 421 5.22541382322
871 421 5.22541382322
872 421 5.22541382322
873 421 5.22541382322
874 421 5.22541382322
875 421 5.22541382322
876 421 5.22541382322
877 421 5.22541382322
878 421 5.22541382322
879 422 5.75953497687
880 422 5.75953497687
881 422 5.75953497687
882 422 5.75953497687
883 422 5.75953497687
884 422 5.75953497687
885 422 5.75953497687
886 422 5.75953497687
887 422 5.75953497687
888 422 5.75953497687
889 422 5.75953497687
890 422 5.75953497687
891 422 5.75953497687
892 422 5.75953497687
893 422 5.75953497687
894 422 5.75953497687
895 422 5.75953497687
896 422 5.75953497687
897 422 5.75953497687
898 422 5.75953497687
899 422 5.75953497687
900 422 5.75953497687
901 422 5.75953497687
902 422 5.75953497687
903 422 5.75953497687
904 422 5.75953497687
905 422 5.75953497687
906 422 5.75953497687
907 422 5.75953497687
908 422 5.75953497687
909 422 5.75953497687
910 422 5.75953497687
911 422 5.75953497687
912 422 5.75953497687
913 422 5.75953497687
914 422 5.75953497687
915 422 5.75953497687
916 422 5.75953497687
917 422 5.75953497687
918 422 5.75953497687
919 422 5.75953497687
920 422 5.75953497687
921 422 5.75953497687
922 422 5.75953497687
923 422 5.75953497687
924 422 5.75953497687
925 422 5.75953497687
926 422 5.75953497687
927 422 5.75953497687
928 422 5.75953497687
929 422 5.75953497687
930 422 5.75953497687
931 422 5.75953497687
932 422 5.75953497687
933 422 5.75953497687
934 422 5.75953497687
935 422 5.75953497687
936 422 5.75953497687
937 422 5.75953497687
938 423 1.56885385038
939 423 1.56885385038
940 423 1.56885385038
941 423 1.56885385038
942 423 1.56885385038
943 423 1.56885385038
944 423 1.56885385038
945 423 1.56885385038
946 423 1.56885385038
947 423 1.56885385038
948 423 1.56885385038
949 423 1.56885385038
950 423 1.56885385038
951 423 1.56885385038
952 423 1.56885385038
953 423 1.56885385038
954 423 1.56885385038
955 423 1.56885385038
956 423 1.56885385038
957 423 1.56885385038
958 423 1.56885385038
959 423 1.56885385038
960 423 1.56885385038
961 423 1.56885385038
962 423 1.56885385038
963 423 1.56885385038
964 423 1.56885385038
965 423 1.56885385038
966 423 1.56885385038
967 423 1.56885385038
968 423 1.56885385038
969 423 1.56885385038
970 423 1.56885385038
971 423 1.56885385038
972 423 1.56885385038
973 423 1.56885385038
974 423 1.56885385038
975 423 1.56885385038
976 423 1.56885385038
977 423 1.56885385038
978 423 1.56885385038
979 423 1.56885385038
980 423 1.56885385038
981 423 1.56885385038
982 423 1.56885385038
983 423 1.56885385038
984 423 1.56885385038
985 423 1.56885385038
986 423 1.56885385038
987 423 1.56885385038
988 423 1.56885385038
989 423 1.56885385038
990 423 1.56885385038
991 423 1.56885385038
992 423 1.56885385038
993 423 1.56885385038
994 423 1.56885385038
995 423 1.56885385038
996 424 6.49771087435
997 424 6.49771087435
998 424 6.49771087435
999 424 6.49771087435
1000 424 6.49771087435
1001 424 6.49771087435
1002 424 6.49771087435
1003 424 6.49771087435
1004 424 6.49771087435
1005 424 6.49771087435
1006 424 6.49771087435
1007 424 6.49771087435
1008 424 6.49771087435
1009 424 6.49771087435
1010 424 6.49771087435
1011 424 6.49771087435
1012 424 6.49771087435
1013 424 6.49771087435
1014 424 6.49771087435
1015 424 6.49771087435
1016 424 6.49771087435
1017 424 6.49771087435
1018 424 6.49771087435
1019 424 6.49771087435
1020 424 6.49771087435
1021 424 6.49771087435
1022 424 6.49771087435
1023 424 6.49771087435
1024 424 6.49771087435
1025 424 6.49771087435
1026 424 6.49771087435
1027 424 6.49771087435
1028 424 6.49771087435
1029 424 6.49771087435
1030 424 6.49771087435
1031 424 6.49771087435
1032 424 6.49771087435
1033 424 6.49771087435
1034 424 6.49771087435
1035 424 6.49771087435
1036 424 6.49771087435
1037 424 6.49771087435
1038 424 6.49771087435
1039 424 6.49771087435
1040 424 6.49771087435
1041 424 6.49771087435
1042 424 6.49771087435
1043 424 6.49771087435
1044 424 6.49771087435
1045 424 6.49771087435
1046 424 6.49771087435
1047 424 6.49771087435
1048 424 6.49771087435
1049 424 6.49771087435
1050 424 6.49771087435
1051 424 6.49771087435
1052 424 6.49771087435
1053 424 6.49771087435
1054 424 6.49771087435
1055 424 6.49771087435
1056 424 6.49771087435
1057 424 6.49771087435
1058 424 6.49771087435
1059 424 6.49771087435
1060 424 6.49771087435
1061 424 6.49771087435
1062 424 6.49771087435
1063 424 6.49771087435
1064 424 6.49771087435
1065 424 6.49771087435
1066 424 6.49771087435
1067 424 6.49771087435
1068 424 6.49771087435
1069 424 6.49771087435
1070 424 6.49771087435
1071 424 6.49771087435
1072 424 6.49771087435
1073 424 6.49771087435
1074 424 6.49771087435
1075 424 6.49771087435
1076 424 6.49771087435
1077 424 6.49771087435
1078 424 6.49771087435
1079 424 6.49771087435
1080 424 6.49771087435
1081 424 6.49771087435
1082 424 6.49771087435
1083 424 6.49771087435
1084 424 6.49771087435
1085 424 6.49771087435
1086 424 6.49771087435
1087 424 6.49771087435
1088 424 6.49771087435
1089 424 6.49771087435
1090 424 6.49771087435
1091 424 6.49771087435
1092 425 7.43856900418
1093 426 7.55625509164
1094 427 7.57433074258
1095 428 7.49983686717
1096 429 7.48899743466
1097 430 7.38412562717
1098 431 7.26180028698
1099 432 7.21729604297
1100 433 7.09205815483
1101 434 7.10690149429
1102 435 7.22514269245
1103 436 7.26543543033
1104 437 7.38099236504
1105 438 7.34710981115
1106 439 7.36861211469
1107 440 7.37391984982
1108 441 7.2394267843
1109 442 7.19872293533
1110 443 7.25826637712
1111 444 7.22572318921
1112 445 7.31878090254
1113 446 7.2754435388
1114 447 7.3057283022
1115 448 7.35057325518
1116 449 7.42609722027
1117 450 7.38022029576
1118 451 7.34126846369
1119 452 7.22106357877
1120 453 7.1341261337
1121 454 7.03917498229
1122 455 6.94970459842
1123 456 6.99741198595
1124 457 7.01427257393
1125 458 6.87772587005
1126 459 6.84622364533
1127 460 6.9255021964
1128 461 6.88270952473
1129 462 6.75187468
1130 463 6.78152238751
1131 464 6.85614589951
1132 465 6.96714733189
1133 466 7.08141336931
1134 467 7.18531472806
1135 468 7.1885292196
1136 469 7.3054985855
1137 470 7.36150353921
1138 471 7.28820050578
1139 472 7.2357652072
1140 473 4.31018209714
1141 473 4.31018209714
1142 473 4.31018209714
1143 473 4.31018209714
1144 473 4.31018209714
1145 473 4.31018209714
1146 473 4.31018209714
1147 473 4.31018209714
1148 473 4.31018209714
