1 0 0.563621905165
2 1 0.568318451623
3 2 0.589950913346
4 3 0.624387161597
5 4 0.662271600937
6 5 0.701761773028
7 6 0.738850066535
8 7 0.766104201845
9 8 0.783795255206
10 9 0.800041881339
11 10 0.768780771792
12 11 0.751619689139
13 12 0.769876849343
14 13 0.749633201768
15 14 0.714723454067
16 15 0.724032369491
17 16 0.706014166995
18 17 0.753286718603
19 18 0.746544778764
20 19 0.71658862625
21 20 0.672962590799
22 21 0.696343635388
23 22 0.730150105871
24 23 0.723153511019
25 24 0.772110889073
26 25 0.765105355047
27 26 0.811569951662
28 27 0.813618111008
29 28 0.858252136069
30 29 0.868248247064
31 30 0.912484908723
32 31 0.87860684129
33 32 0.856028514805
34 33 0.807664113075
35 34 0.793476462743
36 35 0.739652404312
37 36 0.737422956756
38 37 0.687916391014
39 38 0.708004353043
40 39 0.705553618648
41 40 0.701951295514
42 41 0.66089786856
43 42 0.628006580196
44 43 0.633771127243
45 44 0.659770865231
46 45 0.706711257846
47 46 0.75371579579
48 47 0.809428945919
49 48 0.851947147961
50 49 0.855069383871
51 50 0.917243764394
52 51 0.95047923571
53 52 0.980197403732
54 53 1.0045067521
55 54 1.03887878704
56 55 0.992466136099
57 56 0.922168620649
58 57 0.897817869132
59 58 0.860365584414
60 59 0.84810438684
61 60 0.840764929829
62 61 0.829986093588
63 62 0.839219622366
64 63 0.882323348771
65 64 0.861920512388
66 65 0.876079808254
67 66 0.927242582082
68 67 0.97954310808
69 68 0.970796888461
70 69 0.930428506571
71 70 0.940895355877
72 71 0.906933984261
73 72 0.933341177188
74 73 0.927878442957
75 74 0.948336013762
76 75 0.966117693288
77 76 0.994868889017
78 77 1.05730369495
79 78 1.08175239584
80 79 1.07252649401
81 80 1.0290905437
82 81 1.0332463135
83 82 1.01941512546
84 83 1.00316154169
85 84 1.00622465766
86 85 0.97436557558
87 86 1.0277705632
88 87 0.99554879121
89 88 1.05058010409
90 89 1.0138081895
91 90 0.957483681708
92 91 0.890898467789
93 92 0.871933194786
94 93 0.94296954193
95 94 0.947159878566
96 95 1.00722898044
97 96 0.972772805128
98 97 0.985119860036
99 98 1.05947460136
100 99 1.07777030789
101 100 1.11292054554
102 101 1.13853722705
103 102 1.1340321438
104 103 1.13700088955
105 104 1.17640403413
106 105 1.19395806291
107 106 1.13874155152
108 107 1.1756211368
109 108 1.1065301166
110 109 1.03769388422
111 110 0.9868389883
112 111 0.913493965173
113 112 0.887955768179
114 113 0.904009433746
115 114 0.865231449269
116 115 0.887557924173
117 116 0.879706044473
118 117 0.835793538123
119 118 0.87573760373
120 119 0.87887054985
121 120 0.934040203306
122 121 0.983357090914
123 122 0.995861352044
124 123 0.98971892564
125 124 0.962032532947
126 125 0.961295151867
127 126 0.969185555854
128 127 0.977090893538
129 128 1.0035140858
130 129 1.04411355318
131 130 1.10566701121
132 131 1.05391677955
133 132 1.07547600962
134 133 1.0219376499
135 134 1.05881635162
136 135 1.03989427129
137 136 1.07729617239
138 137 1.08707161724
139 138 1.11012654873
140 139 1.15156633239
141 140 1.17690679786
142 141 1.11327028325
143 142 1.16741380019
144 143 1.19306182609
145 144 1.12748025637
146 145 1.17720881681
147 146 1.20909599519
148 147 1.16152648386
149 148 1.19313817742
150 149 1.16836408062
151 150 1.12901515264
152 151 1.11458236933
153 152 1.12199076607
154 153 1.0843345832
155 154 1.09585585444
156 155 1.02263875804
157 156 1.0489211683
158 157 1.1241204812
159 158 1.14819309354
160 159 1.10642616778
161 160 1.13480861952
162 161 1.15583730219
163 162 1.11172121785
164 163 1.03658942333
165 164 0.981734185627
166 165 0.939114711632
167 166 0.937522721041
168 167 0.886388354589
169 168 0.886790495526
170 169 0.837844409252
171 170 0.838558983448
172 171 0.791761262701
173 172 0.806537692031
174 173 0.763089861099
175 174 0.741267773391
176 175 0.725904842499
177 176 0.761828086179
178 177 0.745485611658
179 178 0.760330830204
180 179 0.825403196907
181 180 0.863340134783
182 181 0.851048688488
183 182 0.84194538968
184 183 0.823719053413
185 184 0.865159916681
186 185 0.857196348364
187 186 0.915505861648
188 187 0.905756960091
189 188 0.887462836521
190 189 0.892814483028
191 190 0.848997481274
192 191 0.87160521245
193 192 0.853002299966
194 193 0.902859529418
195 194 0.89878771258
196 195 0.94930606217
197 196 0.979686124457
198 197 1.00357598352
199 198 1.07861492615
200 199 1.06144646784
201 200 1.06614865027
202 201 1.00915049212
203 202 0.993719899627
204 203 0.949604020988
205 204 0.888382594024
206 205 0.857295351758
207 206 0.85023266364
208 207 0.797082838444
209 208 0.823237898893
210 209 0.810184678034
211 210 0.815904759202
212 211 0.850800969711
213 212 0.854502867853
214 213 0.844176976736
215 214 0.801937058392
216 215 0.773658741976
217 216 0.74308441008
218 217 0.733962794742
219 218 0.709225730665
220 219 0.703483547284
221 220 0.651810655867
222 221 0.648937570222
223 222 0.633343976163
224 223 0.615080623645
225 224 0.58842081703
226 225 0.59639297991
227 226 0.628472048721
228 227 0.645723531579
229 228 0.667486155987
230 229 0.654478426577
231 230 0.686636043864
232 231 0.674792317798
233 232 0.710702368802
234 233 0.706960239837
235 234 0.753992957411
236 235 0.779391267734
237 236 0.785068848933
238 237 0.731635704762
239 238 0.710229016954
240 239 0.674521935907
241 240 0.68550623746
242 241 0.659744828978
243 242 0.685343728933
244 243 0.665419266567
245 244 0.702986346711
246 245 0.696479736155
247 246 0.735553400102
248 247 0.730697147426
249 248 4.08806643502
250 248 4.08806643502
251 248 4.08806643502
252 248 4.08806643502
253 248 4.08806643502
254 248 4.08806643502
255 248 4.08806643502
256 248 4.08806643502
257 248 4.08806643502
258 248 4.08806643502
259 249 1.55818956487
260 249 1.55818956487
261 249 1.55818956487
262 249 1.55818956487
263 249 1.55818956487
264 249 1.55818956487
265 249 1.55818956487
266 249 1.55818956487
267 249 1.55818956487
268 249 1.55818956487
269 250 0.555225519791
270 250 0.555225519791
271 250 0.555225519791
272 250 0.555225519791
273 250 0.555225519791
274 250 0.555225519791
275 250 0.555225519791
276 250 0.555225519791
277 250 0.555225519791
278 250 0.555225519791
279 251 0.555225519791
280 251 0.555225519791
281 251 0.555225519791
282 251 0.555225519791
283 251 0.555225519791
284 251 0.555225519791
285 251 0.555225519791
286 251 0.555225519791
287 251 0.555225519791
288 252 0.934848858527
289 253 0.937957283588
290 254 0.874589770291
291 255 0.822470122073
292 256 0.786606224108
293 257 0.753409268397
294 258 0.742921404293
295 259 0.705245542133
296 260 0.698083256449
297 261 0.650751582873
298 262 0.65074952181
299 263 0.677823515616
300 264 0.662151253009
301 265 0.686665617829
302 266 0.653883695445
303 267 0.661736582261
304 268 0.705816545317
305 269 0.724065688802
306 270 0.728410813473
307 271 0.691717528541
308 272 0.703291242435
309 273 0.673375847261
310 274 0.655593143052
311 275 0.636494776778
312 276 0.614896376768
313 277 0.589182253522
314 278 0.616646320138
315 279 0.591565568887
316 280 0.591957717216
317 281 0.55397001186
318 282 0.55539629248
319 283 0.583598134178
320 284 0.591439503006
321 285 0.618562624074
322 286 0.629940357937
323 287 0.662871754898
324 288 0.68486295477
325 289 0.657742411075
326 290 0.631450294363
327 291 0.604830229346
328 292 0.588082842326
329 293 0.57869327685
330 294 0.558560136472
331 295 0.562920859939
332 296 0.546738311018
333 297 0.555912428266
334 298 0.55604339234
335 299 0.549792379612
336 300 0.577413033567
337 301 0.57959585995
338 302 0.597046713773
339 303 0.585774122237
340 304 0.575927693582
341 305 0.571857869895
342 306 0.546191632102
343 307 0.54984028629
344 308 0.566410251901
345 309 0.560270707478
346 310 0.578784566558
347 311 0.555225519791
348 311 0.555225519791
349 311 0.555225519791
