1 0 3.193135008
2 0 3.193135008
3 0 3.193135008
4 0 3.193135008
5 0 3.193135008
6 0 3.193135008
7 0 3.193135008
8 0 3.193135008
9 0 3.193135008
10 0 3.193135008
11 0 3.193135008
12 0 3.193135008
13 0 3.193135008
14 0 3.193135008
15 0 3.193135008
16 0 3.193135008
17 0 3.193135008
18 0 3.193135008
19 0 3.193135008
20 0 3.193135008
21 0 3.193135008
22 0 3.193135008
23 0 3.193135008
24 0 3.193135008
25 0 3.193135008
26 0 3.193135008
27 0 3.193135008
28 0 3.193135008
29 0 3.193135008
30 0 3.193135008
31 0 3.193135008
32 0 3.193135008
33 0 3.193135008
34 0 3.193135008
35 0 3.193135008
36 0 3.193135008
37 0 3.193135008
38 0 3.193135008
39 0 3.193135008
40 0 3.193135008
41 0 3.193135008
42 0 3.193135008
43 0 3.193135008
44 0 3.193135008
45 1 2.62414939369
46 2 2.33220637541
47 3 2.04246655724
48 4 1.822343251
49 5 1.94856284084
50 6 1.74559996496
51 7 1.93499830211
52 8 1.80541251495
53 9 1.9123643405
54 10 2.10959706235
55 11 1.98433761061
56 12 2.11342087111
57 13 2.02869367798
58 14 1.97552580241
59 15 2.03211770749
60 16 2.01964785714
61 17 1.88042138604
62 18 2.14676373008
63 19 1.95645542523
64 20 1.69953092275
65 21 1.79407985126
66 22 1.73908504184
67 23 1.55105720962
68 24 1.67766638538
69 25 1.55980047963
70 26 1.6276345232
71 27 1.61441826158
72 28 1.67548738058
73 29 1.8337748686
74 30 1.62508715762
75 31 1.43121965919
76 32 1.30263414405
77 33 1.29409563496
78 34 1.24146479287
79 35 1.27463677533
80 36 1.27540406687
81 37 1.35616126198
82 38 1.56964979133
83 39 1.52365505381
84 40 1.242053606
85 41 1.26935011697
86 42 1.09890839073
87 43 1.09313823489
88 44 7.42219953924
89 44 7.42219953924
90 44 7.42219953924
91 44 7.42219953924
92 44 7.42219953924
93 44 7.42219953924
94 44 7.42219953924
95 44 7.42219953924
96 44 7.42219953924
97 44 7.42219953924
98 44 7.42219953924
99 44 7.42219953924
100 44 7.42219953924
101 44 7.42219953924
102 44 7.42219953924
103 44 7.42219953924
104 44 7.42219953924
105 44 7.42219953924
106 44 7.42219953924
107 44 7.42219953924
108 44 7.42219953924
109 44 7.42219953924
110 44 7.42219953924
111 44 7.42219953924
112 44 7.42219953924
113 44 7.42219953924
114 44 7.42219953924
115 44 7.42219953924
116 44 7.42219953924
117 44 7.42219953924
118 44 7.42219953924
119 44 7.42219953924
120 44 7.42219953924
121 44 7.42219953924
122 44 7.42219953924
123 44 7.42219953924
124 45 1.06360511078
125 46 1.07034593657
126 47 1.09076142523
127 48 1.12051689135
128 49 1.16472647417
129 50 1.21302551911
130 51 1.26002322344
131 52 3.90234073042
132 52 3.90234073042
133 52 3.90234073042
134 52 3.90234073042
135 52 3.90234073042
136 52 3.90234073042
137 52 3.90234073042
138 52 3.90234073042
139 52 3.90234073042
140 52 3.90234073042
141 52 3.90234073042
142 52 3.90234073042
143 52 3.90234073042
144 52 3.90234073042
145 52 3.90234073042
146 52 3.90234073042
147 52 3.90234073042
148 52 3.90234073042
149 53 1.49759035862
150 54 1.57881790486
151 55 1.71910206044
152 56 1.64063367829
153 57 1.93729315381
154 58 1.91697709101
155 59 1.75960582103
156 60 1.88174562773
157 61 1.79239528092
158 62 1.90758411044
159 63 1.92342249983
160 64 1.97710834076
161 65 1.76830434155
162 66 1.52997608674
163 67 1.4823792653
164 68 1.5693336029
165 69 1.52345338212
166 70 1.64368216523
167 71 1.62315344831
168 72 1.89745890761
169 73 2.04859688213
170 74 2.12426451372
171 75 1.86155109633
172 76 1.69416883077
173 77 1.45026515404
174 78 1.55176027887
175 79 1.43805276998
176 80 1.50062896842
177 81 1.33669074001
178 82 1.35732950241
179 83 1.23755262826
180 84 1.28514236226
181 85 1.20458417071
182 86 1.21831268207
183 87 1.21824085934
184 88 1.15310561207
185 89 1.19379225289
186 90 1.24926112606
187 91 1.30335279682
188 92 1.38459880364
189 93 1.37715365961
190 94 1.37269504201
191 95 1.29123687848
192 96 1.2442595948
193 97 1.34492920872
194 98 1.39232152089
195 99 1.32634376744
196 100 1.40534521954
197 101 1.47457163601
198 102 1.69597773457
199 103 1.8149236537
200 104 1.77878683275
201 105 1.93221358029
202 106 1.96078266751
203 107 1.98198035409
204 108 2.2497128907
205 109 2.28757027392
206 110 2.18235955144
207 111 2.43020408467
208 112 2.3864240146
209 113 2.67716020932
210 114 2.82034252386
211 115 2.86301429736
212 116 2.72724148278
213 117 2.38596657312
214 118 2.40415869826
215 119 2.22245478787
216 120 2.24100838817
217 121 2.3883532553
218 122 2.26780039849
219 123 2.32325800416
220 124 2.6593184198
221 125 2.58969432409
222 126 2.6139319189
223 127 2.37354558117
224 128 2.42805851348
225 129 2.15677610482
226 130 2.26368352641
227 131 2.07043893448
228 132 2.25178313065
229 133 2.21905834097
230 134 2.17498580022
231 135 2.43965897191
232 136 2.6149841025
233 137 2.59176904989
234 138 2.89291480529
235 139 2.94339477441
236 140 3.24756567507
237 141 3.21293577883
238 142 3.20880340669
239 143 3.00717985683
240 144 2.7493190711
241 145 2.78221897666
242 146 2.77566370762
243 147 2.79592673686
244 148 2.82938192745
245 149 2.98209938178
246 150 3.11205194735
247 151 3.47807882209
248 152 3.4399777647
249 153 3.81044374582
250 154 3.73870307467
251 155 3.36223897983
252 156 3.48894382391
253 157 3.5318633645
254 158 3.31017340614
255 159 3.36520751818
256 160 3.1711047299
257 161 3.27230468046
258 162 3.20512875187
259 163 3.27994461701
260 164 3.48639407869
261 165 3.74574586612
262 166 3.77577240606
263 167 3.68064217344
264 168 3.62320417928
265 169 3.68114775719
266 170 3.51295696238
267 171 3.5525352259
268 172 3.29503433046
269 173 3.3148921104
270 174 3.46694915155
271 175 3.24137685072
272 176 3.4873066973
273 177 5.81025747345
274 177 5.81025747345
275 177 5.81025747345
276 177 5.81025747345
277 177 5.81025747345
278 177 5.81025747345
279 177 5.81025747345
280 177 5.81025747345
281 177 5.81025747345
282 177 5.81025747345
283 177 5.81025747345
284 177 5.81025747345
285 178 3.96310500443
286 179 4.04984311548
287 180 4.16391905176
288 181 4.03111773115
289 182 4.19616154155
290 183 4.28086071669
291 184 4.2056262324
292 185 4.42570245935
293 186 4.15945259729
294 187 4.11763300773
295 188 4.2474868451
296 189 4.54315201535
297 190 4.64245516303
298 191 4.4869034693
299 192 4.3333375007
300 193 4.06024337035
301 194 3.71879769168
302 195 3.61258946072
303 196 3.62602657635
304 197 3.47336708481
305 198 3.18830806069
306 199 3.14827646482
307 200 3.3361666119
308 201 3.35360048552
309 202 3.57523757803
310 203 3.73451315894
311 204 3.63899390578
312 205 4.00591155841
313 206 4.28801811389
314 207 4.48696848414
315 208 4.22134401286
316 209 4.14119636056
317 210 3.94122422354
318 211 3.78109794752
319 212 3.72974551207
320 213 3.61893146141
321 214 3.62892991742
322 215 3.63992516002
323 216 4.01172363764
324 217 3.9787237366
325 218 4.13547583555
326 219 4.00083117412
327 220 4.2021091978
328 221 4.22539323089
329 222 4.3672292677
330 223 4.51584658067
331 224 4.43618887609
332 225 4.81671312863
333 226 5.06462572757
334 227 9.13993315995
335 227 9.13993315995
336 227 9.13993315995
337 227 9.13993315995
338 227 9.13993315995
339 227 9.13993315995
340 227 9.13993315995
341 227 9.13993315995
342 227 9.13993315995
343 227 9.13993315995
344 227 9.13993315995
345 227 9.13993315995
346 227 9.13993315995
347 227 9.13993315995
348 227 9.13993315995
349 227 9.13993315995
350 227 9.13993315995
351 227 9.13993315995
352 227 9.13993315995
353 227 9.13993315995
354 227 9.13993315995
355 227 9.13993315995
356 228 4.74491018292
357 229 4.91146683751
358 230 4.70440832934
359 231 4.75118364316
360 232 4.68387757297
361 233 4.50489030449
362 234 4.33268671853
363 235 4.3844328738
364 236 4.28401382725
365 237 3.9779739951
366 238 4.01330760888
367 239 3.76907818535
368 240 3.5118506685
369 241 3.45809271833
370 242 3.09299911479
371 243 3.15656440759
372 244 3.40353871732
373 245 3.3152446161
374 246 3.51005734928
375 247 3.33172772871
376 248 3.32962339169
377 249 3.44834953455
378 250 3.5046324314
379 251 3.80219685182
380 252 3.76542505607
381 253 4.1293971608
382 254 4.26781894984
383 255 3.93312714013
384 256 3.66019629579
385 257 3.38247720478
386 258 3.39509346667
387 259 3.19177317483
388 260 3.32789218445
389 261 3.21029910586
390 262 3.47379831765
391 263 3.22003774975
392 264 3.41776028234
393 265 3.3480085836
394 266 3.68449344205
395 267 3.69448662776
396 268 3.80106452725
397 269 3.51837079803
398 270 3.13147289599
399 271 2.95609738431
400 272 2.89763296086
401 273 2.91029760131
402 274 2.78278127723
403 275 2.61189782483
404 276 2.53286638823
405 277 2.60117259639
406 278 2.49192381391
407 279 2.66047666614
408 280 2.55101045655
409 281 2.77539223274
410 282 2.84504233371
411 283 2.65159101229
412 284 2.71459943263
413 285 2.5185438055
414 286 2.60585976019
415 287 2.37493015285
416 288 2.46089792105
417 289 2.27788911262
418 290 2.4343786695
419 291 2.43098179454
420 292 2.34898459548
421 293 2.13220308172
422 294 2.07630216302
423 295 2.16845174636
424 296 2.39998722736
425 297 2.58691933839
426 298 2.96498037932
427 299 3.98408755545
428 299 3.98408755545
429 299 3.98408755545
430 299 3.98408755545
431 299 3.98408755545
432 299 3.98408755545
433 299 3.98408755545
434 299 3.98408755545
435 299 3.98408755545
436 299 3.98408755545
437 299 3.98408755545
438 299 3.98408755545
439 299 3.98408755545
440 299 3.98408755545
441 299 3.98408755545
442 299 3.98408755545
443 299 3.98408755545
444 299 3.98408755545
445 299 3.98408755545
446 299 3.98408755545
447 299 3.98408755545
448 299 3.98408755545
449 299 3.98408755545
450 299 3.98408755545
451 299 3.98408755545
452 299 3.98408755545
453 299 3.98408755545
454 299 3.98408755545
455 299 3.98408755545
456 299 3.98408755545
457 299 3.98408755545
458 299 3.98408755545
459 299 3.98408755545
460 299 3.98408755545
461 299 3.98408755545
462 299 3.98408755545
463 299 3.98408755545
464 299 3.98408755545
465 299 3.98408755545
466 299 3.98408755545
467 299 3.98408755545
468 299 3.98408755545
469 299 3.98408755545
470 299 3.98408755545
471 299 3.98408755545
472 299 3.98408755545
473 299 3.98408755545
474 299 3.98408755545
475 299 3.98408755545
476 299 3.98408755545
477 299 3.98408755545
478 299 3.98408755545
479 299 3.98408755545
480 299 3.98408755545
481 299 3.98408755545
482 299 3.98408755545
483 299 3.98408755545
484 299 3.98408755545
485 299 3.98408755545
486 299 3.98408755545
487 299 3.98408755545
488 299 3.98408755545
489 299 3.98408755545
490 299 3.98408755545
491 300 2.28427142896
492 300 2.28427142896
493 300 2.28427142896
494 300 2.28427142896
495 300 2.28427142896
496 300 2.28427142896
497 300 2.28427142896
498 300 2.28427142896
499 300 2.28427142896
500 300 2.28427142896
501 300 2.28427142896
502 300 2.28427142896
503 300 2.28427142896
504 300 2.28427142896
505 300 2.28427142896
506 300 2.28427142896
507 300 2.28427142896
508 300 2.28427142896
509 300 2.28427142896
510 300 2.28427142896
511 300 2.28427142896
512 300 2.28427142896
513 300 2.28427142896
514 300 2.28427142896
515 300 2.28427142896
516 300 2.28427142896
517 300 2.28427142896
518 300 2.28427142896
519 300 2.28427142896
520 300 2.28427142896
521 300 2.28427142896
522 300 2.28427142896
523 300 2.28427142896
524 300 2.28427142896
525 300 2.28427142896
526 300 2.28427142896
527 300 2.28427142896
528 300 2.28427142896
529 300 2.28427142896
530 300 2.28427142896
531 300 2.28427142896
532 300 2.28427142896
533 300 2.28427142896
534 300 2.28427142896
535 300 2.28427142896
536 300 2.28427142896
537 300 2.28427142896
538 300 2.28427142896
539 300 2.28427142896
540 300 2.28427142896
541 300 2.28427142896
542 300 2.28427142896
543 300 2.28427142896
544 300 2.28427142896
545 300 2.28427142896
546 300 2.28427142896
547 300 2.28427142896
548 300 2.28427142896
549 300 2.28427142896
550 300 2.28427142896
551 300 2.28427142896
552 300 2.28427142896
553 300 2.28427142896
554 300 2.28427142896
555 300 2.28427142896
556 300 2.28427142896
557 300 2.28427142896
558 300 2.28427142896
559 300 2.28427142896
560 300 2.28427142896
561 300 2.28427142896
562 300 2.28427142896
563 300 2.28427142896
564 300 2.28427142896
565 300 2.28427142896
566 300 2.28427142896
567 300 2.28427142896
568 300 2.28427142896
569 300 2.28427142896
570 300 2.28427142896
571 300 2.28427142896
572 300 2.28427142896
573 300 2.28427142896
574 300 2.28427142896
575 301 2.22284513929
576 301 2.22284513929
577 301 2.22284513929
578 301 2.22284513929
579 301 2.22284513929
580 301 2.22284513929
581 301 2.22284513929
582 301 2.22284513929
583 301 2.22284513929
584 301 2.22284513929
585 301 2.22284513929
586 301 2.22284513929
587 301 2.22284513929
588 301 2.22284513929
589 301 2.22284513929
590 301 2.22284513929
591 301 2.22284513929
592 301 2.22284513929
593 301 2.22284513929
594 301 2.22284513929
595 301 2.22284513929
596 301 2.22284513929
597 301 2.22284513929
598 301 2.22284513929
599 301 2.22284513929
600 301 2.22284513929
601 301 2.22284513929
602 301 2.22284513929
603 301 2.22284513929
604 301 2.22284513929
605 301 2.22284513929
606 301 2.22284513929
607 301 2.22284513929
608 301 2.22284513929
609 301 2.22284513929
610 301 2.22284513929
611 301 2.22284513929
612 301 2.22284513929
613 301 2.22284513929
614 301 2.22284513929
615 301 2.22284513929
616 301 2.22284513929
617 301 2.22284513929
618 301 2.22284513929
619 301 2.22284513929
620 301 2.22284513929
621 301 2.22284513929
622 301 2.22284513929
623 301 2.22284513929
624 301 2.22284513929
625 301 2.22284513929
626 301 2.22284513929
627 301 2.22284513929
628 301 2.22284513929
629 301 2.22284513929
630 301 2.22284513929
631 301 2.22284513929
632 301 2.22284513929
633 301 2.22284513929
634 301 2.22284513929
635 301 2.22284513929
636 301 2.22284513929
637 301 2.22284513929
638 301 2.22284513929
639 301 2.22284513929
640 301 2.22284513929
641 301 2.22284513929
642 301 2.22284513929
643 301 2.22284513929
644 301 2.22284513929
645 301 2.22284513929
646 301 2.22284513929
647 301 2.22284513929
648 301 2.22284513929
649 301 2.22284513929
650 301 2.22284513929
651 301 2.22284513929
652 301 2.22284513929
653 301 2.22284513929
654 301 2.22284513929
655 301 2.22284513929
656 301 2.22284513929
657 301 2.22284513929
658 301 2.22284513929
659 302 3.86064929263
660 303 3.82206080603
661 304 3.66373044258
662 305 3.54693692717
663 306 3.53663085428
664 307 3.48048653977
665 308 3.3287755762
666 309 3.24821983228
667 310 3.26285509749
668 311 3.17175082218
669 312 3.02138785953
670 313 2.99551042705
671 314 3.00126107848
672 315 2.89503775698
673 316 2.7813058
674 317 2.77559907954
675 318 2.8075416609
676 319 2.77031457849
677 320 2.88952996282
678 321 3.02402239552
679 322 3.03188095327
680 323 3.05274235518
681 324 3.20052713841
682 325 3.29532156341
683 326 3.2870085714
684 327 3.32472291216
685 328 3.51659066762
686 329 3.72464845704
687 330 3.61187726103
688 331 3.5272868644
689 332 3.68773679374
690 333 3.69388264209
691 334 3.64363120019
692 335 3.51311987775
693 336 3.40817943817
694 337 3.39369133313
695 338 3.29767607708
696 339 3.18131280672
697 340 3.12876235928
698 341 3.1069228746
699 342 2.9828152548
700 343 2.8872141594
701 344 2.91079622329
702 345 2.84973182479
703 346 2.69422471436
704 347 2.61215998011
705 348 2.5782591853
706 349 2.64478626795
707 350 2.57816238166
708 351 2.58094747135
709 352 2.59015230528
710 353 2.59809846916
711 354 2.58273328276
712 355 2.73979208244
713 356 2.81494624542
714 357 2.9693721386
715 358 3.04724273075
716 359 3.11643989485
717 360 3.14792228518
718 361 3.28323235109
719 362 3.36506267864
720 363 3.39647954493
721 364 3.51025254811
722 365 3.68787437485
723 366 3.64247709249
724 367 3.60523827609
725 368 3.74264902023
726 369 3.74506784118
727 370 3.58739876099
728 371 3.47571323428
729 372 3.49684586883
730 373 3.3974094661
731 374 3.24208237884
732 375 3.20586664178
733 376 3.17558344494
734 377 3.04912373154
735 378 2.94496841599
736 379 2.94044575162
737 380 2.88097164652
738 381 2.97129484179
739 382 3.1212109629
740 383 3.21384546673
741 384 3.32142611774
742 385 3.4399958922
743 386 3.48834497556
744 387 3.53653351703
745 388 3.68335877454
746 389 3.75315582009
747 390 3.78795979328
748 391 3.99274497831
749 392 3.94959280574
750 393 3.76007006744
751 394 3.70993630205
752 395 3.58815630253
753 396 3.45925608379
754 397 3.47021250515
755 398 3.39798626681
756 399 3.23057331221
757 400 3.17136966098
758 401 3.15106468043
759 402 3.04127034083
760 403 2.92581069385
761 404 2.88235440916
762 405 2.87420176403
763 406 2.78016088263
764 407 2.75942512908
765 408 2.8646040466
766 409 3.05885713088
767 410 3.11537341192
768 411 3.28510709244
769 412 3.33348862876
770 413 3.35031528138
771 414 3.44960751661
772 415 3.60250098403
773 416 3.62468071437
774 417 3.67784121488
775 418 3.81805535477
776 419 3.95108797038
777 420 3.97610136579
778 421 4.04759175258
779 422 4.2448892763
780 423 4.29427415708
781 424 4.27512168316
782 425 4.31121355952
783 426 4.38439294436
784 426 4.38439294436
785 426 4.38439294436
786 426 4.38439294436
787 426 4.38439294436
788 426 4.38439294436
789 426 4.38439294436
790 426 4.38439294436
791 426 4.38439294436
792 426 4.38439294436
793 426 4.38439294436
794 426 4.38439294436
795 426 4.38439294436
796 426 4.38439294436
797 426 4.38439294436
798 426 4.38439294436
799 426 4.38439294436
800 426 4.38439294436
801 426 4.38439294436
802 426 4.38439294436
803 426 4.38439294436
804 426 4.38439294436
805 426 4.38439294436
806 426 4.38439294436
807 426 4.38439294436
808 426 4.38439294436
809 427 4.21425368989
810 428 4.27544178441
811 429 4.20990633845
812 430 4.00613059946
813 431 3.98694997671
814 432 3.98716771627
815 433 3.80747740436
816 434 3.68442647334
817 435 3.73681514207
818 436 3.69967900538
819 437 3.48475309629
820 438 3.46778745779
821 439 3.58919998162
822 440 3.72180732904
823 441 3.87068228912
824 442 3.76954181225
825 443 3.85319812905
826 444 4.03013299769
827 445 3.93339693052
828 446 4.06165094719
829 447 4.08407591088
830 448 4.21436211685
831 449 4.33617514598
832 450 4.4230045899
833 451 4.47965528302
834 452 4.57793067159
835 453 4.77270905878
836 454 5.65721083119
837 454 5.65721083119
838 454 5.65721083119
839 454 5.65721083119
840 454 5.65721083119
841 454 5.65721083119
842 454 5.65721083119
843 454 5.65721083119
844 454 5.65721083119
845 454 5.65721083119
846 454 5.65721083119
847 454 5.65721083119
848 454 5.65721083119
849 454 5.65721083119
850 454 5.65721083119
851 454 5.65721083119
852 454 5.65721083119
853 454 5.65721083119
854 454 5.65721083119
855 454 5.65721083119
856 454 5.65721083119
857 454 5.65721083119
858 454 5.65721083119
859 454 5.65721083119
860 454 5.65721083119
861 454 5.65721083119
862 454 5.65721083119
863 454 5.65721083119
864 454 5.65721083119
865 454 5.65721083119
866 454 5.65721083119
867 454 5.65721083119
868 454 5.65721083119
869 454 5.65721083119
870 454 5.65721083119
871 454 5.65721083119
872 454 5.65721083119
873 454 5.65721083119
874 454 5.65721083119
875 454 5.65721083119
876 454 5.65721083119
877 454 5.65721083119
878 454 5.65721083119
879 454 5.65721083119
880 454 5.65721083119
881 454 5.65721083119
882 454 5.65721083119
883 454 5.65721083119
884 454 5.65721083119
885 454 5.65721083119
886 454 5.65721083119
887 454 5.65721083119
888 454 5.65721083119
889 455 3.56462423653
890 455 3.56462423653
891 455 3.56462423653
892 455 3.56462423653
893 455 3.56462423653
894 455 3.56462423653
895 455 3.56462423653
896 455 3.56462423653
897 455 3.56462423653
898 455 3.56462423653
899 455 3.56462423653
900 455 3.56462423653
901 455 3.56462423653
902 455 3.56462423653
903 455 3.56462423653
904 455 3.56462423653
905 455 3.56462423653
906 455 3.56462423653
907 455 3.56462423653
908 455 3.56462423653
909 455 3.56462423653
910 455 3.56462423653
911 455 3.56462423653
912 455 3.56462423653
913 455 3.56462423653
914 455 3.56462423653
915 455 3.56462423653
916 455 3.56462423653
917 455 3.56462423653
918 455 3.56462423653
919 455 3.56462423653
920 455 3.56462423653
921 455 3.56462423653
922 455 3.56462423653
923 455 3.56462423653
924 455 3.56462423653
925 455 3.56462423653
926 455 3.56462423653
927 455 3.56462423653
928 455 3.56462423653
929 455 3.56462423653
930 455 3.56462423653
931 455 3.56462423653
932 455 3.56462423653
933 455 3.56462423653
934 455 3.56462423653
935 455 3.56462423653
936 455 3.56462423653
937 455 3.56462423653
938 455 3.56462423653
939 455 3.56462423653
940 455 3.56462423653
941 455 3.56462423653
942 456 3.65907912774
943 457 3.68894156711
944 458 3.72373248567
945 459 3.8553869638
946 460 4.05406913723
947 461 4.08098096152
948 462 4.080228599
949 463 3.87589659133
950 464 3.77527499205
951 465 3.9895274475
952 466 4.20374692468
953 467 4.23322287561
954 468 4.48646504876
955 469 4.56559072681
956 470 4.5204501726
957 471 4.61301156933
958 472 4.89134897706
959 473 4.97009067736
960 474 4.80579175857
961 475 4.63252190553
962 476 4.38738753608
963 477 4.40209165283
964 478 8.67793415474
965 478 8.67793415474
966 478 8.67793415474
967 478 8.67793415474
968 478 8.67793415474
969 478 8.67793415474
970 478 8.67793415474
971 478 8.67793415474
972 478 8.67793415474
973 478 8.67793415474
974 478 8.67793415474
975 478 8.67793415474
976 478 8.67793415474
977 478 8.67793415474
978 478 8.67793415474
979 478 8.67793415474
980 478 8.67793415474
981 478 8.67793415474
982 478 8.67793415474
983 478 8.67793415474
984 478 8.67793415474
985 478 8.67793415474
986 478 8.67793415474
987 478 8.67793415474
988 478 8.67793415474
989 478 8.67793415474
990 478 8.67793415474
991 478 8.67793415474
992 478 8.67793415474
993 478 8.67793415474
994 478 8.67793415474
995 478 8.67793415474
996 478 8.67793415474
997 478 8.67793415474
998 478 8.67793415474
999 478 8.67793415474
1000 479 4.30295278217
1001 480 4.13269592901
1002 481 3.88843321224
1003 482 3.66292851929
1004 483 3.49962097165
1005 484 3.2942911123
1006 485 3.14207398205
1007 486 2.97148217464
1008 487 3.00046095536
1009 488 3.07937326321
1010 489 3.23253735211
1011 490 3.39793668563
1012 491 3.56579242645
1013 492 3.7892913072
1014 493 3.78698005687
1015 494 4.01467546298
1016 495 3.92826141736
1017 496 3.68193345018
1018 497 3.78263239143
1019 498 3.94478400337
1020 499 3.7416219898
1021 500 3.56182312627
1022 501 3.72786959095
1023 502 3.71592462299
1024 503 3.4699445033
1025 504 3.31046423925
1026 505 3.20517892839
1027 506 3.26645561511
1028 507 3.42984911393
1029 508 3.35987454126
1030 509 3.26223997161
1031 510 3.07866678605
1032 511 3.0663081229
1033 512 9.24411691437
1034 512 9.24411691437
1035 512 9.24411691437
1036 512 9.24411691437
1037 512 9.24411691437
1038 512 9.24411691437
