1 0 4.65547537042
2 1 0.855233967609
3 2 0.835301944322
4 3 0.852384108153
5 4 0.824905583993
6 5 0.818901818503
7 6 0.842652940474
8 7 0.819915149794
9 8 0.794107027799
10 9 0.765457994342
11 10 0.750921026873
12 11 0.779041974377
13 12 0.777542646355
14 13 0.81350578749
15 14 0.843344112699
16 15 0.885501342786
17 16 0.926141634392
18 17 0.980534306131
19 18 1.01831620265
20 19 1.02679534082
21 20 0.970429662165
22 21 0.994031455713
23 22 0.982611523284
24 23 0.929694360822
25 24 0.906641681448
26 25 0.857755953163
27 26 0.835007493075
28 27 0.796961301284
29 28 0.770424210452
30 29 0.796575602431
31 30 0.819763701712
32 31 0.858856978677
33 32 0.884170979557
34 33 0.905060909264
35 34 0.946667432669
36 35 0.95214292459
37 36 0.99105854422
38 37 0.96358895917
39 38 0.994330566808
40 39 0.96796730863
41 40 0.927150459733
42 41 0.958402479753
43 42 0.95731817803
44 43 0.984258165252
45 44 0.96533414144
46 45 1.00735683103
47 46 0.984177288503
48 47 0.937006164881
49 48 0.93466173348
50 49 0.911984890887
51 50 0.904112617577
52 51 0.860186969057
53 52 0.823176529498
54 53 0.7902475009
55 54 0.781412268281
56 55 0.813822486836
57 56 0.801988187929
58 57 0.839003039813
59 58 0.886004715243
60 59 0.928393666679
61 60 0.979363721119
62 61 1.03253432475
63 62 1.07350110793
64 63 1.10984841592
65 64 1.16594440839
66 65 1.14613846752
67 66 1.13615089777
68 67 1.08198339612
69 68 1.04347340143
70 69 0.982771492043
71 70 0.94992520614
72 71 0.898271900893
73 72 0.863370125688
74 73 0.822616576651
75 74 0.787594522205
76 75 0.810399927698
77 76 0.835546797374
78 77 0.877578069735
79 78 0.909712380997
80 79 0.939902329187
81 80 0.989046053282
82 81 1.00670069868
83 82 1.06044613053
84 83 1.08621742549
85 84 1.15011011648
86 85 1.17772839075
87 86 1.12389586085
88 87 1.09850215066
89 88 1.05119280433
90 89 1.04380951227
91 90 1.01228238733
92 91 1.05565071381
93 92 1.02448811643
94 93 0.972920572985
95 94 0.956667741635
96 95 0.916425275134
97 96 0.918746958425
98 97 0.87135170431
99 98 0.833029804052
100 99 0.804587218665
101 100 0.798910525521
102 101 0.833023332709
103 102 0.819029141888
104 103 0.857127504019
105 104 0.905692009155
106 105 0.941083333816
107 106 0.996768002721
108 107 1.03291703009
109 108 1.0669650859
110 109 1.11294034556
111 110 1.1644994084
112 111 1.14314465296
113 112 1.15003868516
114 113 1.09922680015
115 114 1.0586350951
116 115 0.999275065679
117 116 0.963862229029
118 117 0.918415464807
119 118 0.875409367872
120 119 0.843322820597
121 120 0.806008105781
122 121 0.828287786326
123 122 0.852536880107
124 123 0.89335037878
125 124 0.92172073785
126 125 0.959299827683
127 126 1.00679467978
128 127 1.03038210417
129 128 1.08514441278
130 129 1.11477246527
131 130 1.16728963334
132 131 1.22335361264
133 132 1.2062135185
134 133 1.1457227022
135 134 1.10020068944
136 135 1.07527694076
137 136 1.08162434716
138 137 1.03431923748
139 138 1.03102924871
140 139 0.981702680474
141 140 0.970364600998
142 141 0.930797508328
143 142 0.918962782345
144 143 0.875572956258
145 144 0.848007412512
146 145 0.8040992645
147 146 0.811734810701
148 147 0.835161266268
149 148 0.814360088691
150 149 0.848310330362
151 150 0.898237200576
152 151 0.924997966621
153 152 0.981898000597
154 153 1.01019072533
155 154 1.04683615277
156 155 1.10691417731
157 156 1.14442501562
158 157 1.177975983
159 158 7.57886741243
160 158 7.57886741243
161 158 7.57886741243
162 158 7.57886741243
163 158 7.57886741243
164 158 7.57886741243
165 158 7.57886741243
166 159 1.24602616217
167 160 1.24077837265
168 161 1.19046866035
169 162 1.18122990299
170 163 1.15419523212
171 164 1.10208969282
172 165 1.04736519282
173 166 0.988880822484
174 167 0.940575772224
175 168 0.899295993041
176 169 0.853597405554
177 170 0.828370191112
178 171 0.793235278842
179 172 0.821216587805
180 173 0.820703432172
181 174 0.864606463455
182 175 0.88650128209
183 176 0.933277816535
184 177 0.980804455373
185 178 1.01572932277
186 179 1.07441822163
187 180 1.11084985896
188 181 1.157412154
189 182 1.20991205786
190 183 1.22156591316
191 184 1.15750674556
192 185 1.15355371378
193 186 1.09543210356
194 187 1.05917050662
195 188 1.05826651166
196 189 1.02632479536
197 190 1.04850451836
198 191 1.00618933395
199 192 0.956324807198
200 193 0.925004389948
201 194 0.893915534055
202 195 0.859094484458
203 196 0.817258911098
204 197 0.795795805571
205 198 0.770646486451
206 199 0.774652511276
207 200 0.798004092
208 201 0.782362976381
209 202 0.815143503902
210 203 0.856804226024
211 204 0.884959019553
212 205 0.933950833548
213 206 0.944300140085
214 207 0.990122623026
215 208 0.998531400351
216 209 1.05807515385
217 210 1.06032029275
218 211 1.08047042434
219 212 1.03022872823
220 213 1.00593013551
221 214 0.947968510457
222 215 0.914597739483
223 216 0.862926700772
224 217 0.837225442511
225 218 0.793028870212
226 219 0.769781512935
227 220 0.738965166651
228 221 0.747413603367
229 222 0.735453309908
230 223 0.767453520702
231 224 0.794765173613
232 225 0.836810284906
233 226 0.871892852456
234 227 0.91840643568
235 228 0.964539591992
236 229 1.02180888632
237 230 1.07036904607
238 231 1.11658320158
239 232 1.1262374007
240 233 1.13131755798
241 234 1.10085898503
242 235 1.04569788116
243 236 0.992090547709
244 237 0.962403900954
245 238 0.909546211165
246 239 0.877522696417
247 240 0.829067071985
248 241 0.80837873162
249 242 0.783232276414
250 243 0.784768522208
251 244 0.749927893231
252 245 0.734908493574
253 246 0.716576944105
254 247 0.690651700992
255 248 0.694908347645
256 249 0.71465440021
257 250 0.740096021146
258 251 0.755181012476
259 252 0.788398947425
260 253 0.814422337181
261 254 0.849144995999
262 255 0.885598418416
263 256 0.90552580518
264 257 0.9608483432
265 258 0.965595943337
266 259 0.934656248696
267 260 0.918960591987
268 261 0.868452681118
269 262 0.838768095715
270 263 0.805734126537
271 264 0.775042017928
272 265 0.750734154075
273 266 0.721363870436
274 267 0.698263167091
275 268 0.685334879999
276 269 0.703939115825
277 270 0.712698570192
278 271 0.742637759392
279 272 0.751114152856
280 273 0.785718542044
281 274 0.806852499409
282 275 0.845186603368
283 276 0.874095167955
284 277 0.878472762332
285 278 0.918638154057
286 279 0.905022995591
287 280 0.913352687521
288 281 0.862989468268
289 282 0.828902096797
290 283 0.795785600076
291 284 0.774380408608
292 285 0.803404372697
293 286 0.779411408464
294 287 0.743670983858
295 288 0.7241186556
296 289 0.698554827108
297 290 11.9829954333
