1 0 1.50979670938
2 0 1.50979670938
3 0 1.50979670938
4 0 1.50979670938
5 0 1.50979670938
6 0 1.50979670938
7 0 1.50979670938
8 0 1.50979670938
9 0 1.50979670938
10 0 1.50979670938
11 0 1.50979670938
12 0 1.50979670938
13 0 1.50979670938
14 0 1.50979670938
15 0 1.50979670938
16 0 1.50979670938
17 0 1.50979670938
18 0 1.50979670938
19 0 1.50979670938
20 0 1.50979670938
21 0 1.50979670938
22 0 1.50979670938
23 0 1.50979670938
24 0 1.50979670938
25 0 1.50979670938
26 0 1.50979670938
27 0 1.50979670938
28 0 1.50979670938
29 0 1.50979670938
30 0 1.50979670938
31 0 1.50979670938
32 0 1.50979670938
33 0 1.50979670938
34 0 1.50979670938
35 0 1.50979670938
36 0 1.50979670938
37 0 1.50979670938
38 0 1.50979670938
39 0 1.50979670938
40 0 1.50979670938
41 0 1.50979670938
42 0 1.50979670938
43 0 1.50979670938
44 0 1.50979670938
45 0 1.50979670938
46 0 1.50979670938
47 0 1.50979670938
48 0 1.50979670938
49 0 1.50979670938
50 0 1.50979670938
51 1 1.27577539761
52 1 1.27577539761
53 1 1.27577539761
54 1 1.27577539761
55 1 1.27577539761
56 1 1.27577539761
57 1 1.27577539761
58 1 1.27577539761
59 1 1.27577539761
60 1 1.27577539761
61 1 1.27577539761
62 1 1.27577539761
63 1 1.27577539761
64 1 1.27577539761
65 1 1.27577539761
66 1 1.27577539761
67 1 1.27577539761
68 1 1.27577539761
69 1 1.27577539761
70 1 1.27577539761
71 1 1.27577539761
72 1 1.27577539761
73 1 1.27577539761
74 1 1.27577539761
75 1 1.27577539761
76 1 1.27577539761
77 1 1.27577539761
78 1 1.27577539761
79 1 1.27577539761
80 1 1.27577539761
81 1 1.27577539761
82 1 1.27577539761
83 1 1.27577539761
84 1 1.27577539761
85 1 1.27577539761
86 1 1.27577539761
87 1 1.27577539761
88 1 1.27577539761
89 1 1.27577539761
90 1 1.27577539761
91 1 1.27577539761
92 1 1.27577539761
93 1 1.27577539761
94 1 1.27577539761
95 1 1.27577539761
96 1 1.27577539761
97 1 1.27577539761
98 1 1.27577539761
99 1 1.27577539761
100 1 1.27577539761
101 2 2.03279390677
102 3 2.14568821491
103 4 2.34460523181
104 5 2.59015241657
105 6 2.83234779513
106 7 3.15551053466
107 8 3.29711057773
108 9 3.55543998332
109 10 3.79507929477
110 11 3.88679877689
111 12 4.08598351338
112 13 3.82114944112
113 14 3.84072008817
114 15 3.84562624598
115 16 3.51525908639
116 17 3.43173111746
117 18 3.11383793184
118 19 2.98314992797
119 20 2.96089780701
120 21 2.73855861358
121 22 2.75170848689
122 23 2.53900360914
123 24 2.45412688063
124 25 2.39469749382
125 26 2.27697479564
126 27 2.06969840282
127 28 1.9363279231
128 29 2.03610423983
129 30 1.98940172719
130 31 2.11711323259
131 32 2.3216808243
132 33 2.22648021734
133 34 2.41747561295
134 35 2.43911097754
135 36 2.53358552173
136 37 2.72310121502
137 38 2.66240475444
138 39 2.59181385435
139 40 2.36278573055
140 41 2.37005510295
141 42 2.31669873728
142 43 2.5383201669
143 44 2.71017984159
144 45 2.91078831246
145 46 3.1796732285
146 47 3.14323787589
147 48 2.95093678924
148 49 2.80566463487
149 50 3.05098300609
150 51 3.05024274779
151 52 2.85639447041
152 53 2.98412653783
153 54 2.82168037124
154 55 2.85622396892
155 56 2.71928100454
156 57 2.66509343014
157 58 2.71317973
158 59 2.65959779373
159 60 2.93557845778
160 61 3.12018177639
161 62 3.14387273798
162 63 3.48313912926
163 64 3.51471865658
164 65 3.16918685473
165 66 3.22213430893
166 67 3.46476416986
167 68 3.52162053426
168 69 3.26691695895
169 70 3.06240515659
170 71 2.88959715686
171 72 3.04467770197
172 73 3.02223587758
173 74 3.29564730595
174 75 3.41656521085
175 76 3.73459071129
176 77 3.972336638
177 78 4.25105695668
178 79 4.17136814749
179 80 3.81018491612
180 81 3.71542938137
181 82 3.95592225793
182 83 3.87369193151
183 84 3.52390902742
184 85 3.661552928
185 86 3.52110664284
186 87 3.7153498038
187 88 3.79988282471
188 89 3.5940499646
189 90 3.3583720238
190 91 3.05400325153
191 92 2.85173374596
192 93 2.56211516258
193 94 2.47272057541
194 95 2.26715282221
195 96 2.15268869563
196 97 2.18556442212
197 98 2.05710562101
198 99 2.11593611018
199 100 2.36726177234
200 101 2.52542006321
201 102 2.44346331587
202 103 2.61789602506
203 104 2.8874218133
204 105 3.08522436541
205 106 3.3497456535
206 107 3.61221158883
207 108 3.66096706076
208 109 3.99600216898
209 110 4.16178805028
210 111 4.28794118709
211 112 4.66485392999
212 113 4.89704132925
213 114 5.29051266163
214 115 5.19689680267
215 116 4.87233962286
216 117 4.76367425665
217 118 5.08178163011
218 119 5.35045389211
219 120 5.49998167467
220 121 5.26580724041
221 122 4.920183273
222 123 4.99331878222
223 124 5.1014241792
224 125 4.76960165952
225 126 4.43295701145
226 127 4.06272481375
227 128 3.80766135573
228 129 3.70132093627
229 130 3.35110478673
230 131 3.2072957237
231 132 3.04327147716
232 133 2.93052312927
233 134 3.17412167068
234 135 3.20754011255
235 136 3.47805115496
236 137 3.73429382246
237 138 3.64141157855
238 139 3.94335861236
239 140 3.8628662255
240 141 4.08783612833
241 142 4.01185921133
242 143 4.20664044295
243 144 4.35383691216
244 145 4.6881692096
245 146 4.56659274549
246 147 4.36511563177
247 148 4.3167012548
248 149 4.12184391281
249 150 3.86642408926
250 151 3.96931085755
251 152 3.64033275388
252 153 3.50939673675
253 154 3.5484163856
254 155 3.32167174149
255 156 3.42128108744
256 157 3.39662723808
257 158 3.11955544123
258 159 3.00695568326
259 160 2.83404517551
260 161 2.89215261829
261 162 2.87176515618
262 163 2.84167131893
263 164 2.78359369467
264 165 3.05998426961
265 166 3.04539976245
266 167 3.28064948777
267 168 3.32900750651
268 169 3.39304656633
269 170 3.75712502525
270 171 3.95158709138
271 172 4.27788972961
272 173 4.52812946079
273 174 4.86424274057
274 175 5.21800067122
275 176 5.32065038374
276 177 6.23972222421
277 177 6.23972222421
278 177 6.23972222421
279 178 2.01640482362
280 179 1.86554970296
281 180 1.72278201783
282 181 1.5727231645
283 182 1.46806320615
284 183 1.30353757016
285 184 1.26335663841
286 185 1.11627733521
287 186 1.00864767618
288 187 0.94004152437
289 188 1.07118053255
290 189 1.04660872739
291 190 0.912139051001
292 191 0.938827775966
293 192 0.851349923362
294 193 0.855200377864
295 194 0.856102307475
296 195 0.974666429885
297 196 1.09649835683
298 197 1.09647471321
299 198 1.16440349427
300 199 1.24285827133
301 200 1.30328327686
302 201 1.33860253351
303 202 1.41192266845
304 203 1.49294149486
305 204 1.55828453889
306 205 1.56523822753
307 206 1.63453467465
308 207 1.70521742465
309 208 1.81791029137
310 209 1.84047897305
311 210 1.92177358289
312 211 1.99979370981
313 212 2.07147216338
314 213 2.15690879169
315 214 2.21649941191
316 215 2.28671260844
317 216 2.36936981229
318 217 2.43331073204
319 218 2.49683270325
320 219 2.48735198082
321 220 2.51718023248
322 221 2.34316759208
323 222 2.24758718334
324 223 2.07133873526
325 224 1.94254336022
326 225 1.78402881531
327 226 1.64000227755
328 227 1.48983662441
329 228 1.33261296301
330 229 1.29559904146
331 230 1.20127404679
332 231 7.83338823942
333 231 7.83338823942
334 231 7.83338823942
335 231 7.83338823942
336 231 7.83338823942
337 231 7.83338823942
338 231 7.83338823942
339 231 7.83338823942
340 231 7.83338823942
341 231 7.83338823942
342 231 7.83338823942
343 231 7.83338823942
344 232 1.35459651702
345 233 1.39215878795
346 234 1.43291026566
347 235 1.59776626027
348 236 1.62434824181
349 237 1.74403863175
350 238 1.61840826384
351 239 1.50017925489
352 240 1.41243109231
353 241 1.30436588088
354 242 1.33805115203
355 243 1.26207659775
356 244 1.28264288318
357 245 1.40113148053
358 246 1.54927825009
359 247 1.70932449245
360 248 1.76178386279
361 249 1.92178382958
362 250 2.01524180473
363 251 2.1163656085
364 252 2.25066657762
365 253 2.32778200418
366 254 2.21184996137
367 255 2.2611539234
368 256 2.22253334321
369 257 2.14056498634
370 258 2.01088161198
371 259 1.97165236682
372 260 1.97282586496
373 261 1.84638645759
374 262 1.72894954649
375 263 1.78403979382
376 264 1.74838567899
377 265 1.51408622109
378 265 1.51408622109
379 265 1.51408622109
380 265 1.51408622109
381 265 1.51408622109
382 265 1.51408622109
383 265 1.51408622109
384 265 1.51408622109
385 265 1.51408622109
386 265 1.51408622109
387 265 1.51408622109
388 265 1.51408622109
389 265 1.51408622109
390 265 1.51408622109
391 265 1.51408622109
392 265 1.51408622109
393 265 1.51408622109
394 265 1.51408622109
395 265 1.51408622109
396 265 1.51408622109
397 265 1.51408622109
398 265 1.51408622109
399 265 1.51408622109
400 266 1.68758199741
401 267 1.56915904211
402 268 1.407942983
403 269 1.25617025447
404 270 1.15919325757
405 271 1.03982705639
406 272 1.03071810466
407 273 1.11434091142
408 274 1.14530234086
409 275 1.24129676298
410 276 1.31832495976
411 277 1.34992351343
412 278 1.4197860601
413 279 1.52229804266
414 280 1.57220830233
415 281 1.62088464901
416 282 1.70744841139
417 283 1.79157788056
418 284 1.83364700916
419 285 1.92029362352
420 286 2.01188989945
421 287 2.06074654572
422 288 2.09949067636
423 289 2.18581324815
424 290 2.27028444383
425 291 2.38816640569
426 292 2.55995301092
427 293 2.53068335573
428 294 2.57981733641
429 295 2.47288288914
430 296 2.58826396017
431 297 2.56356949266
432 298 2.3801608933
433 299 2.26778923993
434 300 2.11672320709
435 301 1.96138365358
436 302 1.7962410903
437 303 1.68795475798
438 304 1.52278527686
439 305 1.40969944396
440 306 1.2516900108
441 307 1.10534835223
442 308 1.06900022715
443 309 0.93872580417
444 310 0.926023382838
445 311 0.879126359711
446 312 0.984648622824
447 313 0.983548803428
448 314 1.02493943019
449 315 1.17335357562
450 316 1.22569273951
451 317 1.30778585957
452 318 1.39022154947
453 319 1.43965039547
454 320 1.56380319721
455 321 1.63479888901
456 322 1.62871383846
457 323 1.70428855218
458 324 1.83814197914
459 325 1.87380592342
460 326 1.8709955752
461 327 1.99544029166
462 328 2.10526219494
463 329 2.08587651321
464 330 2.10893525247
465 331 1.97318503443
466 332 1.87661375441
467 333 1.71141804602
468 334 1.58871867463
469 335 1.48123230878
470 336 1.31610705863
471 337 1.23019188511
472 338 1.20861832211
473 339 1.35840313639
474 340 1.04916688694
475 340 1.04916688694
476 340 1.04916688694
477 340 1.04916688694
478 340 1.04916688694
479 340 1.04916688694
480 340 1.04916688694
481 340 1.04916688694
482 340 1.04916688694
483 340 1.04916688694
484 340 1.04916688694
485 340 1.04916688694
486 340 1.04916688694
487 340 1.04916688694
488 340 1.04916688694
489 340 1.04916688694
490 340 1.04916688694
491 340 1.04916688694
492 340 1.04916688694
493 340 1.04916688694
494 340 1.04916688694
495 340 1.04916688694
496 340 1.04916688694
497 340 1.04916688694
498 340 1.04916688694
499 340 1.04916688694
500 340 1.04916688694
501 340 1.04916688694
502 340 1.04916688694
503 340 1.04916688694
504 340 1.04916688694
505 340 1.04916688694
506 340 1.04916688694
507 340 1.04916688694
508 340 1.04916688694
509 340 1.04916688694
510 340 1.04916688694
511 340 1.04916688694
512 340 1.04916688694
513 340 1.04916688694
514 340 1.04916688694
515 340 1.04916688694
516 340 1.04916688694
517 340 1.04916688694
518 340 1.04916688694
519 340 1.04916688694
520 340 1.04916688694
521 340 1.04916688694
522 340 1.04916688694
523 340 1.04916688694
524 340 1.04916688694
525 340 1.04916688694
526 340 1.04916688694
527 341 0.841364698964
528 341 0.841364698964
529 341 0.841364698964
530 341 0.841364698964
531 341 0.841364698964
532 341 0.841364698964
533 341 0.841364698964
534 341 0.841364698964
535 341 0.841364698964
536 341 0.841364698964
537 341 0.841364698964
538 341 0.841364698964
539 341 0.841364698964
540 341 0.841364698964
541 341 0.841364698964
542 341 0.841364698964
543 341 0.841364698964
544 341 0.841364698964
545 341 0.841364698964
546 341 0.841364698964
547 341 0.841364698964
548 341 0.841364698964
549 341 0.841364698964
550 341 0.841364698964
551 341 0.841364698964
552 341 0.841364698964
553 341 0.841364698964
554 341 0.841364698964
555 341 0.841364698964
556 341 0.841364698964
557 341 0.841364698964
558 341 0.841364698964
559 341 0.841364698964
560 341 0.841364698964
561 341 0.841364698964
562 341 0.841364698964
563 341 0.841364698964
564 341 0.841364698964
565 341 0.841364698964
566 341 0.841364698964
567 341 0.841364698964
568 341 0.841364698964
569 341 0.841364698964
570 341 0.841364698964
571 341 0.841364698964
572 341 0.841364698964
573 341 0.841364698964
574 341 0.841364698964
575 341 0.841364698964
576 341 0.841364698964
577 341 0.841364698964
578 341 0.841364698964
579 341 0.841364698964
580 341 0.841364698964
581 341 0.841364698964
582 341 0.841364698964
583 341 0.841364698964
584 341 0.841364698964
585 341 0.841364698964
586 341 0.841364698964
587 341 0.841364698964
588 341 0.841364698964
589 341 0.841364698964
590 341 0.841364698964
591 341 0.841364698964
592 341 0.841364698964
593 341 0.841364698964
594 341 0.841364698964
595 341 0.841364698964
596 341 0.841364698964
597 341 0.841364698964
598 341 0.841364698964
599 341 0.841364698964
600 341 0.841364698964
601 341 0.841364698964
602 341 0.841364698964
603 341 0.841364698964
604 341 0.841364698964
605 341 0.841364698964
606 341 0.841364698964
607 341 0.841364698964
608 341 0.841364698964
609 341 0.841364698964
610 342 1.27883781211
611 342 1.27883781211
612 342 1.27883781211
613 342 1.27883781211
614 342 1.27883781211
615 342 1.27883781211
616 342 1.27883781211
617 342 1.27883781211
618 342 1.27883781211
619 342 1.27883781211
620 342 1.27883781211
621 342 1.27883781211
622 342 1.27883781211
623 342 1.27883781211
624 342 1.27883781211
625 342 1.27883781211
626 342 1.27883781211
627 342 1.27883781211
628 342 1.27883781211
629 342 1.27883781211
630 342 1.27883781211
631 342 1.27883781211
632 342 1.27883781211
633 342 1.27883781211
634 342 1.27883781211
635 342 1.27883781211
636 342 1.27883781211
637 342 1.27883781211
638 342 1.27883781211
639 342 1.27883781211
640 342 1.27883781211
641 342 1.27883781211
642 342 1.27883781211
643 342 1.27883781211
644 342 1.27883781211
645 342 1.27883781211
646 342 1.27883781211
647 342 1.27883781211
648 342 1.27883781211
649 342 1.27883781211
650 342 1.27883781211
651 342 1.27883781211
652 342 1.27883781211
653 342 1.27883781211
654 342 1.27883781211
655 342 1.27883781211
656 342 1.27883781211
657 342 1.27883781211
658 342 1.27883781211
659 342 1.27883781211
660 342 1.27883781211
661 342 1.27883781211
662 342 1.27883781211
663 342 1.27883781211
664 342 1.27883781211
665 342 1.27883781211
666 342 1.27883781211
667 342 1.27883781211
668 342 1.27883781211
669 342 1.27883781211
670 342 1.27883781211
671 342 1.27883781211
672 342 1.27883781211
673 342 1.27883781211
674 342 1.27883781211
675 342 1.27883781211
676 342 1.27883781211
677 342 1.27883781211
678 342 1.27883781211
679 342 1.27883781211
680 342 1.27883781211
681 342 1.27883781211
682 342 1.27883781211
683 342 1.27883781211
684 342 1.27883781211
685 342 1.27883781211
686 342 1.27883781211
687 342 1.27883781211
688 342 1.27883781211
689 342 1.27883781211
690 342 1.27883781211
691 342 1.27883781211
692 342 1.27883781211
693 343 1.70057042554
694 343 1.70057042554
695 343 1.70057042554
696 343 1.70057042554
697 343 1.70057042554
698 343 1.70057042554
699 343 1.70057042554
700 343 1.70057042554
701 343 1.70057042554
702 343 1.70057042554
703 343 1.70057042554
704 343 1.70057042554
705 343 1.70057042554
706 343 1.70057042554
707 343 1.70057042554
708 343 1.70057042554
709 343 1.70057042554
710 343 1.70057042554
711 343 1.70057042554
712 343 1.70057042554
713 343 1.70057042554
714 343 1.70057042554
715 343 1.70057042554
716 343 1.70057042554
717 343 1.70057042554
718 343 1.70057042554
719 343 1.70057042554
720 343 1.70057042554
721 343 1.70057042554
722 343 1.70057042554
723 343 1.70057042554
724 343 1.70057042554
725 343 1.70057042554
726 343 1.70057042554
727 343 1.70057042554
728 343 1.70057042554
729 343 1.70057042554
730 343 1.70057042554
731 343 1.70057042554
732 343 1.70057042554
733 343 1.70057042554
734 343 1.70057042554
735 343 1.70057042554
736 343 1.70057042554
737 343 1.70057042554
738 343 1.70057042554
739 343 1.70057042554
740 343 1.70057042554
741 343 1.70057042554
742 343 1.70057042554
743 343 1.70057042554
744 343 1.70057042554
745 343 1.70057042554
746 343 1.70057042554
747 343 1.70057042554
748 343 1.70057042554
749 343 1.70057042554
750 343 1.70057042554
751 343 1.70057042554
752 343 1.70057042554
753 343 1.70057042554
754 343 1.70057042554
755 343 1.70057042554
756 343 1.70057042554
757 343 1.70057042554
758 343 1.70057042554
759 343 1.70057042554
760 343 1.70057042554
761 343 1.70057042554
762 343 1.70057042554
763 343 1.70057042554
764 343 1.70057042554
765 343 1.70057042554
766 343 1.70057042554
767 343 1.70057042554
768 343 1.70057042554
769 343 1.70057042554
770 343 1.70057042554
771 343 1.70057042554
772 343 1.70057042554
773 343 1.70057042554
774 343 1.70057042554
775 343 1.70057042554
776 344 1.03861767435
777 344 1.03861767435
778 344 1.03861767435
779 344 1.03861767435
780 344 1.03861767435
781 344 1.03861767435
782 344 1.03861767435
783 344 1.03861767435
784 344 1.03861767435
785 344 1.03861767435
786 344 1.03861767435
787 344 1.03861767435
788 344 1.03861767435
789 344 1.03861767435
790 344 1.03861767435
791 344 1.03861767435
792 344 1.03861767435
793 344 1.03861767435
794 344 1.03861767435
795 344 1.03861767435
796 344 1.03861767435
797 344 1.03861767435
798 344 1.03861767435
799 344 1.03861767435
800 344 1.03861767435
801 344 1.03861767435
802 344 1.03861767435
803 344 1.03861767435
804 344 1.03861767435
805 344 1.03861767435
806 344 1.03861767435
807 344 1.03861767435
808 344 1.03861767435
809 344 1.03861767435
810 344 1.03861767435
811 344 1.03861767435
812 344 1.03861767435
813 344 1.03861767435
814 344 1.03861767435
815 344 1.03861767435
816 344 1.03861767435
817 344 1.03861767435
818 344 1.03861767435
819 344 1.03861767435
820 344 1.03861767435
821 344 1.03861767435
822 344 1.03861767435
823 344 1.03861767435
824 344 1.03861767435
825 344 1.03861767435
826 344 1.03861767435
827 344 1.03861767435
828 344 1.03861767435
829 344 1.03861767435
830 344 1.03861767435
831 344 1.03861767435
832 344 1.03861767435
833 344 1.03861767435
834 344 1.03861767435
835 344 1.03861767435
836 344 1.03861767435
837 344 1.03861767435
838 344 1.03861767435
839 344 1.03861767435
840 344 1.03861767435
841 344 1.03861767435
842 344 1.03861767435
843 344 1.03861767435
844 344 1.03861767435
845 344 1.03861767435
846 344 1.03861767435
847 344 1.03861767435
848 344 1.03861767435
849 344 1.03861767435
850 344 1.03861767435
851 344 1.03861767435
852 344 1.03861767435
853 344 1.03861767435
854 344 1.03861767435
855 344 1.03861767435
856 344 1.03861767435
857 344 1.03861767435
858 344 1.03861767435
859 345 3.32128281539
860 346 0.930882373132
861 346 0.930882373132
862 346 0.930882373132
863 346 0.930882373132
864 346 0.930882373132
865 346 0.930882373132
866 346 0.930882373132
867 346 0.930882373132
868 346 0.930882373132
869 346 0.930882373132
870 346 0.930882373132
871 346 0.930882373132
872 346 0.930882373132
873 346 0.930882373132
874 346 0.930882373132
875 346 0.930882373132
876 346 0.930882373132
877 346 0.930882373132
878 346 0.930882373132
879 346 0.930882373132
880 346 0.930882373132
881 346 0.930882373132
882 346 0.930882373132
883 346 0.930882373132
884 346 0.930882373132
885 346 0.930882373132
886 346 0.930882373132
887 346 0.930882373132
888 346 0.930882373132
889 346 0.930882373132
890 346 0.930882373132
891 346 0.930882373132
892 346 0.930882373132
893 346 0.930882373132
894 346 0.930882373132
895 346 0.930882373132
896 346 0.930882373132
897 346 0.930882373132
898 346 0.930882373132
899 346 0.930882373132
900 346 0.930882373132
901 346 0.930882373132
902 346 0.930882373132
903 346 0.930882373132
904 346 0.930882373132
905 346 0.930882373132
906 346 0.930882373132
907 346 0.930882373132
908 346 0.930882373132
909 346 0.930882373132
910 346 0.930882373132
911 346 0.930882373132
912 346 0.930882373132
913 346 0.930882373132
914 346 0.930882373132
915 346 0.930882373132
916 346 0.930882373132
917 346 0.930882373132
918 346 0.930882373132
919 346 0.930882373132
920 346 0.930882373132
921 346 0.930882373132
922 346 0.930882373132
923 346 0.930882373132
924 346 0.930882373132
925 346 0.930882373132
926 346 0.930882373132
927 346 0.930882373132
928 346 0.930882373132
929 346 0.930882373132
930 346 0.930882373132
931 346 0.930882373132
932 346 0.930882373132
933 346 0.930882373132
934 346 0.930882373132
935 346 0.930882373132
936 346 0.930882373132
937 346 0.930882373132
938 346 0.930882373132
939 346 0.930882373132
940 346 0.930882373132
941 346 0.930882373132
942 346 0.930882373132
943 346 0.930882373132
944 346 0.930882373132
945 346 0.930882373132
946 346 0.930882373132
947 346 0.930882373132
948 346 0.930882373132
949 347 0.772697772064
950 347 0.772697772064
951 347 0.772697772064
952 347 0.772697772064
953 347 0.772697772064
954 347 0.772697772064
955 347 0.772697772064
956 347 0.772697772064
957 347 0.772697772064
958 347 0.772697772064
959 347 0.772697772064
960 347 0.772697772064
961 347 0.772697772064
962 347 0.772697772064
963 347 0.772697772064
964 347 0.772697772064
965 347 0.772697772064
966 347 0.772697772064
967 347 0.772697772064
968 347 0.772697772064
969 347 0.772697772064
970 347 0.772697772064
971 347 0.772697772064
972 347 0.772697772064
973 347 0.772697772064
974 347 0.772697772064
975 347 0.772697772064
976 347 0.772697772064
977 347 0.772697772064
978 347 0.772697772064
979 347 0.772697772064
980 347 0.772697772064
981 347 0.772697772064
982 347 0.772697772064
983 347 0.772697772064
984 347 0.772697772064
985 347 0.772697772064
986 347 0.772697772064
987 347 0.772697772064
988 347 0.772697772064
989 347 0.772697772064
990 347 0.772697772064
991 347 0.772697772064
992 347 0.772697772064
993 347 0.772697772064
994 347 0.772697772064
995 347 0.772697772064
996 347 0.772697772064
997 347 0.772697772064
998 347 0.772697772064
999 347 0.772697772064
1000 347 0.772697772064
1001 347 0.772697772064
1002 347 0.772697772064
1003 347 0.772697772064
1004 347 0.772697772064
1005 347 0.772697772064
1006 347 0.772697772064
1007 347 0.772697772064
1008 347 0.772697772064
1009 347 0.772697772064
1010 347 0.772697772064
1011 347 0.772697772064
1012 347 0.772697772064
1013 347 0.772697772064
1014 347 0.772697772064
1015 347 0.772697772064
1016 347 0.772697772064
1017 347 0.772697772064
1018 347 0.772697772064
1019 347 0.772697772064
1020 347 0.772697772064
1021 347 0.772697772064
1022 347 0.772697772064
1023 347 0.772697772064
1024 347 0.772697772064
1025 347 0.772697772064
1026 347 0.772697772064
1027 347 0.772697772064
1028 347 0.772697772064
1029 347 0.772697772064
1030 347 0.772697772064
1031 347 0.772697772064
1032 347 0.772697772064
1033 347 0.772697772064
1034 347 0.772697772064
1035 347 0.772697772064
1036 347 0.772697772064
1037 347 0.772697772064
1038 348 3.21836725363
1039 348 3.21836725363
1040 348 3.21836725363
1041 348 3.21836725363
1042 348 3.21836725363
1043 348 3.21836725363
1044 348 3.21836725363
1045 348 3.21836725363
1046 348 3.21836725363
1047 348 3.21836725363
1048 348 3.21836725363
1049 348 3.21836725363
1050 348 3.21836725363
1051 348 3.21836725363
1052 348 3.21836725363
1053 348 3.21836725363
1054 348 3.21836725363
1055 348 3.21836725363
1056 348 3.21836725363
1057 348 3.21836725363
1058 348 3.21836725363
1059 348 3.21836725363
1060 348 3.21836725363
1061 348 3.21836725363
1062 348 3.21836725363
1063 348 3.21836725363
1064 348 3.21836725363
1065 348 3.21836725363
1066 348 3.21836725363
1067 348 3.21836725363
1068 348 3.21836725363
1069 348 3.21836725363
1070 348 3.21836725363
1071 348 3.21836725363
1072 348 3.21836725363
1073 348 3.21836725363
1074 348 3.21836725363
1075 348 3.21836725363
1076 348 3.21836725363
1077 348 3.21836725363
1078 348 3.21836725363
1079 348 3.21836725363
1080 348 3.21836725363
1081 348 3.21836725363
1082 348 3.21836725363
1083 348 3.21836725363
1084 348 3.21836725363
1085 348 3.21836725363
1086 348 3.21836725363
1087 348 3.21836725363
1088 348 3.21836725363
1089 348 3.21836725363
1090 348 3.21836725363
1091 348 3.21836725363
1092 348 3.21836725363
1093 348 3.21836725363
1094 348 3.21836725363
1095 348 3.21836725363
1096 348 3.21836725363
1097 348 3.21836725363
1098 348 3.21836725363
1099 348 3.21836725363
1100 348 3.21836725363
1101 348 3.21836725363
1102 348 3.21836725363
1103 348 3.21836725363
1104 348 3.21836725363
1105 348 3.21836725363
1106 348 3.21836725363
1107 348 3.21836725363
1108 348 3.21836725363
1109 348 3.21836725363
1110 348 3.21836725363
1111 348 3.21836725363
1112 348 3.21836725363
1113 348 3.21836725363
1114 348 3.21836725363
1115 348 3.21836725363
1116 348 3.21836725363
1117 348 3.21836725363
1118 348 3.21836725363
1119 348 3.21836725363
1120 348 3.21836725363
1121 348 3.21836725363
1122 348 3.21836725363
1123 348 3.21836725363
1124 348 3.21836725363
1125 348 3.21836725363
1126 348 3.21836725363
1127 349 5.02462289311
1128 349 5.02462289311
1129 349 5.02462289311
1130 349 5.02462289311
1131 349 5.02462289311
1132 349 5.02462289311
1133 349 5.02462289311
1134 349 5.02462289311
1135 349 5.02462289311
1136 349 5.02462289311
1137 349 5.02462289311
1138 349 5.02462289311
1139 349 5.02462289311
1140 349 5.02462289311
1141 349 5.02462289311
1142 349 5.02462289311
1143 349 5.02462289311
1144 349 5.02462289311
1145 349 5.02462289311
1146 349 5.02462289311
1147 349 5.02462289311
1148 349 5.02462289311
1149 349 5.02462289311
1150 349 5.02462289311
1151 349 5.02462289311
1152 349 5.02462289311
1153 349 5.02462289311
1154 349 5.02462289311
1155 349 5.02462289311
1156 349 5.02462289311
1157 349 5.02462289311
1158 349 5.02462289311
1159 349 5.02462289311
1160 349 5.02462289311
1161 349 5.02462289311
1162 349 5.02462289311
1163 349 5.02462289311
1164 349 5.02462289311
1165 349 5.02462289311
1166 349 5.02462289311
1167 349 5.02462289311
1168 349 5.02462289311
1169 349 5.02462289311
1170 349 5.02462289311
1171 349 5.02462289311
1172 349 5.02462289311
1173 349 5.02462289311
1174 349 5.02462289311
1175 349 5.02462289311
1176 349 5.02462289311
1177 349 5.02462289311
1178 350 4.30630169264
1179 351 4.42822598702
1180 352 4.34799744056
1181 353 4.37341977769
1182 354 4.48310723736
1183 355 4.67875787617
1184 356 4.78426814483
1185 357 4.82548384249
1186 358 4.62210334401
1187 359 4.53932210823
1188 360 4.5393355002
1189 361 4.35682118863
1190 362 4.30226679531
1191 363 4.35206045628
1192 364 4.25327042107
1193 365 4.09922792369
1194 366 4.11199838409
1195 367 4.10581494316
1196 368 3.97176924318
1197 369 3.87762367589
1198 370 3.76797142936
1199 371 3.82688852115
1200 372 3.9874924069
1201 373 4.00207032211
1202 374 4.04584191767
1203 375 3.91137727406
1204 376 3.95200761562
1205 377 3.8199682468
1206 378 3.80518875981
1207 379 3.93674495791
1208 380 3.98802631224
1209 381 4.15898609977
1210 382 4.2495699266
1211 383 4.07952085212
1212 384 4.02021484744
1213 385 3.88750252391
1214 386 3.90396612729
1215 387 3.8119112672
1216 388 3.93417925728
1217 389 4.08103733555
1218 390 4.1925258557
1219 391 4.38085813367
1220 392 4.5272258242
1221 393 4.52115069467
1222 394 4.32868882927
1223 395 4.37058065322
1224 396 4.53635191748
1225 397 4.43575055787
1226 398 4.31474654822
1227 399 4.46437620572
1228 400 4.55895740242
1229 401 4.38054090671
1230 402 4.30280023355
1231 403 4.48238272331
1232 404 4.68624503893
1233 405 4.8825311029
1234 406 4.96995111807
1235 407 5.15695052187
1236 408 5.09824443206
1237 409 5.0021587572
1238 410 5.16511746058
1239 411 5.1059574135
1240 412 4.8824677218
1241 413 4.91422273537
1242 414 5.03322034491
1243 415 4.85880512985
1244 416 4.70372005798
1245 417 4.84123444916
1246 418 4.86329567621
1247 419 4.64270868737
1248 420 4.61920562979
1249 421 4.77885778019
1250 422 4.67684466113
1251 423 4.5152536622
1252 424 4.39210906228
1253 425 4.36568582465
1254 426 4.36898115083
1255 427 4.48007211376
1256 428 4.4991692303
1257 429 4.69952939747
1258 430 4.75113987753
1259 431 4.77848192688
1260 432 4.70002106279
1261 433 4.88894299112
1262 434 4.80678899143
1263 435 4.80898698564
1264 436 4.68783323824
1265 437 4.65514021618
1266 438 4.59053961926
1267 439 4.38659424063
1268 440 4.2355877147
1269 441 4.31689260343
1270 442 4.16918905068
1271 443 4.16075298705
1272 444 4.21255332228
1273 445 4.15273089987
1274 446 4.56744063266
1275 446 4.56744063266
1276 446 4.56744063266
1277 446 4.56744063266
1278 446 4.56744063266
1279 446 4.56744063266
1280 446 4.56744063266
1281 446 4.56744063266
1282 446 4.56744063266
1283 446 4.56744063266
1284 446 4.56744063266
1285 446 4.56744063266
1286 446 4.56744063266
1287 446 4.56744063266
1288 446 4.56744063266
1289 446 4.56744063266
1290 446 4.56744063266
1291 446 4.56744063266
1292 446 4.56744063266
1293 446 4.56744063266
1294 446 4.56744063266
1295 446 4.56744063266
1296 446 4.56744063266
1297 446 4.56744063266
1298 446 4.56744063266
1299 446 4.56744063266
1300 446 4.56744063266
1301 446 4.56744063266
1302 446 4.56744063266
1303 446 4.56744063266
1304 446 4.56744063266
1305 446 4.56744063266
1306 446 4.56744063266
1307 446 4.56744063266
1308 446 4.56744063266
1309 446 4.56744063266
1310 446 4.56744063266
1311 446 4.56744063266
1312 446 4.56744063266
1313 446 4.56744063266
1314 446 4.56744063266
1315 446 4.56744063266
1316 446 4.56744063266
1317 446 4.56744063266
1318 446 4.56744063266
1319 446 4.56744063266
1320 446 4.56744063266
1321 446 4.56744063266
1322 446 4.56744063266
1323 446 4.56744063266
1324 446 4.56744063266
1325 446 4.56744063266
1326 446 4.56744063266
1327 446 4.56744063266
1328 446 4.56744063266
1329 446 4.56744063266
1330 446 4.56744063266
1331 446 4.56744063266
1332 446 4.56744063266
1333 446 4.56744063266
1334 446 4.56744063266
1335 446 4.56744063266
1336 446 4.56744063266
1337 446 4.56744063266
1338 446 4.56744063266
1339 446 4.56744063266
1340 446 4.56744063266
1341 447 4.50522777126
1342 447 4.50522777126
1343 447 4.50522777126
1344 447 4.50522777126
1345 447 4.50522777126
1346 447 4.50522777126
1347 447 4.50522777126
1348 447 4.50522777126
1349 447 4.50522777126
1350 447 4.50522777126
1351 447 4.50522777126
1352 447 4.50522777126
1353 447 4.50522777126
1354 447 4.50522777126
1355 447 4.50522777126
1356 447 4.50522777126
1357 447 4.50522777126
1358 447 4.50522777126
1359 447 4.50522777126
1360 447 4.50522777126
1361 447 4.50522777126
1362 447 4.50522777126
1363 447 4.50522777126
1364 447 4.50522777126
1365 447 4.50522777126
1366 447 4.50522777126
1367 447 4.50522777126
1368 447 4.50522777126
1369 447 4.50522777126
1370 447 4.50522777126
1371 447 4.50522777126
1372 447 4.50522777126
1373 447 4.50522777126
1374 447 4.50522777126
1375 447 4.50522777126
1376 447 4.50522777126
1377 447 4.50522777126
1378 447 4.50522777126
1379 447 4.50522777126
1380 447 4.50522777126
1381 447 4.50522777126
1382 447 4.50522777126
1383 447 4.50522777126
1384 447 4.50522777126
1385 447 4.50522777126
1386 447 4.50522777126
1387 447 4.50522777126
1388 447 4.50522777126
1389 447 4.50522777126
1390 447 4.50522777126
1391 447 4.50522777126
1392 447 4.50522777126
1393 447 4.50522777126
1394 447 4.50522777126
1395 447 4.50522777126
1396 447 4.50522777126
1397 447 4.50522777126
1398 447 4.50522777126
1399 447 4.50522777126
1400 447 4.50522777126
1401 447 4.50522777126
1402 447 4.50522777126
1403 447 4.50522777126
1404 447 4.50522777126
1405 447 4.50522777126
1406 447 4.50522777126
1407 447 4.50522777126
1408 447 4.50522777126
1409 447 4.50522777126
1410 447 4.50522777126
1411 447 4.50522777126
1412 447 4.50522777126
1413 447 4.50522777126
1414 447 4.50522777126
1415 447 4.50522777126
1416 447 4.50522777126
1417 447 4.50522777126
1418 447 4.50522777126
1419 447 4.50522777126
1420 447 4.50522777126
1421 447 4.50522777126
1422 448 9.14394346344
1423 448 9.14394346344
1424 448 9.14394346344
1425 448 9.14394346344
1426 448 9.14394346344
1427 448 9.14394346344
1428 448 9.14394346344
1429 448 9.14394346344
1430 448 9.14394346344
1431 448 9.14394346344
1432 448 9.14394346344
1433 448 9.14394346344
1434 448 9.14394346344
1435 448 9.14394346344
1436 448 9.14394346344
1437 448 9.14394346344
1438 448 9.14394346344
1439 448 9.14394346344
1440 448 9.14394346344
1441 448 9.14394346344
1442 448 9.14394346344
1443 448 9.14394346344
1444 448 9.14394346344
1445 448 9.14394346344
1446 448 9.14394346344
1447 448 9.14394346344
1448 448 9.14394346344
1449 448 9.14394346344
1450 448 9.14394346344
1451 448 9.14394346344
1452 448 9.14394346344
1453 448 9.14394346344
1454 448 9.14394346344
1455 448 9.14394346344
1456 448 9.14394346344
1457 448 9.14394346344
1458 448 9.14394346344
1459 448 9.14394346344
1460 448 9.14394346344
1461 448 9.14394346344
1462 448 9.14394346344
1463 448 9.14394346344
1464 448 9.14394346344
1465 448 9.14394346344
1466 448 9.14394346344
1467 448 9.14394346344
1468 448 9.14394346344
1469 448 9.14394346344
1470 448 9.14394346344
1471 448 9.14394346344
1472 448 9.14394346344
1473 448 9.14394346344
1474 448 9.14394346344
1475 448 9.14394346344
1476 448 9.14394346344
1477 448 9.14394346344
1478 448 9.14394346344
1479 448 9.14394346344
1480 448 9.14394346344
1481 448 9.14394346344
1482 448 9.14394346344
1483 448 9.14394346344
1484 448 9.14394346344
1485 448 9.14394346344
1486 448 9.14394346344
1487 448 9.14394346344
1488 448 9.14394346344
1489 448 9.14394346344
1490 448 9.14394346344
1491 448 9.14394346344
1492 448 9.14394346344
1493 448 9.14394346344
1494 448 9.14394346344
1495 448 9.14394346344
1496 448 9.14394346344
1497 448 9.14394346344
1498 448 9.14394346344
1499 448 9.14394346344
1500 448 9.14394346344
1501 448 9.14394346344
1502 448 9.14394346344
1503 449 5.93935771671
1504 449 5.93935771671
1505 449 5.93935771671
1506 449 5.93935771671
1507 449 5.93935771671
1508 449 5.93935771671
1509 449 5.93935771671
1510 449 5.93935771671
1511 449 5.93935771671
1512 449 5.93935771671
1513 449 5.93935771671
1514 449 5.93935771671
1515 449 5.93935771671
1516 449 5.93935771671
1517 449 5.93935771671
1518 449 5.93935771671
1519 449 5.93935771671
1520 449 5.93935771671
1521 449 5.93935771671
1522 449 5.93935771671
1523 449 5.93935771671
1524 449 5.93935771671
1525 449 5.93935771671
1526 449 5.93935771671
1527 449 5.93935771671
1528 449 5.93935771671
1529 449 5.93935771671
1530 449 5.93935771671
1531 449 5.93935771671
1532 449 5.93935771671
1533 449 5.93935771671
1534 449 5.93935771671
1535 449 5.93935771671
1536 449 5.93935771671
1537 449 5.93935771671
1538 449 5.93935771671
1539 449 5.93935771671
1540 449 5.93935771671
1541 449 5.93935771671
1542 449 5.93935771671
1543 449 5.93935771671
1544 449 5.93935771671
1545 449 5.93935771671
1546 449 5.93935771671
1547 449 5.93935771671
1548 449 5.93935771671
1549 449 5.93935771671
1550 449 5.93935771671
1551 449 5.93935771671
1552 449 5.93935771671
1553 449 5.93935771671
1554 449 5.93935771671
1555 449 5.93935771671
1556 449 5.93935771671
1557 449 5.93935771671
1558 449 5.93935771671
1559 449 5.93935771671
1560 449 5.93935771671
1561 449 5.93935771671
1562 449 5.93935771671
1563 449 5.93935771671
1564 449 5.93935771671
1565 449 5.93935771671
1566 449 5.93935771671
1567 449 5.93935771671
1568 449 5.93935771671
1569 449 5.93935771671
1570 449 5.93935771671
1571 449 5.93935771671
1572 449 5.93935771671
1573 449 5.93935771671
1574 449 5.93935771671
1575 449 5.93935771671
1576 449 5.93935771671
1577 449 5.93935771671
1578 449 5.93935771671
1579 449 5.93935771671
1580 449 5.93935771671
1581 449 5.93935771671
1582 449 5.93935771671
1583 449 5.93935771671
1584 450 7.27004529542
