1 0 3.03911775786
2 0 3.03911775786
3 0 3.03911775786
4 0 3.03911775786
5 0 3.03911775786
6 0 3.03911775786
7 0 3.03911775786
8 0 3.03911775786
9 0 3.03911775786
10 0 3.03911775786
11 0 3.03911775786
12 0 3.03911775786
13 0 3.03911775786
14 0 3.03911775786
15 0 3.03911775786
16 0 3.03911775786
17 0 3.03911775786
18 0 3.03911775786
19 0 3.03911775786
20 0 3.03911775786
21 0 3.03911775786
22 0 3.03911775786
23 0 3.03911775786
24 0 3.03911775786
25 0 3.03911775786
26 0 3.03911775786
27 0 3.03911775786
28 0 3.03911775786
29 0 3.03911775786
30 0 3.03911775786
31 0 3.03911775786
32 0 3.03911775786
33 0 3.03911775786
34 0 3.03911775786
35 0 3.03911775786
36 0 3.03911775786
37 0 3.03911775786
38 0 3.03911775786
39 0 3.03911775786
40 0 3.03911775786
41 0 3.03911775786
42 0 3.03911775786
43 0 3.03911775786
44 0 3.03911775786
45 1 2.52383371594
46 2 2.25980364032
47 3 1.96005106696
48 4 1.77344752882
49 5 1.9336833172
50 6 1.7720264522
51 7 2.00226744583
52 8 1.88533168446
53 9 2.0058426227
54 10 2.15583568936
55 11 1.97092008763
56 12 2.06241030989
57 13 1.91966037259
58 14 1.83900976465
59 15 1.8450514713
60 16 1.81605093195
61 17 1.65641121208
62 18 1.89603912192
63 19 1.71576239619
64 20 1.49935874621
65 21 1.60577589866
66 22 1.58398806714
67 23 1.40119808586
68 24 1.52898609308
69 25 1.4296897656
70 26 1.54428772337
71 27 1.55934499791
72 28 1.68974387396
73 29 1.88667536889
74 30 1.73375913902
75 31 1.4971994112
76 32 1.3607769096
77 33 1.28284865978
78 34 1.22557910828
79 35 1.20623343869
80 36 1.21874601871
81 37 1.26444756439
82 38 1.47243704667
83 39 1.42355624114
84 40 1.19751545562
85 41 1.25336083691
86 42 1.11795934531
87 43 1.09496388846
88 44 7.17706299312
89 44 7.17706299312
90 44 7.17706299312
91 44 7.17706299312
92 44 7.17706299312
93 44 7.17706299312
94 44 7.17706299312
95 44 7.17706299312
96 44 7.17706299312
97 44 7.17706299312
98 44 7.17706299312
99 44 7.17706299312
100 44 7.17706299312
101 44 7.17706299312
102 44 7.17706299312
103 44 7.17706299312
104 44 7.17706299312
105 44 7.17706299312
106 44 7.17706299312
107 44 7.17706299312
108 44 7.17706299312
109 44 7.17706299312
110 44 7.17706299312
111 44 7.17706299312
112 44 7.17706299312
113 44 7.17706299312
114 44 7.17706299312
115 44 7.17706299312
116 44 7.17706299312
117 44 7.17706299312
118 44 7.17706299312
119 44 7.17706299312
120 44 7.17706299312
121 44 7.17706299312
122 44 7.17706299312
123 44 7.17706299312
124 45 1.10262521524
125 46 1.10499046481
126 47 1.13878231794
127 48 1.15537803508
128 49 1.22897672834
129 50 1.24157693044
130 51 1.34248431917
131 52 3.61866147169
132 52 3.61866147169
133 52 3.61866147169
134 52 3.61866147169
135 52 3.61866147169
136 52 3.61866147169
137 52 3.61866147169
138 52 3.61866147169
139 52 3.61866147169
140 52 3.61866147169
141 52 3.61866147169
142 52 3.61866147169
143 52 3.61866147169
144 52 3.61866147169
145 52 3.61866147169
146 52 3.61866147169
147 52 3.61866147169
148 52 3.61866147169
149 53 1.64464522543
150 54 1.66095508438
151 55 1.7528063313
152 56 1.60389616498
153 57 1.8558634054
154 58 1.77250487251
155 59 1.59406619464
156 60 1.66319795452
157 61 1.55688962863
158 62 1.63566229734
159 63 1.65624425713
160 64 1.69944762226
161 65 1.50883291884
162 66 1.32183651408
163 67 1.296199348
164 68 1.3707782815
165 69 1.37649349456
166 70 1.50863710944
167 71 1.55988118346
168 72 1.84814927068
169 73 2.06060326214
170 74 2.1819446353
171 75 1.89003701
172 76 1.66528995484
173 77 1.43815526278
174 78 1.47930526932
175 79 1.3435523428
176 80 1.3470049609
177 81 1.23244686881
178 82 1.220605299
179 83 1.17335916534
180 84 1.19020718165
181 85 1.14996008618
182 86 1.19685606542
183 87 1.23899526526
184 88 1.20659395109
185 89 1.23369326646
186 90 1.30026954784
187 91 1.34501803034
188 92 1.4284445603
189 93 1.41783928685
190 94 1.40317246401
191 95 1.34342964671
192 96 1.26210890569
193 97 1.25477002404
194 98 1.26044875995
195 99 1.2535003479
196 100 1.29588954214
197 101 1.35779885816
198 102 1.49838090843
199 103 1.6385545817
200 104 1.66523031045
201 105 1.8360451095
202 106 1.8738982778
203 107 1.83917011298
204 108 2.10830906603
205 109 2.09924741581
206 110 1.9507752871
207 111 2.16173083155
208 112 2.08921344146
209 113 2.35412133003
210 114 2.49908147344
211 115 2.52499843268
212 116 2.37797390088
213 117 2.04536851642
214 118 2.07233475886
215 119 1.92503136663
216 120 1.98414560709
217 121 2.15909299542
218 122 2.08495207271
219 123 2.15633947577
220 124 2.46562673614
221 125 2.34627714453
222 126 2.34092620563
223 127 2.07704490003
224 128 2.09917397654
225 129 1.83117192863
226 130 1.9155055753
227 131 1.74296674211
228 132 1.90332760082
229 133 1.86306644872
230 134 1.82394132627
231 135 2.07547943954
232 136 2.25402295587
233 137 2.2655725839
234 138 2.58129523678
235 139 2.65728272034
236 140 2.98403983328
237 141 2.99143390279
238 142 3.02989037195
239 143 2.86023693428
240 144 2.60550486094
241 145 2.59816102641
242 146 2.61885677014
243 147 2.60038618357
244 148 2.58760944713
245 149 2.72253888143
246 150 2.82089463748
247 151 3.18851938341
248 152 3.14885881085
249 153 3.51254634722
250 154 3.42139253382
251 155 3.0370914384
252 156 3.14759661837
253 157 3.21079396069
254 158 3.01333869727
255 159 3.09990084282
256 160 2.93005240351
257 161 3.07264717562
258 162 3.03289622426
259 163 3.15226911711
260 164 3.33404543862
261 165 3.59581646868
262 166 3.58457564755
263 167 3.46125460531
264 168 3.36772366564
265 169 3.39810486129
266 170 3.19992230188
267 171 3.21259642353
268 172 2.93518834513
269 173 2.93322250511
270 174 3.09779703323
271 175 2.88292785545
272 176 3.15339931357
273 177 5.96254147477
274 177 5.96254147477
275 177 5.96254147477
276 177 5.96254147477
277 177 5.96254147477
278 177 5.96254147477
279 177 5.96254147477
280 177 5.96254147477
281 177 5.96254147477
282 177 5.96254147477
283 177 5.96254147477
284 177 5.96254147477
285 178 3.64700703824
286 179 3.7426397879
287 180 3.88395553022
288 181 3.77979074555
289 182 3.97279254766
290 183 4.09058303807
291 184 4.03846946498
292 185 4.28676995724
293 186 4.04201914277
294 187 4.0248077481
295 188 4.12635483569
296 189 4.40210723211
297 190 4.52796616284
298 191 4.40058455325
299 192 4.26587298329
300 193 4.01624503732
301 194 3.65668171757
302 195 3.55089273931
303 196 3.51835755624
304 197 3.33335527335
305 198 3.064579077
306 199 2.98774817397
307 200 3.13945055033
308 201 3.13792462163
309 202 3.33619874962
310 203 3.50124941831
311 204 3.38658397609
312 205 3.75623816195
313 206 4.04892412107
314 207 4.23961410611
315 208 3.9667271191
316 209 3.91287856369
317 210 3.72338004659
318 211 3.59256182112
319 212 3.56429486494
320 213 3.49142200827
321 214 3.5318659383
322 215 3.58658025151
323 216 3.95290382649
324 217 3.92286688679
325 218 4.04660726922
326 219 3.88021897404
327 220 4.05379758559
328 221 4.04925507745
329 222 4.16736130817
330 223 4.29164864772
331 224 4.18795621635
332 225 4.57196870355
333 226 4.81485116497
334 227 9.11590420531
335 227 9.11590420531
336 227 9.11590420531
337 227 9.11590420531
338 227 9.11590420531
339 227 9.11590420531
340 227 9.11590420531
341 227 9.11590420531
342 227 9.11590420531
343 227 9.11590420531
344 227 9.11590420531
345 227 9.11590420531
346 227 9.11590420531
347 227 9.11590420531
348 227 9.11590420531
349 227 9.11590420531
350 227 9.11590420531
351 227 9.11590420531
352 227 9.11590420531
353 227 9.11590420531
354 227 9.11590420531
355 227 9.11590420531
356 228 4.52671203347
357 229 4.71630890071
358 230 4.52748005621
359 231 4.57648983645
360 232 4.53687730068
361 233 4.38001547363
362 234 4.22719018167
363 235 4.31134084553
364 236 4.23709115921
365 237 3.9407316571
366 238 4.01439641206
367 239 3.7677728937
368 240 3.48332300143
369 241 3.39083189725
370 242 3.01197656829
371 243 3.03364276163
372 244 3.25826760636
373 245 3.13871360025
374 246 3.31622551707
375 247 3.13950390001
376 248 3.10984586936
377 249 3.23996856735
378 250 3.32408589114
379 251 3.61848782121
380 252 3.60956322427
381 253 3.98471797837
382 254 4.11998914216
383 255 3.79294122195
384 256 3.5007302358
385 257 3.2423093485
386 258 3.28446957681
387 259 3.11519768574
388 260 3.28835851203
389 261 3.21010661375
390 262 3.49368571614
391 263 3.23129412868
392 264 3.39922415397
393 265 3.29092428861
394 266 3.61337792059
395 267 3.60595237548
396 268 3.68410551672
397 269 3.407691649
398 270 3.03040574302
399 271 2.89532007691
400 272 2.88301273879
401 273 2.9156882959
402 274 2.74446916752
403 275 2.55737782311
404 276 2.42778439311
405 277 2.46332170279
406 278 2.31516788976
407 279 2.46065903248
408 280 2.32601929137
409 281 2.52869514978
410 282 2.60416273728
411 283 2.43454252883
412 284 2.50693413489
413 285 2.34179317345
414 286 2.45508202244
415 287 2.24178061635
416 288 2.36069901291
417 289 2.21601585328
418 290 2.42235852584
419 291 2.47113047882
420 292 2.41011533173
421 293 2.15237086931
422 294 2.0379481771
423 295 2.08574657287
424 296 2.3224596916
425 297 2.47707832023
426 298 2.8569310752
427 299 3.91833922909
428 299 3.91833922909
429 299 3.91833922909
430 299 3.91833922909
431 299 3.91833922909
432 299 3.91833922909
433 299 3.91833922909
434 299 3.91833922909
435 299 3.91833922909
436 299 3.91833922909
437 299 3.91833922909
438 299 3.91833922909
439 299 3.91833922909
440 299 3.91833922909
441 299 3.91833922909
442 299 3.91833922909
443 299 3.91833922909
444 299 3.91833922909
445 299 3.91833922909
446 299 3.91833922909
447 299 3.91833922909
448 299 3.91833922909
449 299 3.91833922909
450 299 3.91833922909
451 299 3.91833922909
452 299 3.91833922909
453 299 3.91833922909
454 299 3.91833922909
455 299 3.91833922909
456 299 3.91833922909
457 299 3.91833922909
458 299 3.91833922909
459 299 3.91833922909
460 299 3.91833922909
461 299 3.91833922909
462 299 3.91833922909
463 299 3.91833922909
464 299 3.91833922909
465 299 3.91833922909
466 299 3.91833922909
467 299 3.91833922909
468 299 3.91833922909
469 299 3.91833922909
470 299 3.91833922909
471 299 3.91833922909
472 299 3.91833922909
473 299 3.91833922909
474 299 3.91833922909
475 299 3.91833922909
476 299 3.91833922909
477 299 3.91833922909
478 299 3.91833922909
479 299 3.91833922909
480 299 3.91833922909
481 299 3.91833922909
482 299 3.91833922909
483 299 3.91833922909
484 299 3.91833922909
485 299 3.91833922909
486 299 3.91833922909
487 299 3.91833922909
488 299 3.91833922909
489 299 3.91833922909
490 299 3.91833922909
491 300 2.30935547977
492 300 2.30935547977
493 300 2.30935547977
494 300 2.30935547977
495 300 2.30935547977
496 300 2.30935547977
497 300 2.30935547977
498 300 2.30935547977
499 300 2.30935547977
500 300 2.30935547977
501 300 2.30935547977
502 300 2.30935547977
503 300 2.30935547977
504 300 2.30935547977
505 300 2.30935547977
506 300 2.30935547977
507 300 2.30935547977
508 300 2.30935547977
509 300 2.30935547977
510 300 2.30935547977
511 300 2.30935547977
512 300 2.30935547977
513 300 2.30935547977
514 300 2.30935547977
515 300 2.30935547977
516 300 2.30935547977
517 300 2.30935547977
518 300 2.30935547977
519 300 2.30935547977
520 300 2.30935547977
521 300 2.30935547977
522 300 2.30935547977
523 300 2.30935547977
524 300 2.30935547977
525 300 2.30935547977
526 300 2.30935547977
527 300 2.30935547977
528 300 2.30935547977
529 300 2.30935547977
530 300 2.30935547977
531 300 2.30935547977
532 300 2.30935547977
533 300 2.30935547977
534 300 2.30935547977
535 300 2.30935547977
536 300 2.30935547977
537 300 2.30935547977
538 300 2.30935547977
539 300 2.30935547977
540 300 2.30935547977
541 300 2.30935547977
542 300 2.30935547977
543 300 2.30935547977
544 300 2.30935547977
545 300 2.30935547977
546 300 2.30935547977
547 300 2.30935547977
548 300 2.30935547977
549 300 2.30935547977
550 300 2.30935547977
551 300 2.30935547977
552 300 2.30935547977
553 300 2.30935547977
554 300 2.30935547977
555 300 2.30935547977
556 300 2.30935547977
557 300 2.30935547977
558 300 2.30935547977
559 300 2.30935547977
560 300 2.30935547977
561 300 2.30935547977
562 300 2.30935547977
563 300 2.30935547977
564 300 2.30935547977
565 300 2.30935547977
566 300 2.30935547977
567 300 2.30935547977
568 300 2.30935547977
569 300 2.30935547977
570 300 2.30935547977
571 300 2.30935547977
572 300 2.30935547977
573 300 2.30935547977
574 300 2.30935547977
575 301 2.04138161422
576 301 2.04138161422
577 301 2.04138161422
578 301 2.04138161422
579 301 2.04138161422
580 301 2.04138161422
581 301 2.04138161422
582 301 2.04138161422
583 301 2.04138161422
584 301 2.04138161422
585 301 2.04138161422
586 301 2.04138161422
587 301 2.04138161422
588 301 2.04138161422
589 301 2.04138161422
590 301 2.04138161422
591 301 2.04138161422
592 301 2.04138161422
593 301 2.04138161422
594 301 2.04138161422
595 301 2.04138161422
596 301 2.04138161422
597 301 2.04138161422
598 301 2.04138161422
599 301 2.04138161422
600 301 2.04138161422
601 301 2.04138161422
602 301 2.04138161422
603 301 2.04138161422
604 301 2.04138161422
605 301 2.04138161422
606 301 2.04138161422
607 301 2.04138161422
608 301 2.04138161422
609 301 2.04138161422
610 301 2.04138161422
611 301 2.04138161422
612 301 2.04138161422
613 301 2.04138161422
614 301 2.04138161422
615 301 2.04138161422
616 301 2.04138161422
617 301 2.04138161422
618 301 2.04138161422
619 301 2.04138161422
620 301 2.04138161422
621 301 2.04138161422
622 301 2.04138161422
623 301 2.04138161422
624 301 2.04138161422
625 301 2.04138161422
626 301 2.04138161422
627 301 2.04138161422
628 301 2.04138161422
629 301 2.04138161422
630 301 2.04138161422
631 301 2.04138161422
632 301 2.04138161422
633 301 2.04138161422
634 301 2.04138161422
635 301 2.04138161422
636 301 2.04138161422
637 301 2.04138161422
638 301 2.04138161422
639 301 2.04138161422
640 301 2.04138161422
641 301 2.04138161422
642 301 2.04138161422
643 301 2.04138161422
644 301 2.04138161422
645 301 2.04138161422
646 301 2.04138161422
647 301 2.04138161422
648 301 2.04138161422
649 301 2.04138161422
650 301 2.04138161422
651 301 2.04138161422
652 301 2.04138161422
653 301 2.04138161422
654 301 2.04138161422
655 301 2.04138161422
656 301 2.04138161422
657 301 2.04138161422
658 301 2.04138161422
659 302 3.82848947963
660 303 3.78215718625
661 304 3.60526697726
662 305 3.48165113887
663 306 3.47487808285
664 307 3.40660901787
665 308 3.23711419913
666 309 3.15390744686
667 310 3.1683983296
668 311 3.05844432807
669 312 2.89169860634
670 313 2.86655534237
671 314 2.8640841852
672 315 2.73777729039
673 316 2.61131781052
674 317 2.60834675093
675 318 2.65565666229
676 319 2.61377291566
677 320 2.74632562694
678 321 2.90476376237
679 322 2.92104719439
680 323 2.93878319202
681 324 3.1011964191
682 325 3.21447375814
683 326 3.20793506613
684 327 3.24132819689
685 328 3.45149842768
686 329 3.68090494437
687 330 3.56096025618
688 331 3.47429433336
689 332 3.65590762392
690 333 3.67246931867
691 334 3.61931982629
692 335 3.46804364922
693 336 3.35491387957
694 337 3.34817523992
695 338 3.23495886966
696 339 3.1008701499
697 340 3.05178912163
698 341 3.02806845629
699 342 2.87702488197
700 343 2.77307952625
701 344 2.809616732
702 345 2.72902884995
703 346 2.5476528457
704 347 2.44793866152
705 348 2.39176036068
706 349 2.47380050644
707 350 2.39696876453
708 351 2.41234007008
709 352 2.4174968315
710 353 2.43576839089
711 354 2.40836971478
712 355 2.59263844091
713 356 2.68800898697
714 357 2.85917130912
715 358 2.95412542647
716 359 3.04208066777
717 360 3.07055738414
718 361 3.21552820387
719 362 3.31641422862
720 363 3.35494989588
721 364 3.46859986431
722 365 3.66459326757
723 366 3.62791720823
724 367 3.59127654843
725 368 3.75070136425
726 369 3.76299950625
727 370 3.59992032147
728 371 3.46601711833
729 372 3.48517938463
730 373 3.38788659957
731 374 3.21445529607
732 375 3.1612608649
733 376 3.13150303296
734 377 2.99896493545
735 378 2.87084768678
736 379 2.85734146431
737 380 2.79923772367
738 381 2.89543934388
739 382 3.07348981016
740 383 3.17972224073
741 384 3.28543922345
742 385 3.41594246729
743 386 3.48342226439
744 387 3.53508465335
745 388 3.68071505391
746 389 3.75733426359
747 390 3.81010402989
748 391 4.03069039484
749 392 4.0002925293
750 393 3.8046817563
751 394 3.75654600044
752 395 3.63727484216
753 396 3.48676179028
754 397 3.4878142117
755 398 3.41857840966
756 399 3.2376292022
757 400 3.15733759045
758 401 3.13180851691
759 402 3.01932206415
760 403 2.88402830462
761 404 2.82068951919
762 405 2.81101399254
763 406 2.71216590139
764 407 2.68411371621
765 408 2.79647651931
766 409 3.01525959304
767 410 3.08892650596
768 411 3.27933209449
769 412 3.31700383338
770 413 3.33626907499
771 414 3.45889125025
772 415 3.6175366416
773 416 3.62905844663
774 417 3.69772983054
775 418 3.85545590215
776 419 3.98147673893
777 420 4.00683813143
778 421 4.09880021456
779 422 4.29986272647
780 423 4.34063960781
781 424 4.33588723854
782 425 4.39077296002
783 426 4.46108226536
784 426 4.46108226536
785 426 4.46108226536
786 426 4.46108226536
787 426 4.46108226536
788 426 4.46108226536
789 426 4.46108226536
790 426 4.46108226536
791 426 4.46108226536
792 426 4.46108226536
793 426 4.46108226536
794 426 4.46108226536
795 426 4.46108226536
796 426 4.46108226536
797 426 4.46108226536
798 426 4.46108226536
799 426 4.46108226536
800 426 4.46108226536
801 426 4.46108226536
802 426 4.46108226536
803 426 4.46108226536
804 426 4.46108226536
805 426 4.46108226536
806 426 4.46108226536
807 426 4.46108226536
808 426 4.46108226536
809 427 4.28038465976
810 428 4.35773923622
811 429 4.30676694226
812 430 4.08678500239
813 431 4.05175127139
814 432 4.06128431391
815 433 3.88041204494
816 434 3.73474660725
817 435 3.78469486794
818 436 3.76008557323
819 437 3.52620724869
820 438 3.49240352789
821 439 3.62554079417
822 440 3.78082862462
823 441 3.9386849169
824 442 3.82088758132
825 443 3.89400036828
826 444 4.07584316902
827 445 3.97256772725
828 446 4.10995601245
829 447 4.15096151033
830 448 4.28208711487
831 449 4.39566091537
832 450 4.49913007034
833 451 4.5653097116
834 452 4.68403096488
835 453 4.88568347289
836 454 6.14882226144
837 454 6.14882226144
838 454 6.14882226144
839 454 6.14882226144
840 454 6.14882226144
841 454 6.14882226144
842 454 6.14882226144
843 454 6.14882226144
844 454 6.14882226144
845 454 6.14882226144
846 454 6.14882226144
847 454 6.14882226144
848 454 6.14882226144
849 454 6.14882226144
850 454 6.14882226144
851 454 6.14882226144
852 454 6.14882226144
853 454 6.14882226144
854 454 6.14882226144
855 454 6.14882226144
856 454 6.14882226144
857 454 6.14882226144
858 454 6.14882226144
859 454 6.14882226144
860 454 6.14882226144
861 454 6.14882226144
862 454 6.14882226144
863 454 6.14882226144
864 454 6.14882226144
865 454 6.14882226144
866 454 6.14882226144
867 454 6.14882226144
868 454 6.14882226144
869 454 6.14882226144
870 454 6.14882226144
871 454 6.14882226144
872 454 6.14882226144
873 454 6.14882226144
874 454 6.14882226144
875 454 6.14882226144
876 454 6.14882226144
877 454 6.14882226144
878 454 6.14882226144
879 454 6.14882226144
880 454 6.14882226144
881 454 6.14882226144
882 454 6.14882226144
883 454 6.14882226144
884 454 6.14882226144
885 454 6.14882226144
886 454 6.14882226144
887 454 6.14882226144
888 454 6.14882226144
889 455 3.98233112093
890 455 3.98233112093
891 455 3.98233112093
892 455 3.98233112093
893 455 3.98233112093
894 455 3.98233112093
895 455 3.98233112093
896 455 3.98233112093
897 455 3.98233112093
898 455 3.98233112093
899 455 3.98233112093
900 455 3.98233112093
901 455 3.98233112093
902 455 3.98233112093
903 455 3.98233112093
904 455 3.98233112093
905 455 3.98233112093
906 455 3.98233112093
907 455 3.98233112093
908 455 3.98233112093
909 455 3.98233112093
910 455 3.98233112093
911 455 3.98233112093
912 455 3.98233112093
913 455 3.98233112093
914 455 3.98233112093
915 455 3.98233112093
916 455 3.98233112093
917 455 3.98233112093
918 455 3.98233112093
919 455 3.98233112093
920 455 3.98233112093
921 455 3.98233112093
922 455 3.98233112093
923 455 3.98233112093
924 455 3.98233112093
925 455 3.98233112093
926 455 3.98233112093
927 455 3.98233112093
928 455 3.98233112093
929 455 3.98233112093
930 455 3.98233112093
931 455 3.98233112093
932 455 3.98233112093
933 455 3.98233112093
934 455 3.98233112093
935 455 3.98233112093
936 455 3.98233112093
937 455 3.98233112093
938 455 3.98233112093
939 455 3.98233112093
940 455 3.98233112093
941 455 3.98233112093
942 456 3.37432721235
943 457 3.39792683711
944 458 3.44744514785
945 459 3.55523301052
946 460 3.72283973913
947 461 3.75217232945
948 462 3.73154896272
949 463 3.54435185627
950 464 3.44303609537
951 465 3.61908454204
952 466 3.80944847762
953 467 3.85159982855
954 468 4.08570558877
955 469 4.15694753906
956 470 4.1008263335
957 471 4.17913432137
958 472 4.43808516122
959 473 4.50546677325
960 474 4.3430750616
961 475 4.18347967898
962 476 3.96106845487
963 477 3.96336835904
964 478 8.62876140265
965 478 8.62876140265
966 478 8.62876140265
967 478 8.62876140265
968 478 8.62876140265
969 478 8.62876140265
970 478 8.62876140265
971 478 8.62876140265
972 478 8.62876140265
973 478 8.62876140265
974 478 8.62876140265
975 478 8.62876140265
976 478 8.62876140265
977 478 8.62876140265
978 478 8.62876140265
979 478 8.62876140265
980 478 8.62876140265
981 478 8.62876140265
982 478 8.62876140265
983 478 8.62876140265
984 478 8.62876140265
985 478 8.62876140265
986 478 8.62876140265
987 478 8.62876140265
988 478 8.62876140265
989 478 8.62876140265
990 478 8.62876140265
991 478 8.62876140265
992 478 8.62876140265
993 478 8.62876140265
994 478 8.62876140265
995 478 8.62876140265
996 478 8.62876140265
997 478 8.62876140265
998 478 8.62876140265
999 478 8.62876140265
1000 479 3.89056885328
1001 480 3.74096914148
1002 481 3.52267378214
1003 482 3.33378993253
1004 483 3.19901163303
1005 484 3.03136558798
1006 485 2.91433776523
1007 486 2.78106485269
1008 487 2.81923876855
1009 488 2.87485793675
1010 489 3.00352376178
1011 490 3.12822282378
1012 491 3.27204562538
1013 492 3.45854232744
1014 493 3.45099254388
1015 494 3.65723878297
1016 495 3.59436033726
1017 496 3.37979255233
1018 497 3.46510916814
1019 498 3.61961901998
1020 499 3.45013021291
1021 500 3.29017429767
1022 501 3.44171049045
1023 502 3.44649727963
1024 503 3.23122391157
1025 504 3.08089689621
1026 505 3.00172249639
1027 506 3.05095974219
1028 507 3.20325535103
1029 508 3.14838046117
1030 509 3.08587516001
1031 510 2.92958531906
1032 511 2.90384230647
1033 512 8.86614187968
1034 512 8.86614187968
1035 512 8.86614187968
1036 512 8.86614187968
1037 512 8.86614187968
1038 512 8.86614187968
