1 0 4.32653854506
2 1 4.28215837394
3 2 4.21078986171
4 3 4.19038294152
5 4 4.13010820217
6 5 4.0482708307
7 6 4.0262451407
8 7 4.0685482695
9 8 4.06052942072
10 9 4.10627613205
11 10 4.07895062462
12 11 4.11168892598
13 12 4.07516264526
14 13 4.03444432991
15 14 4.03370579988
16 15 3.98855396729
17 16 4.01886400572
18 17 3.96950714255
19 18 4.00489215727
20 19 4.02007465884
21 20 4.08070370597
22 21 4.11656606648
23 22 4.11118020411
24 23 4.0510916832
25 24 4.02516254248
26 25 3.94011618372
27 26 3.92854437887
28 27 3.98220843352
29 28 3.96283102971
30 29 3.95522941629
31 30 3.92087970012
32 31 6.80984626587
33 31 6.80984626587
34 31 6.80984626587
35 31 6.80984626587
36 31 6.80984626587
37 31 6.80984626587
38 31 6.80984626587
39 31 6.80984626587
40 31 6.80984626587
41 31 6.80984626587
42 31 6.80984626587
43 31 6.80984626587
44 31 6.80984626587
45 31 6.80984626587
46 31 6.80984626587
47 31 6.80984626587
48 31 6.80984626587
49 31 6.80984626587
50 31 6.80984626587
51 31 6.80984626587
52 31 6.80984626587
53 31 6.80984626587
54 31 6.80984626587
55 31 6.80984626587
56 31 6.80984626587
57 31 6.80984626587
58 31 6.80984626587
59 31 6.80984626587
60 31 6.80984626587
61 31 6.80984626587
62 31 6.80984626587
63 31 6.80984626587
64 31 6.80984626587
65 31 6.80984626587
66 31 6.80984626587
67 31 6.80984626587
68 31 6.80984626587
69 31 6.80984626587
70 31 6.80984626587
71 31 6.80984626587
72 31 6.80984626587
73 31 6.80984626587
74 31 6.80984626587
75 31 6.80984626587
76 31 6.80984626587
77 31 6.80984626587
78 31 6.80984626587
79 31 6.80984626587
80 31 6.80984626587
81 31 6.80984626587
82 31 6.80984626587
83 31 6.80984626587
84 31 6.80984626587
85 31 6.80984626587
86 31 6.80984626587
87 31 6.80984626587
88 31 6.80984626587
89 31 6.80984626587
90 31 6.80984626587
91 31 6.80984626587
92 31 6.80984626587
93 31 6.80984626587
94 31 6.80984626587
95 31 6.80984626587
96 31 6.80984626587
97 31 6.80984626587
98 31 6.80984626587
99 31 6.80984626587
100 31 6.80984626587
101 31 6.80984626587
102 31 6.80984626587
103 31 6.80984626587
104 31 6.80984626587
105 31 6.80984626587
106 31 6.80984626587
107 31 6.80984626587
108 31 6.80984626587
109 31 6.80984626587
110 31 6.80984626587
111 31 6.80984626587
112 31 6.80984626587
113 31 6.80984626587
114 31 6.80984626587
115 31 6.80984626587
116 31 6.80984626587
117 31 6.80984626587
118 31 6.80984626587
119 31 6.80984626587
120 31 6.80984626587
121 31 6.80984626587
122 31 6.80984626587
123 31 6.80984626587
124 31 6.80984626587
125 31 6.80984626587
126 31 6.80984626587
127 31 6.80984626587
128 31 6.80984626587
129 32 1.22809598223
130 32 1.22809598223
131 32 1.22809598223
132 32 1.22809598223
133 32 1.22809598223
134 32 1.22809598223
135 32 1.22809598223
136 32 1.22809598223
137 32 1.22809598223
138 32 1.22809598223
139 32 1.22809598223
140 32 1.22809598223
141 32 1.22809598223
142 32 1.22809598223
143 32 1.22809598223
144 32 1.22809598223
145 32 1.22809598223
146 32 1.22809598223
147 32 1.22809598223
148 32 1.22809598223
149 32 1.22809598223
150 32 1.22809598223
151 32 1.22809598223
152 32 1.22809598223
153 32 1.22809598223
154 32 1.22809598223
155 32 1.22809598223
156 32 1.22809598223
157 32 1.22809598223
158 32 1.22809598223
159 32 1.22809598223
160 32 1.22809598223
161 32 1.22809598223
162 32 1.22809598223
163 32 1.22809598223
164 32 1.22809598223
165 32 1.22809598223
166 32 1.22809598223
167 32 1.22809598223
168 32 1.22809598223
169 32 1.22809598223
170 32 1.22809598223
171 32 1.22809598223
172 32 1.22809598223
173 32 1.22809598223
174 32 1.22809598223
175 32 1.22809598223
176 32 1.22809598223
177 32 1.22809598223
178 32 1.22809598223
179 32 1.22809598223
180 32 1.22809598223
181 32 1.22809598223
182 32 1.22809598223
183 32 1.22809598223
184 32 1.22809598223
185 32 1.22809598223
186 32 1.22809598223
187 32 1.22809598223
188 32 1.22809598223
189 32 1.22809598223
190 32 1.22809598223
191 32 1.22809598223
192 32 1.22809598223
193 32 1.22809598223
194 32 1.22809598223
195 32 1.22809598223
196 32 1.22809598223
197 32 1.22809598223
198 32 1.22809598223
199 32 1.22809598223
200 32 1.22809598223
201 32 1.22809598223
202 32 1.22809598223
203 32 1.22809598223
204 32 1.22809598223
205 32 1.22809598223
206 32 1.22809598223
207 32 1.22809598223
208 32 1.22809598223
209 32 1.22809598223
210 32 1.22809598223
211 32 1.22809598223
212 32 1.22809598223
213 32 1.22809598223
214 32 1.22809598223
215 32 1.22809598223
216 32 1.22809598223
217 32 1.22809598223
218 32 1.22809598223
219 32 1.22809598223
220 32 1.22809598223
221 32 1.22809598223
222 32 1.22809598223
223 32 1.22809598223
224 32 1.22809598223
225 32 1.22809598223
226 33 3.06814523645
227 33 3.06814523645
228 33 3.06814523645
229 33 3.06814523645
230 33 3.06814523645
231 33 3.06814523645
232 33 3.06814523645
233 33 3.06814523645
234 33 3.06814523645
235 33 3.06814523645
236 33 3.06814523645
237 33 3.06814523645
238 33 3.06814523645
239 33 3.06814523645
240 33 3.06814523645
241 33 3.06814523645
242 33 3.06814523645
243 33 3.06814523645
244 33 3.06814523645
245 33 3.06814523645
246 33 3.06814523645
247 33 3.06814523645
248 33 3.06814523645
249 33 3.06814523645
250 33 3.06814523645
251 33 3.06814523645
252 33 3.06814523645
253 33 3.06814523645
254 33 3.06814523645
255 33 3.06814523645
256 33 3.06814523645
257 33 3.06814523645
258 33 3.06814523645
259 33 3.06814523645
260 33 3.06814523645
261 33 3.06814523645
262 33 3.06814523645
263 33 3.06814523645
264 33 3.06814523645
265 33 3.06814523645
266 33 3.06814523645
267 33 3.06814523645
268 33 3.06814523645
269 33 3.06814523645
270 33 3.06814523645
271 33 3.06814523645
272 33 3.06814523645
273 33 3.06814523645
274 33 3.06814523645
275 33 3.06814523645
276 33 3.06814523645
277 33 3.06814523645
278 33 3.06814523645
279 33 3.06814523645
280 33 3.06814523645
281 33 3.06814523645
282 33 3.06814523645
283 33 3.06814523645
284 33 3.06814523645
285 33 3.06814523645
286 33 3.06814523645
287 33 3.06814523645
288 33 3.06814523645
289 33 3.06814523645
290 33 3.06814523645
291 33 3.06814523645
292 33 3.06814523645
293 33 3.06814523645
294 33 3.06814523645
295 33 3.06814523645
296 33 3.06814523645
297 33 3.06814523645
298 33 3.06814523645
299 33 3.06814523645
300 33 3.06814523645
301 33 3.06814523645
302 33 3.06814523645
303 33 3.06814523645
304 33 3.06814523645
305 33 3.06814523645
306 33 3.06814523645
307 33 3.06814523645
308 33 3.06814523645
309 33 3.06814523645
310 33 3.06814523645
311 33 3.06814523645
312 33 3.06814523645
313 33 3.06814523645
314 33 3.06814523645
315 33 3.06814523645
316 33 3.06814523645
317 33 3.06814523645
318 33 3.06814523645
319 33 3.06814523645
320 33 3.06814523645
321 33 3.06814523645
322 34 2.23631288858
323 35 2.27676889894
324 36 2.14950533214
325 37 2.02599271875
326 38 1.98118248427
327 39 2.06414385709
328 40 2.00669065804
329 41 1.92839158045
330 42 1.96614858914
331 43 1.94503840365
332 44 2.02040599962
333 45 1.99481960992
334 46 2.03108122095
335 47 2.11682136319
336 48 2.14902931147
337 49 2.16496821441
338 50 2.13272721043
339 51 2.10032533202
340 52 2.10521240834
341 53 2.05553799168
342 54 1.98860891975
343 55 1.91179797703
344 56 1.90701510153
345 57 2.00528502015
346 58 2.07010275059
347 59 2.03184989655
348 60 2.08762261628
349 61 2.17202616007
350 62 2.24178761253
351 63 2.35710484352
352 64 3.18955915301
353 64 3.18955915301
354 64 3.18955915301
355 64 3.18955915301
356 64 3.18955915301
357 64 3.18955915301
358 64 3.18955915301
359 64 3.18955915301
360 64 3.18955915301
361 64 3.18955915301
362 64 3.18955915301
363 64 3.18955915301
364 64 3.18955915301
365 64 3.18955915301
366 64 3.18955915301
367 64 3.18955915301
368 64 3.18955915301
369 64 3.18955915301
370 64 3.18955915301
371 64 3.18955915301
372 64 3.18955915301
373 64 3.18955915301
374 64 3.18955915301
375 64 3.18955915301
376 64 3.18955915301
377 64 3.18955915301
378 64 3.18955915301
379 64 3.18955915301
380 64 3.18955915301
381 64 3.18955915301
382 64 3.18955915301
383 64 3.18955915301
384 64 3.18955915301
385 64 3.18955915301
386 64 3.18955915301
387 64 3.18955915301
388 64 3.18955915301
389 64 3.18955915301
390 64 3.18955915301
391 64 3.18955915301
392 64 3.18955915301
393 64 3.18955915301
394 64 3.18955915301
395 64 3.18955915301
396 64 3.18955915301
397 64 3.18955915301
398 64 3.18955915301
399 64 3.18955915301
400 65 2.31195426379
401 66 2.21737497413
402 67 2.24426692026
403 68 2.21828756315
404 69 2.2304255269
405 70 2.11210605806
406 71 2.11227627496
407 72 2.16379101256
408 73 2.08566775907
409 74 2.01202153006
410 75 2.08196890376
411 76 2.11600590081
412 77 2.10303708485
413 78 2.00430036306
414 79 1.93626663097
415 80 1.89415574831
416 81 1.80708825666
417 82 1.76887098556
418 83 1.80286318276
419 84 1.83315556428
420 85 1.94132244198
421 86 1.99949283004
422 87 2.12040807073
423 88 2.19258548186
424 89 2.3169392942
425 90 2.39615391068
426 91 2.28186986524
427 92 2.20701583739
428 93 2.08956363881
429 94 2.01540459909
430 95 1.91016161166
431 96 1.90216363005
432 97 1.81177871796
433 98 1.83828180834
434 99 1.82558747628
435 100 1.85679625354
436 101 1.91729925782
437 102 1.93901324124
438 103 2.01620704594
439 104 2.36074183962
440 104 2.36074183962
441 104 2.36074183962
442 104 2.36074183962
443 104 2.36074183962
444 104 2.36074183962
445 104 2.36074183962
446 104 2.36074183962
447 104 2.36074183962
448 104 2.36074183962
449 104 2.36074183962
450 104 2.36074183962
451 104 2.36074183962
452 104 2.36074183962
453 104 2.36074183962
454 104 2.36074183962
455 104 2.36074183962
456 104 2.36074183962
457 104 2.36074183962
458 104 2.36074183962
459 104 2.36074183962
460 104 2.36074183962
461 104 2.36074183962
462 104 2.36074183962
463 104 2.36074183962
464 104 2.36074183962
465 104 2.36074183962
466 104 2.36074183962
467 104 2.36074183962
468 104 2.36074183962
469 104 2.36074183962
470 104 2.36074183962
471 104 2.36074183962
472 104 2.36074183962
473 104 2.36074183962
474 104 2.36074183962
475 104 2.36074183962
476 104 2.36074183962
477 104 2.36074183962
478 104 2.36074183962
479 104 2.36074183962
480 104 2.36074183962
481 104 2.36074183962
482 104 2.36074183962
483 104 2.36074183962
484 104 2.36074183962
485 104 2.36074183962
486 104 2.36074183962
487 104 2.36074183962
488 104 2.36074183962
489 104 2.36074183962
490 104 2.36074183962
491 104 2.36074183962
492 104 2.36074183962
493 104 2.36074183962
494 104 2.36074183962
495 104 2.36074183962
496 104 2.36074183962
497 104 2.36074183962
498 104 2.36074183962
499 104 2.36074183962
500 104 2.36074183962
501 104 2.36074183962
502 104 2.36074183962
503 104 2.36074183962
504 104 2.36074183962
505 104 2.36074183962
506 104 2.36074183962
507 104 2.36074183962
508 104 2.36074183962
509 104 2.36074183962
510 104 2.36074183962
511 104 2.36074183962
512 104 2.36074183962
513 104 2.36074183962
514 104 2.36074183962
515 104 2.36074183962
516 104 2.36074183962
517 104 2.36074183962
518 104 2.36074183962
519 104 2.36074183962
520 104 2.36074183962
521 104 2.36074183962
522 104 2.36074183962
523 104 2.36074183962
524 104 2.36074183962
525 104 2.36074183962
526 104 2.36074183962
527 104 2.36074183962
528 104 2.36074183962
529 104 2.36074183962
530 104 2.36074183962
531 105 0.876268625964
532 106 0.889853643078
533 107 0.901212333311
534 108 0.898631793804
535 109 0.877069803401
536 110 0.868231044903
537 111 0.848659762969
538 112 0.843343595138
539 113 0.827324104131
540 114 0.824541571086
541 115 0.82156286268
542 116 0.806908819653
543 117 0.794831682228
544 118 0.792291050415
545 119 0.786964796244
546 120 0.798884554025
547 121 0.806043337213
548 122 0.820399554483
549 123 0.834851912458
550 124 0.852249065888
551 125 0.8654699906
552 126 0.854172211063
553 127 0.855560186714
554 128 0.877965704728
555 129 0.878599146604
556 130 0.862919838479
557 131 0.874215424122
558 132 0.894428785187
559 133 0.88335273893
560 134 0.874823390882
561 135 0.8959852238
562 136 0.905935021914
563 137 0.889562707327
564 138 0.896949704568
565 139 0.920273841935
566 140 0.913121895859
567 141 0.902391386458
568 142 0.885682339537
569 143 0.868316125259
570 144 0.856097362566
571 145 0.856176951109
572 146 0.854488254237
573 147 0.838995796994
574 148 0.831101067763
575 149 0.834768353225
576 151 0.755655643101
577 152 0.748663209103
578 151 0.671155893789
579 151 0.671155893789
580 151 0.671155893789
581 151 0.671155893789
582 151 0.671155893789
583 151 0.671155893789
584 151 0.671155893789
585 151 0.671155893789
586 151 0.671155893789
587 151 0.671155893789
588 151 0.671155893789
589 151 0.671155893789
590 151 0.671155893789
591 151 0.671155893789
592 151 0.671155893789
593 151 0.671155893789
594 151 0.671155893789
595 151 0.671155893789
596 151 0.671155893789
597 151 0.671155893789
598 151 0.671155893789
599 151 0.671155893789
600 151 0.671155893789
601 151 0.671155893789
602 151 0.671155893789
603 151 0.671155893789
604 151 0.671155893789
605 151 0.671155893789
606 151 0.671155893789
607 151 0.671155893789
608 151 0.671155893789
609 151 0.671155893789
610 151 0.671155893789
611 151 0.671155893789
612 151 0.671155893789
613 151 0.671155893789
614 151 0.671155893789
615 151 0.671155893789
616 151 0.671155893789
617 151 0.671155893789
618 151 0.671155893789
619 151 0.671155893789
620 151 0.671155893789
621 151 0.671155893789
622 151 0.671155893789
623 151 0.671155893789
624 151 0.671155893789
625 151 0.671155893789
626 151 0.671155893789
627 151 0.671155893789
628 151 0.671155893789
629 151 0.671155893789
630 151 0.671155893789
631 151 0.671155893789
632 151 0.671155893789
633 151 0.671155893789
634 151 0.671155893789
635 151 0.671155893789
636 151 0.671155893789
637 151 0.671155893789
638 151 0.671155893789
639 151 0.671155893789
640 151 0.671155893789
641 151 0.671155893789
642 151 0.671155893789
643 151 0.671155893789
644 151 0.671155893789
645 151 0.671155893789
646 151 0.671155893789
647 151 0.671155893789
648 151 0.671155893789
649 151 0.671155893789
650 151 0.671155893789
651 151 0.671155893789
652 151 0.671155893789
653 151 0.671155893789
654 151 0.671155893789
655 151 0.671155893789
656 151 0.671155893789
657 151 0.671155893789
658 151 0.671155893789
659 151 0.671155893789
660 151 0.671155893789
661 151 0.671155893789
662 151 0.671155893789
663 151 0.671155893789
664 151 0.671155893789
665 151 0.671155893789
666 151 0.671155893789
667 151 0.671155893789
668 151 0.671155893789
669 153 0.517813085686
670 153 0.517813085686
671 153 0.517813085686
672 153 0.517813085686
673 153 0.517813085686
674 153 0.517813085686
675 153 0.517813085686
676 153 0.517813085686
677 153 0.517813085686
678 153 0.517813085686
679 153 0.517813085686
680 153 0.517813085686
681 153 0.517813085686
682 153 0.517813085686
683 153 0.517813085686
684 153 0.517813085686
685 153 0.517813085686
686 153 0.517813085686
687 153 0.517813085686
688 153 0.517813085686
689 153 0.517813085686
690 153 0.517813085686
691 153 0.517813085686
692 153 0.517813085686
693 153 0.517813085686
694 153 0.517813085686
695 153 0.517813085686
696 153 0.517813085686
697 153 0.517813085686
698 153 0.517813085686
699 153 0.517813085686
700 153 0.517813085686
701 153 0.517813085686
702 153 0.517813085686
703 153 0.517813085686
704 153 0.517813085686
705 153 0.517813085686
706 153 0.517813085686
707 153 0.517813085686
708 153 0.517813085686
709 153 0.517813085686
710 153 0.517813085686
711 153 0.517813085686
712 153 0.517813085686
713 153 0.517813085686
714 153 0.517813085686
715 153 0.517813085686
716 153 0.517813085686
717 153 0.517813085686
718 153 0.517813085686
719 153 0.517813085686
720 153 0.517813085686
721 153 0.517813085686
722 153 0.517813085686
723 153 0.517813085686
724 153 0.517813085686
725 153 0.517813085686
726 153 0.517813085686
727 153 0.517813085686
728 153 0.517813085686
729 153 0.517813085686
730 153 0.517813085686
731 153 0.517813085686
732 153 0.517813085686
733 153 0.517813085686
734 153 0.517813085686
735 153 0.517813085686
736 153 0.517813085686
737 153 0.517813085686
738 153 0.517813085686
739 153 0.517813085686
740 153 0.517813085686
741 153 0.517813085686
742 153 0.517813085686
743 153 0.517813085686
744 153 0.517813085686
745 153 0.517813085686
746 153 0.517813085686
747 153 0.517813085686
748 153 0.517813085686
749 153 0.517813085686
750 153 0.517813085686
751 153 0.517813085686
752 153 0.517813085686
753 153 0.517813085686
754 153 0.517813085686
755 153 0.517813085686
756 153 0.517813085686
757 153 0.517813085686
758 153 0.517813085686
759 153 0.517813085686
760 153 0.517813085686
761 153 0.517813085686
762 154 2.89372876515
763 154 2.89372876515
764 154 2.89372876515
765 154 2.89372876515
766 154 2.89372876515
767 154 2.89372876515
768 154 2.89372876515
769 154 2.89372876515
770 154 2.89372876515
771 154 2.89372876515
772 154 2.89372876515
773 154 2.89372876515
774 154 2.89372876515
775 154 2.89372876515
776 154 2.89372876515
777 154 2.89372876515
778 154 2.89372876515
779 154 2.89372876515
780 154 2.89372876515
781 154 2.89372876515
782 154 2.89372876515
783 154 2.89372876515
784 154 2.89372876515
785 154 2.89372876515
786 154 2.89372876515
787 154 2.89372876515
788 154 2.89372876515
789 154 2.89372876515
790 154 2.89372876515
791 154 2.89372876515
792 154 2.89372876515
793 154 2.89372876515
794 154 2.89372876515
795 154 2.89372876515
796 154 2.89372876515
797 154 2.89372876515
798 154 2.89372876515
799 154 2.89372876515
800 154 2.89372876515
801 154 2.89372876515
802 154 2.89372876515
803 154 2.89372876515
804 154 2.89372876515
805 154 2.89372876515
806 154 2.89372876515
807 154 2.89372876515
808 154 2.89372876515
809 154 2.89372876515
810 154 2.89372876515
811 154 2.89372876515
812 154 2.89372876515
813 154 2.89372876515
814 154 2.89372876515
815 154 2.89372876515
816 154 2.89372876515
817 154 2.89372876515
818 154 2.89372876515
819 154 2.89372876515
820 154 2.89372876515
821 154 2.89372876515
822 154 2.89372876515
823 154 2.89372876515
824 154 2.89372876515
825 154 2.89372876515
826 154 2.89372876515
827 154 2.89372876515
828 154 2.89372876515
829 154 2.89372876515
830 154 2.89372876515
831 154 2.89372876515
832 154 2.89372876515
833 154 2.89372876515
834 154 2.89372876515
835 154 2.89372876515
836 154 2.89372876515
837 154 2.89372876515
838 154 2.89372876515
839 154 2.89372876515
840 154 2.89372876515
841 154 2.89372876515
842 154 2.89372876515
843 154 2.89372876515
844 154 2.89372876515
845 154 2.89372876515
846 154 2.89372876515
847 154 2.89372876515
848 154 2.89372876515
849 154 2.89372876515
850 154 2.89372876515
851 154 2.89372876515
852 154 2.89372876515
853 154 2.89372876515
854 154 2.89372876515
855 155 2.67501231912
856 155 2.67501231912
857 155 2.67501231912
858 155 2.67501231912
859 155 2.67501231912
860 155 2.67501231912
861 155 2.67501231912
862 155 2.67501231912
863 155 2.67501231912
864 155 2.67501231912
865 155 2.67501231912
866 155 2.67501231912
867 155 2.67501231912
868 155 2.67501231912
869 155 2.67501231912
870 155 2.67501231912
871 155 2.67501231912
872 155 2.67501231912
873 155 2.67501231912
874 155 2.67501231912
875 155 2.67501231912
876 155 2.67501231912
877 155 2.67501231912
878 155 2.67501231912
879 155 2.67501231912
880 155 2.67501231912
881 155 2.67501231912
882 155 2.67501231912
883 155 2.67501231912
884 155 2.67501231912
885 155 2.67501231912
886 155 2.67501231912
887 155 2.67501231912
888 155 2.67501231912
889 155 2.67501231912
890 155 2.67501231912
891 155 2.67501231912
892 155 2.67501231912
893 155 2.67501231912
894 155 2.67501231912
895 155 2.67501231912
896 155 2.67501231912
897 155 2.67501231912
898 155 2.67501231912
899 155 2.67501231912
900 155 2.67501231912
901 155 2.67501231912
902 155 2.67501231912
903 155 2.67501231912
904 155 2.67501231912
905 155 2.67501231912
906 155 2.67501231912
907 155 2.67501231912
908 155 2.67501231912
909 155 2.67501231912
910 155 2.67501231912
911 155 2.67501231912
912 155 2.67501231912
913 155 2.67501231912
914 155 2.67501231912
915 155 2.67501231912
916 155 2.67501231912
917 155 2.67501231912
918 155 2.67501231912
919 155 2.67501231912
920 155 2.67501231912
921 155 2.67501231912
922 155 2.67501231912
923 155 2.67501231912
924 155 2.67501231912
925 155 2.67501231912
926 155 2.67501231912
927 155 2.67501231912
928 155 2.67501231912
929 155 2.67501231912
930 155 2.67501231912
931 155 2.67501231912
932 155 2.67501231912
933 155 2.67501231912
934 155 2.67501231912
935 155 2.67501231912
936 155 2.67501231912
937 155 2.67501231912
938 155 2.67501231912
939 155 2.67501231912
940 155 2.67501231912
941 155 2.67501231912
942 155 2.67501231912
943 155 2.67501231912
944 155 2.67501231912
945 155 2.67501231912
946 155 2.67501231912
947 155 2.67501231912
948 156 2.22990795262
949 156 2.22990795262
950 157 1.27603964936
951 158 1.30074077363
952 159 1.30979483678
953 160 1.34527025132
954 161 1.35069127186
955 162 1.33025465381
956 163 1.33881676609
957 164 1.35336174425
958 165 1.3265151688
959 166 1.35860836077
960 167 1.40639881837
961 168 1.46004835763
962 169 1.50512327411
963 170 1.51906545262
964 171 1.4340372911
965 172 1.41882685013
966 173 1.47888192226
967 174 1.44305295305
968 175 1.37493185208
969 176 1.41331790277
970 177 1.45117570278
971 178 1.38710496071
972 179 1.35727413928
973 180 1.4182054543
974 181 1.42551848683
975 182 1.36112340996
976 183 1.38222106349
977 184 1.35384877685
978 185 1.39650675353
979 186 1.40946394776
980 187 1.40986913546
981 188 1.45066432195
982 189 1.41781441399
983 190 1.3703973822
984 191 1.37145598472
985 192 1.38037783746
986 193 1.34902896067
987 194 1.31695937958
988 195 1.28767799069
989 196 2.06115794151
990 196 2.06115794151
991 196 2.06115794151
992 196 2.06115794151
993 196 2.06115794151
994 196 2.06115794151
995 196 2.06115794151
996 196 2.06115794151
997 196 2.06115794151
998 196 2.06115794151
999 196 2.06115794151
1000 196 2.06115794151
1001 196 2.06115794151
1002 196 2.06115794151
1003 196 2.06115794151
1004 196 2.06115794151
1005 196 2.06115794151
1006 196 2.06115794151
1007 196 2.06115794151
1008 196 2.06115794151
1009 196 2.06115794151
1010 196 2.06115794151
1011 196 2.06115794151
1012 196 2.06115794151
1013 196 2.06115794151
1014 196 2.06115794151
1015 196 2.06115794151
1016 196 2.06115794151
1017 196 2.06115794151
1018 196 2.06115794151
1019 196 2.06115794151
1020 196 2.06115794151
1021 196 2.06115794151
1022 196 2.06115794151
1023 196 2.06115794151
1024 196 2.06115794151
1025 196 2.06115794151
1026 196 2.06115794151
1027 196 2.06115794151
1028 196 2.06115794151
1029 196 2.06115794151
1030 196 2.06115794151
1031 196 2.06115794151
1032 196 2.06115794151
1033 196 2.06115794151
1034 196 2.06115794151
1035 196 2.06115794151
1036 196 2.06115794151
1037 196 2.06115794151
1038 196 2.06115794151
1039 196 2.06115794151
1040 196 2.06115794151
1041 196 2.06115794151
1042 196 2.06115794151
1043 196 2.06115794151
1044 196 2.06115794151
1045 196 2.06115794151
1046 196 2.06115794151
1047 196 2.06115794151
1048 196 2.06115794151
1049 196 2.06115794151
1050 196 2.06115794151
1051 196 2.06115794151
1052 196 2.06115794151
1053 196 2.06115794151
1054 196 2.06115794151
1055 196 2.06115794151
1056 196 2.06115794151
1057 196 2.06115794151
1058 196 2.06115794151
1059 196 2.06115794151
1060 196 2.06115794151
1061 196 2.06115794151
1062 196 2.06115794151
1063 196 2.06115794151
1064 196 2.06115794151
1065 196 2.06115794151
1066 196 2.06115794151
1067 196 2.06115794151
1068 196 2.06115794151
1069 196 2.06115794151
1070 196 2.06115794151
1071 196 2.06115794151
1072 196 2.06115794151
1073 196 2.06115794151
1074 196 2.06115794151
1075 196 2.06115794151
1076 196 2.06115794151
1077 196 2.06115794151
1078 196 2.06115794151
1079 196 2.06115794151
1080 196 2.06115794151
1081 196 2.06115794151
1082 196 2.06115794151
1083 197 1.86417477327
1084 198 1.87011059899
1085 199 1.88910429087
1086 200 1.88661328394
1087 201 1.88000543132
1088 202 1.89497254812
1089 203 1.91120124347
1090 204 1.90359601261
1091 205 1.90267544325
1092 206 1.9242988683
1093 207 1.9341345924
1094 208 1.92703004055
1095 209 1.94327271662
1096 210 1.94075044935
1097 211 1.93176998108
1098 212 1.91612884497
1099 213 1.9092219367
1100 214 1.90916962289
1101 215 1.89785179959
1102 216 1.88691066876
1103 217 1.86938839459
1104 218 1.86493013171
1105 219 1.87994955995
1106 220 1.88247365848
1107 221 1.86654156085
1108 222 1.85777033428
1109 223 1.86739053893
1110 224 1.87341978867
1111 225 1.85913586986
1112 226 1.86694497419
1113 227 1.85967401629
1114 228 1.86327186351
1115 229 1.86857350082
1116 230 1.87120446533
1117 231 1.88076632834
1118 232 1.88949404373
1119 233 1.89458998902
1120 234 1.90315764918
1121 235 1.91346169464
1122 236 1.92076021414
1123 237 1.92731497206
1124 238 1.91988378618
1125 239 1.90344779273
1126 240 1.8844563072
1127 241 1.88285436829
1128 242 1.90049710524
1129 243 1.89137978244
1130 244 1.87827533964
1131 245 1.89167623838
1132 246 1.90130795279
1133 247 1.88457592813
1134 248 1.88549313861
1135 249 1.90444398139
1136 250 1.89927399907
1137 251 1.88446535367
1138 252 1.89627416276
1139 253 1.91286442489
1140 254 1.89927232613
1141 255 4.34459744424
1142 255 4.34459744424
1143 255 4.34459744424
1144 255 4.34459744424
1145 255 4.34459744424
1146 255 4.34459744424
