1 0 0.628422289399
2 1 0.641154361673
3 2 0.660317490211
4 3 0.672231469913
5 4 0.704412154093
6 5 0.731458659756
7 6 0.759072118098
8 7 0.798021998562
9 8 0.829129960643
10 9 0.858275135876
11 10 0.839004095413
12 11 0.809673007166
13 12 0.830473553054
14 13 0.797900007123
15 14 0.752289703354
16 15 0.746086849745
17 16 0.715823160671
18 17 0.737011218841
19 18 0.726210702663
20 19 0.695454114836
21 20 0.674501858505
22 21 0.681053531147
23 22 0.712176253055
24 23 0.723041216154
25 24 0.769933393067
26 25 0.780807172584
27 26 0.83240720329
28 27 0.851032589272
29 28 0.903035151587
30 29 0.897971961289
31 30 0.925680673609
32 31 0.87904464294
33 32 0.84861120297
34 33 0.797101347179
35 34 0.772006894872
36 35 0.723622615775
37 36 0.7084408429
38 37 0.671165545264
39 38 0.675640962933
40 39 0.670863358137
41 40 0.667791558525
42 41 0.646830247048
43 42 0.633972719918
44 43 0.641533087513
45 44 0.66280994412
46 45 0.690267596016
47 46 0.730527675001
48 47 0.765844067612
49 48 0.809271180401
50 49 0.827495230918
51 50 0.886833568393
52 51 0.930933029999
53 52 0.959525116309
54 53 0.998575906241
55 54 1.04245341303
56 55 1.01676761261
57 56 0.959585243727
58 57 0.924108628916
59 58 0.903380879411
60 59 0.879465234482
61 60 0.851831459227
62 61 0.828968477511
63 62 0.816955043182
64 63 0.844650426078
65 64 0.817010621962
66 65 0.814158150716
67 66 0.851762536438
68 67 0.901219666741
69 68 0.889936454783
70 69 0.862554062034
71 70 0.885665346474
72 71 0.872659693924
73 72 0.911439044072
74 73 0.923147864935
75 74 0.96074239935
76 75 0.988164052001
77 76 1.03276457912
78 77 1.07637275664
79 78 1.09871516522
80 79 1.06992703961
81 80 1.01806702248
82 81 1.00381829794
83 82 0.975214950025
84 83 0.948374301997
85 84 0.935758783855
86 85 0.90029526334
87 86 0.938782266247
88 87 0.902364905895
89 88 0.949188876088
90 89 0.923004723986
91 90 0.873292384969
92 91 0.822974097886
93 92 0.817916304128
94 93 0.876676316364
95 94 0.893030475212
96 95 0.938099936567
97 96 0.901974087844
98 97 0.92129254638
99 98 0.988527161878
100 99 1.0166755403
101 100 1.04275933777
102 101 1.07871207319
103 102 1.09186232169
104 103 1.1071468346
105 104 1.15732776098
106 105 1.18185725279
107 106 1.1492786311
108 107 1.19818695625
109 108 1.14753405985
110 109 1.08013185294
111 110 1.02389100254
112 111 0.965475403016
113 112 0.927549858978
114 113 0.920663215342
115 114 0.876259301626
116 115 0.876013450874
117 116 0.869294172354
118 117 0.822400011989
119 118 0.837572181427
120 119 0.841870067088
121 120 0.896930089069
122 121 0.927689753383
123 122 0.941800174445
124 123 0.95463643738
125 124 0.946627483463
126 125 0.967122088935
127 126 0.988525755118
128 127 1.01772217581
129 128 1.05377109924
130 129 1.10867548429
131 130 1.15906479467
132 131 1.11790008836
133 132 1.11833736583
134 133 1.05514676023
135 134 1.0668924906
136 135 1.03154875738
137 136 1.04579600408
138 137 1.03680753229
139 138 1.04118301173
140 139 1.07445347364
141 140 1.08401758186
142 141 1.02169182763
143 142 1.06319825916
144 143 1.09534335563
145 144 1.04288640346
146 145 1.09655147076
147 146 1.12671692792
148 147 1.09756441298
149 148 1.13486447454
150 149 1.13098723428
151 150 1.09913664783
152 151 1.1074647478
153 152 1.13366607574
154 153 1.12030510176
155 154 1.15165192586
156 155 1.09378350261
157 156 1.13648195566
158 157 1.21418536783
159 158 1.24926272634
160 159 1.20582333364
161 160 1.2468857467
162 161 1.25789947448
163 162 1.22881616245
164 163 1.15500452116
165 164 1.09399076511
166 165 1.06035309374
167 166 1.04125914378
168 167 0.982042489189
169 168 0.966052357191
170 169 0.907739420668
171 170 0.890945767769
172 171 0.839191331108
173 172 0.838148075159
174 173 0.800581707198
175 174 0.764574383322
176 175 0.751358526395
177 176 0.76489477644
178 177 0.760474987475
179 178 0.787283252447
180 179 0.845615059446
181 180 0.875937890248
182 181 0.883233790984
183 182 0.884235989439
184 183 0.88789580002
185 184 0.935286218864
186 185 0.946481446098
187 186 1.01006405393
188 187 1.0195712559
189 188 1.01583235612
190 189 1.00891333065
191 190 0.951370174884
192 191 0.960262862761
193 192 0.925347565993
194 193 0.955370629572
195 194 0.937641158764
196 195 0.966970518172
197 196 1.00002693856
198 197 1.01134980427
199 198 1.07969632007
200 199 1.053197194
201 200 1.0739581875
202 201 1.03488689065
203 202 1.04102912855
204 203 1.01726263361
205 204 0.960790836989
206 205 0.948607245653
207 206 0.954803760622
208 207 0.911964782498
209 208 0.955507342727
210 209 0.956746185907
211 210 0.958813470854
212 211 1.0066894233
213 212 1.00203429974
214 213 0.974579724632
215 214 0.91963793931
216 215 0.883290424673
217 216 0.839655445655
218 217 0.823352745913
219 218 0.783614806646
220 219 0.770943331081
221 220 0.722644386513
222 221 0.702424505154
223 222 0.697278599272
224 223 0.672096023393
225 224 0.663350185585
226 225 0.682366305594
227 226 0.708495617818
228 227 0.732519665773
229 228 0.748411029679
230 229 0.749026173274
231 230 0.779589816336
232 231 0.782489728588
233 232 0.824694087511
234 233 0.831487602984
235 234 0.889140101278
236 235 0.924014457939
237 236 0.944726654537
238 237 0.89105385807
239 238 0.864163693033
240 239 0.815466037747
241 240 0.821295330166
242 241 0.785127296615
243 242 0.802940983302
244 243 0.776858034238
245 244 0.798852559504
246 245 0.787476512248
247 246 0.812237011475
248 247 0.811861765148
249 248 4.29459777809
250 248 4.29459777809
251 248 4.29459777809
252 248 4.29459777809
253 248 4.29459777809
254 248 4.29459777809
255 248 4.29459777809
256 248 4.29459777809
257 248 4.29459777809
258 248 4.29459777809
259 248 4.29459777809
260 248 4.29459777809
261 248 4.29459777809
262 248 4.29459777809
263 248 4.29459777809
264 248 4.29459777809
265 248 4.29459777809
266 248 4.29459777809
267 248 4.29459777809
268 248 4.29459777809
269 248 4.29459777809
270 248 4.29459777809
271 248 4.29459777809
272 248 4.29459777809
273 248 4.29459777809
274 248 4.29459777809
275 248 4.29459777809
276 248 4.29459777809
277 248 4.29459777809
278 248 4.29459777809
279 248 4.29459777809
280 248 4.29459777809
281 248 4.29459777809
282 248 4.29459777809
283 248 4.29459777809
284 248 4.29459777809
285 248 4.29459777809
286 248 4.29459777809
287 248 4.29459777809
288 249 1.03732306616
289 250 1.02190593104
290 251 0.954430673527
291 252 0.895822693281
292 253 0.869720126656
293 254 0.855176022535
294 255 0.855450347646
295 256 0.832089968897
296 257 0.83439407986
297 258 0.791191613599
298 259 0.800295417617
299 260 0.833860734329
300 261 0.823901215116
301 262 0.856068610854
302 263 0.825862412999
303 264 0.825953958907
304 265 0.88138567673
305 266 0.889497820631
306 267 0.877074075114
307 268 0.827670789101
308 269 0.821097467723
309 270 0.777057615054
310 271 0.758181924676
311 272 0.721951210002
312 273 0.69482138313
313 274 0.662729308159
314 275 0.66343300815
315 276 0.653821667543
316 277 0.671452243781
317 278 0.654860126996
318 279 0.664529459995
319 280 0.694152259184
320 281 0.704944649863
321 282 0.742577028942
322 283 0.757066593453
323 284 0.801739148632
324 285 0.83592286573
325 286 0.819124241284
326 287 0.777889309453
327 288 0.750921475744
328 289 0.721463941877
329 290 0.719998403078
330 291 0.691857531403
331 292 0.701227136679
332 293 0.684641127533
333 294 0.696735483836
334 295 0.712296855641
335 296 0.707325433351
336 297 0.734965588967
337 298 0.723857369632
338 299 0.750421598521
339 300 0.735929016241
340 301 0.736077359965
341 302 0.730823594625
342 303 0.702914520512
343 304 0.70478577363
344 305 0.720739791249
345 306 0.702170673078
346 307 0.722908866792
347 308 1.6401160267
348 308 1.6401160267
349 308 1.6401160267
