1 0 4.65156620203
2 0 4.65156620203
3 0 4.65156620203
4 0 4.65156620203
5 0 4.65156620203
6 0 4.65156620203
7 0 4.65156620203
8 0 4.65156620203
9 0 4.65156620203
10 0 4.65156620203
11 0 4.65156620203
12 0 4.65156620203
13 0 4.65156620203
14 0 4.65156620203
15 0 4.65156620203
16 0 4.65156620203
17 0 4.65156620203
18 0 4.65156620203
19 0 4.65156620203
20 0 4.65156620203
21 0 4.65156620203
22 0 4.65156620203
23 0 4.65156620203
24 0 4.65156620203
25 0 4.65156620203
26 0 4.65156620203
27 0 4.65156620203
28 0 4.65156620203
29 0 4.65156620203
30 0 4.65156620203
31 0 4.65156620203
32 0 4.65156620203
33 0 4.65156620203
34 0 4.65156620203
35 0 4.65156620203
36 0 4.65156620203
37 0 4.65156620203
38 0 4.65156620203
39 0 4.65156620203
40 0 4.65156620203
41 0 4.65156620203
42 0 4.65156620203
43 0 4.65156620203
44 0 4.65156620203
45 0 4.65156620203
46 0 4.65156620203
47 0 4.65156620203
48 0 4.65156620203
49 0 4.65156620203
50 0 4.65156620203
51 0 4.65156620203
52 0 4.65156620203
53 0 4.65156620203
54 0 4.65156620203
55 0 4.65156620203
56 0 4.65156620203
57 0 4.65156620203
58 0 4.65156620203
59 0 4.65156620203
60 0 4.65156620203
61 0 4.65156620203
62 0 4.65156620203
63 0 4.65156620203
64 1 5.07176170186
65 1 5.07176170186
66 1 5.07176170186
67 1 5.07176170186
68 1 5.07176170186
69 1 5.07176170186
70 1 5.07176170186
71 1 5.07176170186
72 1 5.07176170186
73 1 5.07176170186
74 1 5.07176170186
75 1 5.07176170186
76 1 5.07176170186
77 1 5.07176170186
78 1 5.07176170186
79 1 5.07176170186
80 1 5.07176170186
81 1 5.07176170186
82 1 5.07176170186
83 1 5.07176170186
84 1 5.07176170186
85 1 5.07176170186
86 1 5.07176170186
87 1 5.07176170186
88 1 5.07176170186
89 1 5.07176170186
90 1 5.07176170186
91 1 5.07176170186
92 1 5.07176170186
93 1 5.07176170186
94 1 5.07176170186
95 1 5.07176170186
96 1 5.07176170186
97 1 5.07176170186
98 1 5.07176170186
99 1 5.07176170186
100 1 5.07176170186
101 1 5.07176170186
102 1 5.07176170186
103 1 5.07176170186
104 1 5.07176170186
105 1 5.07176170186
106 1 5.07176170186
107 1 5.07176170186
108 1 5.07176170186
109 1 5.07176170186
110 1 5.07176170186
111 1 5.07176170186
112 1 5.07176170186
113 1 5.07176170186
114 1 5.07176170186
115 1 5.07176170186
116 1 5.07176170186
117 1 5.07176170186
118 1 5.07176170186
119 1 5.07176170186
120 1 5.07176170186
121 1 5.07176170186
122 1 5.07176170186
123 1 5.07176170186
124 1 5.07176170186
125 1 5.07176170186
126 1 5.07176170186
127 2 1.12140469492
128 3 0.995519565488
129 4 0.995914390963
130 5 0.964388996793
131 6 0.892012295911
132 7 0.876519037897
133 8 0.77647283946
134 9 0.797052827187
135 10 0.873570866591
136 11 0.884151975659
137 12 0.970435777742
138 13 1.01141288513
139 14 1.12567756464
140 15 1.2005878519
141 16 1.13481330977
142 17 1.23423377648
143 18 1.13839360438
144 19 1.00006604
145 20 0.928246175206
146 21 0.817137722017
147 22 0.848713106422
148 23 0.80561797195
149 24 0.75195655204
150 25 0.696978871848
151 26 0.662897995714
152 27 0.697018214842
153 28 0.683285825916
154 29 0.731129262618
155 30 0.79615184551
156 31 0.882900122985
157 32 0.971932851133
158 33 1.09452589323
159 34 1.14615329172
160 35 1.26638942758
161 36 1.23626788888
162 37 1.11286200911
163 38 1.03264513
164 39 0.918233508511
165 40 0.836445857667
166 41 0.780409650529
167 42 0.733038917187
168 43 0.723416238526
169 44 0.696493573864
170 45 0.731189609456
171 46 0.754298766527
172 47 0.782089014032
173 48 1.28499427517
174 48 1.28499427517
175 48 1.28499427517
176 48 1.28499427517
177 48 1.28499427517
178 48 1.28499427517
179 48 1.28499427517
180 48 1.28499427517
181 48 1.28499427517
182 48 1.28499427517
183 48 1.28499427517
184 48 1.28499427517
185 48 1.28499427517
186 48 1.28499427517
187 48 1.28499427517
188 48 1.28499427517
189 48 1.28499427517
190 48 1.28499427517
191 48 1.28499427517
192 48 1.28499427517
193 48 1.28499427517
194 48 1.28499427517
195 48 1.28499427517
196 48 1.28499427517
197 48 1.28499427517
198 48 1.28499427517
199 48 1.28499427517
200 48 1.28499427517
201 49 0.780478520755
202 50 0.813966130733
203 51 0.867300128696
204 52 0.938644872284
205 53 1.04005907385
206 54 1.14126441012
207 55 1.2227973643
208 56 1.34095643193
209 57 1.41862316892
210 58 1.46157102167
211 59 1.38330261946
212 60 1.29813396698
213 61 1.332449556
214 62 1.24731832643
215 63 1.11669765024
216 64 1.08500225435
217 65 0.996312991839
218 66 0.895889292276
219 67 0.953490913058
220 68 0.978014135678
221 69 0.864348101316
222 70 0.918252807481
223 71 1.01864869123
224 72 0.924189183691
225 73 1.00251291256
226 74 1.01683247818
227 75 1.14768513219
228 76 1.21553588694
229 77 1.36099601249
230 78 1.42931854713
231 79 1.568370842
232 80 1.60727773933
233 81 1.63221948355
234 82 1.54366476071
235 83 1.42837260318
236 84 1.31999496136
237 85 1.20971163497
238 86 1.11074288083
239 87 1.03383754184
240 88 0.927215553743
241 89 0.890394943016
242 90 0.986473290363
243 91 1.00603299197
244 92 1.12241199148
245 93 1.14989020205
246 94 1.09564822023
247 95 1.00721110152
248 96 1.03333122673
249 97 1.14850202409
250 98 1.24412126038
251 99 1.27893093363
252 100 1.39362662419
253 101 1.46591382508
254 102 1.60555461765
255 103 1.69644942516
256 104 1.66617539185
257 105 1.77945084349
258 106 1.90796597076
259 107 1.82701969094
260 108 1.67728879371
261 109 1.55429931027
262 110 1.50729860164
263 111 1.38408632364
264 112 1.30176506243
265 113 1.22751246501
266 114 1.13566252936
267 115 1.11941123196
268 116 0.971093608683
269 117 1.00754264596
270 118 1.02533723491
271 119 1.17784550366
272 120 1.21121786207
273 121 1.30401928774
274 122 1.3075186981
275 123 1.41026294648
276 124 1.48282434071
277 125 1.58442282943
278 126 1.69189896774
279 127 1.82393273113
280 128 1.92690366019
281 129 1.92376016408
282 130 1.84253318492
283 131 1.69026487484
284 132 1.6574596087
285 133 1.54328910751
286 134 1.5116987579
287 135 1.44435960962
288 136 1.36902901837
289 137 1.45005184272
290 138 1.60125430236
291 139 1.65110286288
292 140 1.73661669969
293 141 1.70174202281
294 142 1.68784924559
295 143 1.57189777574
296 144 1.6297199588
297 145 1.68477525927
298 146 1.83411271759
299 147 1.93122817479
300 148 1.93868376618
301 149 1.93559834457
302 150 1.84761606393
303 151 1.84857594575
304 152 1.9911212198
305 153 2.04422218744
306 154 2.01767683424
307 155 2.12832549345
308 156 2.01901911721
309 157 1.85694370007
310 158 1.72414945295
311 159 1.60548162478
312 160 1.47476302004
313 161 1.429337243
314 162 1.30217116561
315 163 1.26751569047
316 164 1.21620895741
317 165 1.0786410884
318 166 1.05092351692
319 167 1.19295118875
320 168 5.11812400761
321 168 5.11812400761
322 168 5.11812400761
323 168 5.11812400761
324 168 5.11812400761
325 168 5.11812400761
326 168 5.11812400761
327 168 5.11812400761
328 168 5.11812400761
329 168 5.11812400761
330 168 5.11812400761
331 168 5.11812400761
332 168 5.11812400761
333 168 5.11812400761
334 168 5.11812400761
335 168 5.11812400761
336 168 5.11812400761
337 168 5.11812400761
338 169 1.44177265263
339 170 1.40305419277
340 171 1.43447904501
341 172 1.42862163973
342 173 1.51290805849
343 174 1.59651698257
344 175 1.64694767759
345 176 1.79180512681
346 177 1.89782924992
347 178 2.03138683227
348 179 1.97293092631
349 180 1.91036784918
350 181 1.75205648078
351 182 1.76239217626
352 183 1.65016735114
353 184 1.66340613891
354 185 1.62420154383
355 186 1.61875411723
356 187 1.74476904952
357 188 1.85124741051
358 189 1.9646025457
359 190 1.9774023948
360 191 1.8647579559
361 192 1.81073648052
362 193 1.85827604583
363 194 1.9160095955
364 195 1.87635903586
365 196 2.00671032965
366 197 1.91387509109
367 198 2.0661384981
368 199 1.98033258262
369 200 2.12669414878
370 201 2.01907276381
371 202 1.91209153257
372 203 1.75092376815
373 204 1.61859431887
374 205 1.48505827648
375 206 1.44138876443
376 207 1.2894674048
377 208 1.23496879171
378 209 1.14316541541
379 210 1.00923173771
380 211 0.990679256
381 212 1.13981234312
382 213 1.27657011855
383 214 1.3449359266
384 215 1.40132720391
385 216 1.44260122702
386 217 1.55620750359
387 218 1.5877493254
388 219 1.73491110381
389 220 1.83111912205
390 221 1.94377649684
391 222 1.81927046296
392 223 1.78403240879
393 224 1.63042966494
394 225 1.65412874011
395 226 1.54654411799
396 227 1.59422477966
397 228 1.54016072021
398 229 1.53187318648
399 230 1.56205214531
400 231 1.69509362556
401 232 1.75333909176
402 233 1.82470165413
403 234 1.79519432795
404 235 5.34990975605
405 235 5.34990975605
406 235 5.34990975605
407 235 5.34990975605
408 235 5.34990975605
409 235 5.34990975605
410 235 5.34990975605
411 235 5.34990975605
412 235 5.34990975605
413 235 5.34990975605
414 235 5.34990975605
415 235 5.34990975605
416 235 5.34990975605
417 235 5.34990975605
418 235 5.34990975605
419 235 5.34990975605
420 235 5.34990975605
421 235 5.34990975605
422 235 5.34990975605
423 235 5.34990975605
424 235 5.34990975605
425 235 5.34990975605
426 235 5.34990975605
427 235 5.34990975605
428 235 5.34990975605
429 235 5.34990975605
430 235 5.34990975605
431 235 5.34990975605
432 235 5.34990975605
433 235 5.34990975605
434 236 1.65406757481
435 237 1.74465332205
436 238 1.75332035395
437 239 1.65733701934
438 240 1.7528255398
439 241 1.75861030314
440 242 1.69445561162
441 243 1.80232831922
442 244 1.73156756772
443 245 1.72127245536
444 246 1.57723423879
445 247 1.47068422065
446 248 1.37565815365
447 249 1.31932824628
448 250 1.18325416756
449 251 1.10352800446
450 252 0.956681377807
451 253 0.85838425399
452 254 0.773549476381
453 255 0.864240911287
454 256 0.992267720855
455 257 1.10419100323
456 258 1.23819248666
457 259 1.40992047733
458 260 1.5286307625
459 261 1.45291930042
460 262 1.28047941181
461 263 1.14143601829
462 264 1.15532273747
463 265 1.21594748569
464 266 1.06834640692
465 267 1.15629647756
466 268 1.29132676775
467 269 1.33204309249
468 270 1.46871115386
469 271 1.55207608571
470 272 1.58234321752
471 273 1.41624799299
472 274 1.3950997665
473 275 1.27892084909
474 276 1.32221719236
475 277 1.22531710255
476 278 1.2990540325
477 279 1.25695596291
478 280 1.21142854833
479 281 1.28763298362
480 282 1.42804313309
481 283 1.46845747755
482 284 1.51446622314
483 285 1.44900318639
484 286 1.33580154808
485 287 1.31968467371
486 288 1.37527873041
487 289 1.27820984181
488 290 1.3114773076
489 291 1.17547560977
490 292 1.26408297235
491 293 1.19708613308
492 294 1.3446306053
493 295 1.39864118766
494 296 1.29450965144
495 297 1.30220499181
496 298 1.19371145665
497 299 1.08177177065
498 300 0.957839548191
499 301 0.86807092228
500 302 0.759641056789
501 303 0.742690830769
502 304 0.64785610743
503 305 0.665754601227
504 306 0.739559389652
505 307 0.752983090798
506 308 0.854817393957
507 309 0.904226310501
508 310 1.02887468597
509 311 1.0824127845
510 312 1.18485710817
511 313 1.25251840889
512 314 1.15681936575
513 315 1.03718007813
514 316 0.9686816575
515 317 0.920057936151
516 318 0.835227288329
517 319 0.850494416605
518 320 0.783455528734
519 321 0.831237562988
520 322 0.761619931726
521 323 3.01814190166
522 323 3.01814190166
523 323 3.01814190166
524 323 3.01814190166
525 323 3.01814190166
526 323 3.01814190166
527 323 3.01814190166
528 323 3.01814190166
529 323 3.01814190166
530 323 3.01814190166
531 323 3.01814190166
532 323 3.01814190166
533 323 3.01814190166
534 323 3.01814190166
535 323 3.01814190166
536 323 3.01814190166
537 323 3.01814190166
538 323 3.01814190166
539 323 3.01814190166
540 323 3.01814190166
541 323 3.01814190166
542 323 3.01814190166
543 323 3.01814190166
544 323 3.01814190166
545 323 3.01814190166
546 323 3.01814190166
547 323 3.01814190166
548 323 3.01814190166
549 323 3.01814190166
550 323 3.01814190166
551 323 3.01814190166
552 323 3.01814190166
553 323 3.01814190166
554 323 3.01814190166
555 323 3.01814190166
556 323 3.01814190166
557 323 3.01814190166
558 323 3.01814190166
559 323 3.01814190166
560 323 3.01814190166
561 323 3.01814190166
562 323 3.01814190166
563 323 3.01814190166
564 324 4.65449893865
565 324 4.65449893865
566 324 4.65449893865
567 324 4.65449893865
568 324 4.65449893865
569 324 4.65449893865
570 324 4.65449893865
571 324 4.65449893865
572 324 4.65449893865
573 324 4.65449893865
574 324 4.65449893865
575 324 4.65449893865
576 324 4.65449893865
577 324 4.65449893865
578 324 4.65449893865
579 324 4.65449893865
580 324 4.65449893865
581 324 4.65449893865
582 324 4.65449893865
583 324 4.65449893865
584 324 4.65449893865
585 324 4.65449893865
586 324 4.65449893865
587 324 4.65449893865
588 324 4.65449893865
589 324 4.65449893865
590 324 4.65449893865
591 324 4.65449893865
592 324 4.65449893865
593 324 4.65449893865
594 324 4.65449893865
595 324 4.65449893865
596 324 4.65449893865
597 324 4.65449893865
598 324 4.65449893865
599 324 4.65449893865
600 324 4.65449893865
601 324 4.65449893865
602 324 4.65449893865
603 324 4.65449893865
604 324 4.65449893865
605 324 4.65449893865
606 324 4.65449893865
607 324 4.65449893865
608 324 4.65449893865
609 324 4.65449893865
610 324 4.65449893865
611 324 4.65449893865
612 324 4.65449893865
613 324 4.65449893865
614 324 4.65449893865
615 324 4.65449893865
616 324 4.65449893865
617 324 4.65449893865
618 324 4.65449893865
619 324 4.65449893865
620 324 4.65449893865
621 324 4.65449893865
622 324 4.65449893865
623 324 4.65449893865
624 324 4.65449893865
625 324 4.65449893865
626 324 4.65449893865
627 324 4.65449893865
628 324 4.65449893865
629 324 4.65449893865
630 324 4.65449893865
631 324 4.65449893865
632 324 4.65449893865
633 324 4.65449893865
634 324 4.65449893865
635 324 4.65449893865
636 324 4.65449893865
637 324 4.65449893865
638 324 4.65449893865
639 324 4.65449893865
640 324 4.65449893865
641 324 4.65449893865
642 324 4.65449893865
643 324 4.65449893865
644 324 4.65449893865
645 324 4.65449893865
646 324 4.65449893865
647 324 4.65449893865
648 324 4.65449893865
649 324 4.65449893865
650 324 4.65449893865
651 324 4.65449893865
652 324 4.65449893865
653 324 4.65449893865
654 324 4.65449893865
655 324 4.65449893865
656 324 4.65449893865
657 324 4.65449893865
658 324 4.65449893865
659 324 4.65449893865
660 324 4.65449893865
661 324 4.65449893865
662 324 4.65449893865
663 325 1.65005046376
664 325 1.65005046376
665 325 1.65005046376
666 325 1.65005046376
667 325 1.65005046376
668 325 1.65005046376
669 325 1.65005046376
670 325 1.65005046376
671 325 1.65005046376
672 325 1.65005046376
673 325 1.65005046376
674 325 1.65005046376
675 325 1.65005046376
676 325 1.65005046376
677 325 1.65005046376
678 325 1.65005046376
679 325 1.65005046376
680 325 1.65005046376
681 325 1.65005046376
682 325 1.65005046376
683 325 1.65005046376
684 325 1.65005046376
685 325 1.65005046376
686 325 1.65005046376
687 325 1.65005046376
688 325 1.65005046376
689 325 1.65005046376
690 325 1.65005046376
691 325 1.65005046376
692 325 1.65005046376
693 325 1.65005046376
694 325 1.65005046376
695 325 1.65005046376
696 325 1.65005046376
697 325 1.65005046376
698 325 1.65005046376
699 325 1.65005046376
700 325 1.65005046376
701 325 1.65005046376
702 325 1.65005046376
703 325 1.65005046376
704 325 1.65005046376
705 325 1.65005046376
706 325 1.65005046376
707 325 1.65005046376
708 325 1.65005046376
709 325 1.65005046376
710 325 1.65005046376
711 325 1.65005046376
712 325 1.65005046376
713 325 1.65005046376
714 325 1.65005046376
715 325 1.65005046376
716 325 1.65005046376
717 325 1.65005046376
718 325 1.65005046376
719 325 1.65005046376
720 325 1.65005046376
721 325 1.65005046376
722 325 1.65005046376
723 325 1.65005046376
724 325 1.65005046376
725 325 1.65005046376
726 325 1.65005046376
727 325 1.65005046376
728 325 1.65005046376
729 325 1.65005046376
730 325 1.65005046376
731 325 1.65005046376
732 325 1.65005046376
733 325 1.65005046376
734 325 1.65005046376
735 325 1.65005046376
736 325 1.65005046376
737 325 1.65005046376
738 325 1.65005046376
739 325 1.65005046376
740 325 1.65005046376
741 325 1.65005046376
742 325 1.65005046376
743 325 1.65005046376
744 325 1.65005046376
745 325 1.65005046376
746 325 1.65005046376
747 325 1.65005046376
748 325 1.65005046376
749 325 1.65005046376
750 325 1.65005046376
751 325 1.65005046376
752 325 1.65005046376
753 325 1.65005046376
754 325 1.65005046376
755 325 1.65005046376
756 325 1.65005046376
757 325 1.65005046376
758 325 1.65005046376
759 325 1.65005046376
760 325 1.65005046376
761 325 1.65005046376
762 326 7.83237955776
763 326 7.83237955776
764 326 7.83237955776
765 326 7.83237955776
766 326 7.83237955776
767 326 7.83237955776
768 326 7.83237955776
769 326 7.83237955776
770 326 7.83237955776
771 326 7.83237955776
772 326 7.83237955776
773 326 7.83237955776
774 326 7.83237955776
775 326 7.83237955776
776 326 7.83237955776
777 326 7.83237955776
778 326 7.83237955776
779 326 7.83237955776
780 326 7.83237955776
781 326 7.83237955776
782 326 7.83237955776
783 326 7.83237955776
784 326 7.83237955776
785 326 7.83237955776
786 326 7.83237955776
787 326 7.83237955776
788 326 7.83237955776
789 326 7.83237955776
790 326 7.83237955776
791 326 7.83237955776
792 326 7.83237955776
793 326 7.83237955776
794 326 7.83237955776
795 326 7.83237955776
796 326 7.83237955776
797 326 7.83237955776
798 326 7.83237955776
799 326 7.83237955776
800 326 7.83237955776
801 326 7.83237955776
802 326 7.83237955776
803 326 7.83237955776
804 326 7.83237955776
805 326 7.83237955776
806 326 7.83237955776
807 326 7.83237955776
808 326 7.83237955776
809 326 7.83237955776
810 326 7.83237955776
811 326 7.83237955776
812 326 7.83237955776
813 326 7.83237955776
814 326 7.83237955776
815 326 7.83237955776
816 326 7.83237955776
817 326 7.83237955776
818 326 7.83237955776
819 326 7.83237955776
820 326 7.83237955776
821 326 7.83237955776
822 326 7.83237955776
823 326 7.83237955776
824 326 7.83237955776
825 326 7.83237955776
826 326 7.83237955776
827 326 7.83237955776
828 326 7.83237955776
829 326 7.83237955776
830 326 7.83237955776
831 326 7.83237955776
832 326 7.83237955776
833 326 7.83237955776
834 326 7.83237955776
835 326 7.83237955776
836 326 7.83237955776
837 326 7.83237955776
838 326 7.83237955776
839 326 7.83237955776
840 326 7.83237955776
841 326 7.83237955776
842 326 7.83237955776
843 326 7.83237955776
844 326 7.83237955776
845 326 7.83237955776
846 326 7.83237955776
847 326 7.83237955776
848 326 7.83237955776
849 326 7.83237955776
850 326 7.83237955776
851 326 7.83237955776
852 326 7.83237955776
853 326 7.83237955776
854 326 7.83237955776
855 326 7.83237955776
856 326 7.83237955776
857 326 7.83237955776
858 326 7.83237955776
859 326 7.83237955776
860 326 7.83237955776
861 327 6.75499697888
862 327 6.75499697888
863 327 6.75499697888
864 327 6.75499697888
865 327 6.75499697888
866 327 6.75499697888
867 327 6.75499697888
868 327 6.75499697888
869 327 6.75499697888
870 327 6.75499697888
871 327 6.75499697888
872 327 6.75499697888
873 327 6.75499697888
874 327 6.75499697888
875 327 6.75499697888
876 327 6.75499697888
877 327 6.75499697888
878 327 6.75499697888
879 327 6.75499697888
880 327 6.75499697888
881 327 6.75499697888
882 327 6.75499697888
883 327 6.75499697888
884 327 6.75499697888
885 327 6.75499697888
886 327 6.75499697888
887 327 6.75499697888
888 327 6.75499697888
889 327 6.75499697888
890 327 6.75499697888
891 327 6.75499697888
892 327 6.75499697888
893 327 6.75499697888
894 327 6.75499697888
895 327 6.75499697888
896 327 6.75499697888
897 327 6.75499697888
898 327 6.75499697888
899 327 6.75499697888
900 327 6.75499697888
901 327 6.75499697888
902 327 6.75499697888
903 327 6.75499697888
904 327 6.75499697888
905 327 6.75499697888
906 327 6.75499697888
907 327 6.75499697888
908 327 6.75499697888
909 327 6.75499697888
910 327 6.75499697888
911 327 6.75499697888
912 327 6.75499697888
913 327 6.75499697888
914 327 6.75499697888
915 327 6.75499697888
916 327 6.75499697888
917 327 6.75499697888
918 327 6.75499697888
919 327 6.75499697888
920 327 6.75499697888
921 327 6.75499697888
922 327 6.75499697888
923 327 6.75499697888
924 327 6.75499697888
925 327 6.75499697888
926 327 6.75499697888
927 327 6.75499697888
928 327 6.75499697888
929 327 6.75499697888
930 327 6.75499697888
931 327 6.75499697888
932 327 6.75499697888
933 327 6.75499697888
934 327 6.75499697888
935 327 6.75499697888
936 327 6.75499697888
937 327 6.75499697888
938 327 6.75499697888
939 327 6.75499697888
940 327 6.75499697888
941 327 6.75499697888
942 327 6.75499697888
943 327 6.75499697888
944 327 6.75499697888
945 327 6.75499697888
946 327 6.75499697888
947 327 6.75499697888
948 327 6.75499697888
949 327 6.75499697888
950 327 6.75499697888
951 327 6.75499697888
952 327 6.75499697888
953 327 6.75499697888
954 327 6.75499697888
955 327 6.75499697888
956 327 6.75499697888
957 327 6.75499697888
958 327 6.75499697888
959 327 6.75499697888
960 328 3.96496593004
961 328 3.96496593004
962 328 3.96496593004
963 328 3.96496593004
964 328 3.96496593004
965 328 3.96496593004
966 328 3.96496593004
967 328 3.96496593004
968 328 3.96496593004
969 328 3.96496593004
970 328 3.96496593004
971 328 3.96496593004
972 328 3.96496593004
973 328 3.96496593004
974 328 3.96496593004
975 328 3.96496593004
976 328 3.96496593004
977 328 3.96496593004
978 328 3.96496593004
979 328 3.96496593004
980 328 3.96496593004
981 328 3.96496593004
982 328 3.96496593004
983 328 3.96496593004
984 328 3.96496593004
985 328 3.96496593004
986 328 3.96496593004
987 328 3.96496593004
988 328 3.96496593004
989 328 3.96496593004
990 328 3.96496593004
991 328 3.96496593004
992 328 3.96496593004
993 328 3.96496593004
994 328 3.96496593004
995 328 3.96496593004
996 328 3.96496593004
997 328 3.96496593004
998 328 3.96496593004
999 328 3.96496593004
1000 328 3.96496593004
1001 328 3.96496593004
1002 328 3.96496593004
1003 328 3.96496593004
1004 328 3.96496593004
1005 328 3.96496593004
1006 328 3.96496593004
1007 328 3.96496593004
1008 328 3.96496593004
1009 328 3.96496593004
1010 328 3.96496593004
1011 328 3.96496593004
1012 328 3.96496593004
1013 328 3.96496593004
1014 328 3.96496593004
1015 328 3.96496593004
1016 328 3.96496593004
1017 328 3.96496593004
1018 328 3.96496593004
1019 328 3.96496593004
1020 328 3.96496593004
1021 328 3.96496593004
1022 328 3.96496593004
1023 328 3.96496593004
1024 328 3.96496593004
1025 328 3.96496593004
1026 328 3.96496593004
1027 328 3.96496593004
1028 328 3.96496593004
1029 328 3.96496593004
1030 328 3.96496593004
1031 328 3.96496593004
1032 328 3.96496593004
1033 328 3.96496593004
1034 328 3.96496593004
1035 328 3.96496593004
1036 328 3.96496593004
1037 328 3.96496593004
1038 328 3.96496593004
1039 328 3.96496593004
1040 328 3.96496593004
1041 328 3.96496593004
1042 328 3.96496593004
1043 328 3.96496593004
1044 328 3.96496593004
1045 328 3.96496593004
1046 328 3.96496593004
1047 328 3.96496593004
1048 328 3.96496593004
1049 328 3.96496593004
1050 328 3.96496593004
1051 328 3.96496593004
1052 328 3.96496593004
1053 328 3.96496593004
1054 328 3.96496593004
1055 328 3.96496593004
1056 328 3.96496593004
1057 328 3.96496593004
1058 328 3.96496593004
1059 329 7.72732108723
1060 329 7.72732108723
1061 329 7.72732108723
1062 329 7.72732108723
1063 329 7.72732108723
1064 329 7.72732108723
1065 329 7.72732108723
1066 329 7.72732108723
1067 329 7.72732108723
1068 329 7.72732108723
1069 329 7.72732108723
1070 329 7.72732108723
1071 329 7.72732108723
1072 329 7.72732108723
1073 329 7.72732108723
1074 329 7.72732108723
1075 329 7.72732108723
1076 329 7.72732108723
1077 329 7.72732108723
1078 329 7.72732108723
1079 329 7.72732108723
1080 329 7.72732108723
1081 329 7.72732108723
1082 329 7.72732108723
1083 329 7.72732108723
1084 329 7.72732108723
1085 329 7.72732108723
1086 329 7.72732108723
1087 329 7.72732108723
1088 329 7.72732108723
1089 329 7.72732108723
1090 329 7.72732108723
1091 329 7.72732108723
1092 329 7.72732108723
1093 329 7.72732108723
1094 329 7.72732108723
1095 329 7.72732108723
1096 329 7.72732108723
1097 329 7.72732108723
1098 329 7.72732108723
1099 329 7.72732108723
1100 329 7.72732108723
1101 329 7.72732108723
1102 329 7.72732108723
1103 329 7.72732108723
1104 329 7.72732108723
1105 329 7.72732108723
1106 329 7.72732108723
1107 329 7.72732108723
1108 329 7.72732108723
1109 329 7.72732108723
1110 329 7.72732108723
1111 329 7.72732108723
1112 329 7.72732108723
1113 329 7.72732108723
1114 329 7.72732108723
1115 329 7.72732108723
1116 329 7.72732108723
1117 329 7.72732108723
1118 329 7.72732108723
1119 329 7.72732108723
1120 329 7.72732108723
1121 329 7.72732108723
1122 329 7.72732108723
1123 329 7.72732108723
1124 329 7.72732108723
1125 329 7.72732108723
1126 329 7.72732108723
1127 329 7.72732108723
1128 329 7.72732108723
1129 329 7.72732108723
1130 329 7.72732108723
1131 329 7.72732108723
1132 329 7.72732108723
1133 329 7.72732108723
1134 329 7.72732108723
1135 329 7.72732108723
1136 329 7.72732108723
1137 329 7.72732108723
1138 329 7.72732108723
1139 329 7.72732108723
1140 329 7.72732108723
1141 329 7.72732108723
1142 329 7.72732108723
1143 329 7.72732108723
1144 329 7.72732108723
1145 329 7.72732108723
1146 329 7.72732108723
1147 329 7.72732108723
1148 329 7.72732108723
1149 329 7.72732108723
1150 329 7.72732108723
1151 329 7.72732108723
1152 329 7.72732108723
1153 329 7.72732108723
1154 329 7.72732108723
1155 329 7.72732108723
1156 330 7.07969690239
1157 330 7.07969690239
1158 330 7.07969690239
1159 330 7.07969690239
1160 330 7.07969690239
1161 330 7.07969690239
1162 330 7.07969690239
1163 330 7.07969690239
1164 330 7.07969690239
1165 330 7.07969690239
1166 330 7.07969690239
1167 330 7.07969690239
1168 330 7.07969690239
1169 330 7.07969690239
1170 330 7.07969690239
1171 330 7.07969690239
1172 330 7.07969690239
1173 330 7.07969690239
1174 330 7.07969690239
1175 330 7.07969690239
1176 330 7.07969690239
1177 330 7.07969690239
1178 330 7.07969690239
1179 330 7.07969690239
1180 330 7.07969690239
1181 330 7.07969690239
1182 330 7.07969690239
1183 330 7.07969690239
1184 330 7.07969690239
1185 330 7.07969690239
1186 330 7.07969690239
1187 330 7.07969690239
1188 330 7.07969690239
1189 330 7.07969690239
1190 330 7.07969690239
1191 330 7.07969690239
1192 330 7.07969690239
1193 330 7.07969690239
1194 330 7.07969690239
1195 330 7.07969690239
1196 330 7.07969690239
1197 330 7.07969690239
1198 330 7.07969690239
1199 330 7.07969690239
1200 330 7.07969690239
1201 330 7.07969690239
1202 330 7.07969690239
1203 330 7.07969690239
1204 330 7.07969690239
1205 330 7.07969690239
1206 330 7.07969690239
1207 330 7.07969690239
1208 330 7.07969690239
1209 330 7.07969690239
1210 330 7.07969690239
1211 330 7.07969690239
1212 330 7.07969690239
1213 330 7.07969690239
1214 330 7.07969690239
1215 330 7.07969690239
1216 330 7.07969690239
1217 330 7.07969690239
1218 331 4.20320892638
1219 331 4.20320892638
1220 331 4.20320892638
1221 331 4.20320892638
1222 331 4.20320892638
1223 331 4.20320892638
1224 331 4.20320892638
1225 331 4.20320892638
1226 331 4.20320892638
1227 331 4.20320892638
1228 331 4.20320892638
1229 331 4.20320892638
1230 331 4.20320892638
1231 331 4.20320892638
1232 331 4.20320892638
1233 331 4.20320892638
1234 331 4.20320892638
1235 331 4.20320892638
1236 331 4.20320892638
1237 331 4.20320892638
1238 331 4.20320892638
1239 331 4.20320892638
1240 331 4.20320892638
1241 331 4.20320892638
1242 331 4.20320892638
1243 331 4.20320892638
1244 331 4.20320892638
1245 331 4.20320892638
1246 331 4.20320892638
1247 331 4.20320892638
1248 331 4.20320892638
1249 331 4.20320892638
1250 331 4.20320892638
1251 331 4.20320892638
1252 331 4.20320892638
1253 331 4.20320892638
1254 331 4.20320892638
1255 331 4.20320892638
1256 331 4.20320892638
1257 331 4.20320892638
1258 331 4.20320892638
1259 331 4.20320892638
1260 331 4.20320892638
1261 331 4.20320892638
1262 331 4.20320892638
1263 331 4.20320892638
1264 331 4.20320892638
1265 331 4.20320892638
1266 331 4.20320892638
1267 331 4.20320892638
1268 331 4.20320892638
1269 331 4.20320892638
1270 331 4.20320892638
1271 331 4.20320892638
1272 331 4.20320892638
1273 331 4.20320892638
1274 331 4.20320892638
1275 331 4.20320892638
1276 331 4.20320892638
1277 331 4.20320892638
1278 331 4.20320892638
1279 331 4.20320892638
1280 332 5.41997151177
1281 333 5.59599828854
1282 334 5.43788727084
1283 335 5.50190203946
1284 336 5.39359733572
1285 337 5.40773791549
1286 338 5.28292789966
1287 339 5.18513009604
1288 340 5.21933940897
1289 341 5.36085416659
1290 342 5.60049789025
1291 343 5.53779529392
1292 344 5.47795699582
1293 345 5.36463732943
1294 346 5.14810795692
1295 347 5.26371021143
1296 348 5.42809171943
1297 349 5.26916351074
1298 350 5.14787191759
1299 351 5.35230938855
1300 352 5.44007527719
1301 353 5.63516220043
1302 354 5.74847344818
1303 355 5.82787232056
1304 356 6.01530324714
1305 357 5.9868294636
1306 358 6.14039812228
1307 359 6.22795472317
1308 360 6.31685776249
1309 361 6.49912909955
1310 362 6.30108910074
1311 363 6.22477793231
1312 364 6.00254862819
1313 365 5.94141972675
1314 366 5.82213518407
1315 367 5.77040142929
1316 368 5.96958836042
1317 369 5.8045697992
1318 370 5.66602794115
1319 371 5.85999398588
1320 372 5.97311941801
1321 373 5.76509704546
1322 374 5.74731332408
1323 375 5.99223285339
1324 376 5.98734255888
1325 377 5.76920724107
1326 378 5.78596518707
1327 379 5.68397464355
1328 380 5.83311193751
1329 381 6.0492052153
1330 382 6.05032581259
1331 383 5.95247533281
1332 384 5.70154543739
1333 385 5.70679592124
1334 386 5.77508337166
1335 387 5.9950059628
1336 388 6.03514076275
1337 389 6.2713588717
1338 390 6.36352319328
1339 391 6.29085918548
1340 392 6.4900373332
1341 393 6.48319275564
