1 0 7.0983490284
2 0 7.0983490284
3 0 7.0983490284
4 0 7.0983490284
5 0 7.0983490284
6 0 7.0983490284
7 0 7.0983490284
8 0 7.0983490284
9 1 8.32811986812
10 2 8.35039445563
11 3 8.34210919967
12 4 8.40798283875
13 5 8.36974277398
14 6 8.29654910424
15 7 8.29010154627
16 8 8.3383980202
17 9 8.31361068828
18 10 8.26280215224
19 11 8.24526071954
20 12 8.21114096819
21 13 8.18556391594
22 14 8.17613574921
23 15 8.12522441622
24 16 8.15728501539
25 17 8.18945693881
26 18 8.25097552357
27 19 8.26536908054
28 20 8.28636954615
29 21 8.31799444982
30 22 8.33439276581
31 23 8.3625975228
32 24 8.41548641197
33 25 8.45442439174
34 26 8.50170931391
35 27 8.44585475796
36 28 8.47198707778
37 29 8.47419886582
38 30 8.46799706822
39 31 8.42053558729
40 32 8.35717547179
41 33 8.3560246416
42 34 8.29743794898
43 35 8.31288797227
44 36 8.28338958738
45 37 8.22133478685
46 38 8.20639608344
47 39 8.18082412962
48 40 8.13439568336
49 41 8.09662147093
50 42 8.09668733227
51 43 8.05269852726
52 44 7.99660612168
53 45 7.93249116472
54 46 7.92673507165
55 47 7.89443012246
56 48 7.89297661699
57 49 7.9155252969
58 50 7.96969314412
59 51 7.98725970972
60 52 8.03015499214
61 53 8.06370562696
62 54 8.11062111375
63 55 8.16673297752
64 56 8.18635670254
65 57 8.25898425288
66 58 8.29108788057
67 59 8.25369487545
68 60 8.24020629677
69 61 8.19164075458
70 62 8.20713483545
71 63 8.15102086659
72 64 8.139882512
73 65 8.09890931403
74 66 8.07513699529
75 67 8.03393750009
76 68 7.99640708947
77 69 7.96669500341
78 70 7.91878527138
79 71 7.90419462674
80 72 7.92182968389
81 73 7.8881222469
82 74 7.89605121191
83 75 7.92905349975
84 76 7.96339290766
85 77 7.98675647334
86 78 8.00795606284
87 79 7.98808398367
88 80 8.04987667222
89 81 8.08706741074
90 82 8.08607263817
91 83 8.12920317318
92 84 8.15394423574
93 85 8.19345452998
94 86 8.22053821645
95 87 8.2433766575
96 88 8.24021416907
97 89 8.20818930879
98 90 8.13302394298
99 91 8.11492233527
100 92 8.05436734622
101 93 8.03230359629
102 94 8.09742752819
103 95 8.11470267294
104 96 8.04617316576
105 97 8.0506734349
106 98 8.11963718217
107 99 8.1023539735
108 100 8.05260186561
109 101 8.10024894049
110 102 8.15520714476
111 103 8.10839871852
112 104 8.09115227391
113 105 8.16532408284
114 106 8.17446982898
115 107 8.11736553243
116 108 8.15365559998
117 109 8.21697287038
118 110 8.2590294895
119 111 8.31534041231
120 112 8.36042397984
121 113 8.3046213893
122 114 8.28174193092
123 115 8.35736255755
124 116 8.36859670854
125 117 8.29967660554
126 118 8.32053688245
127 119 8.39321494752
128 120 1.98266893271
129 120 1.98266893271
130 120 1.98266893271
131 120 1.98266893271
132 120 1.98266893271
133 120 1.98266893271
134 120 1.98266893271
135 120 1.98266893271
136 120 1.98266893271
137 120 1.98266893271
138 120 1.98266893271
139 120 1.98266893271
140 120 1.98266893271
141 120 1.98266893271
142 120 1.98266893271
143 120 1.98266893271
144 120 1.98266893271
145 120 1.98266893271
146 120 1.98266893271
147 120 1.98266893271
148 120 1.98266893271
149 120 1.98266893271
150 120 1.98266893271
151 120 1.98266893271
152 120 1.98266893271
153 120 1.98266893271
154 120 1.98266893271
155 120 1.98266893271
156 120 1.98266893271
157 120 1.98266893271
158 120 1.98266893271
159 120 1.98266893271
160 120 1.98266893271
161 120 1.98266893271
162 120 1.98266893271
163 120 1.98266893271
164 120 1.98266893271
165 120 1.98266893271
166 120 1.98266893271
167 120 1.98266893271
168 120 1.98266893271
169 120 1.98266893271
170 120 1.98266893271
171 120 1.98266893271
172 120 1.98266893271
173 120 1.98266893271
174 120 1.98266893271
175 120 1.98266893271
176 120 1.98266893271
177 120 1.98266893271
178 120 1.98266893271
179 120 1.98266893271
180 120 1.98266893271
181 120 1.98266893271
182 120 1.98266893271
183 120 1.98266893271
184 120 1.98266893271
185 120 1.98266893271
186 120 1.98266893271
187 120 1.98266893271
188 120 1.98266893271
189 120 1.98266893271
190 120 1.98266893271
191 120 1.98266893271
192 120 1.98266893271
193 121 4.82291731564
194 121 4.82291731564
195 121 4.82291731564
196 121 4.82291731564
197 121 4.82291731564
198 121 4.82291731564
199 121 4.82291731564
200 121 4.82291731564
201 121 4.82291731564
202 121 4.82291731564
203 121 4.82291731564
204 121 4.82291731564
205 121 4.82291731564
206 121 4.82291731564
207 121 4.82291731564
208 121 4.82291731564
209 121 4.82291731564
210 121 4.82291731564
211 121 4.82291731564
212 121 4.82291731564
213 121 4.82291731564
214 121 4.82291731564
215 121 4.82291731564
216 121 4.82291731564
217 121 4.82291731564
218 121 4.82291731564
219 121 4.82291731564
220 121 4.82291731564
221 121 4.82291731564
222 121 4.82291731564
223 121 4.82291731564
224 121 4.82291731564
225 121 4.82291731564
226 121 4.82291731564
227 121 4.82291731564
228 121 4.82291731564
229 121 4.82291731564
230 121 4.82291731564
231 121 4.82291731564
232 121 4.82291731564
233 121 4.82291731564
234 121 4.82291731564
235 121 4.82291731564
236 121 4.82291731564
237 121 4.82291731564
238 121 4.82291731564
239 121 4.82291731564
240 121 4.82291731564
241 121 4.82291731564
242 121 4.82291731564
243 121 4.82291731564
244 121 4.82291731564
245 121 4.82291731564
246 121 4.82291731564
247 121 4.82291731564
248 121 4.82291731564
249 121 4.82291731564
250 121 4.82291731564
251 121 4.82291731564
252 121 4.82291731564
253 121 4.82291731564
254 121 4.82291731564
255 121 4.82291731564
256 121 4.82291731564
257 122 6.03016512314
258 123 6.21344140687
259 124 6.20726957854
260 125 6.30669953095
261 126 6.20513588945
262 127 6.18327527438
263 128 6.03432883408
264 129 5.86174036034
265 130 5.8789121363
266 131 5.86840700642
267 132 5.65213709236
268 133 5.52000214812
269 134 5.67008609937
270 135 5.55242220998
271 136 5.37728197684
272 137 5.26868992488
273 138 5.47594036743
274 139 5.717057979
275 140 5.91557600454
276 141 6.15761463257
277 142 6.19959438146
278 143 6.00900907043
279 144 6.04742872438
280 145 6.29267693938
281 146 6.22896927273
282 147 6.18921016282
283 148 6.37243876903
284 149 6.46734358118
285 150 6.49702700176
286 151 6.62961753421
287 152 6.51782768526
288 153 6.64682694162
289 154 6.56618663606
290 155 6.33062697394
291 156 6.3135735911
292 157 6.40752962281
293 158 6.24425524352
294 159 6.05557803136
295 160 6.14201419091
296 161 6.15977869009
297 162 5.92561383786
298 163 5.84971883596
299 164 5.97750612856
300 165 5.85416786965
301 166 5.64780712096
302 167 5.59843047172
303 168 5.60157036123
304 169 5.54771515704
305 170 5.68060164743
306 171 5.5379385764
307 172 5.55444113339
308 173 5.50397199546
309 174 5.64661260131
310 175 5.82343412921
311 176 5.763961265
312 177 5.86653172461
313 178 5.95587206455
314 179 5.7495824936
315 180 5.65484394615
316 181 5.43376493044
317 182 5.38388728614
318 183 5.27956781803
319 184 5.09903584725
320 185 5.27862803663
321 186 5.41008266382
322 187 5.21673536799
323 188 5.1662700343
324 189 5.40466421442
325 190 5.4073089029
326 191 5.29247998137
327 192 5.08108281636
328 193 9.05516854723
329 193 9.05516854723
330 193 9.05516854723
331 193 9.05516854723
332 193 9.05516854723
333 193 9.05516854723
334 193 9.05516854723
335 193 9.05516854723
336 193 9.05516854723
337 193 9.05516854723
338 193 9.05516854723
339 193 9.05516854723
340 193 9.05516854723
341 193 9.05516854723
342 193 9.05516854723
343 193 9.05516854723
344 193 9.05516854723
345 193 9.05516854723
346 193 9.05516854723
347 193 9.05516854723
348 193 9.05516854723
349 193 9.05516854723
350 193 9.05516854723
351 193 9.05516854723
352 193 9.05516854723
353 193 9.05516854723
354 193 9.05516854723
355 193 9.05516854723
356 194 6.44612896166
357 194 6.44612896166
358 194 6.44612896166
359 194 6.44612896166
360 194 6.44612896166
361 194 6.44612896166
362 194 6.44612896166
363 194 6.44612896166
364 194 6.44612896166
365 194 6.44612896166
366 194 6.44612896166
367 194 6.44612896166
368 194 6.44612896166
369 194 6.44612896166
370 194 6.44612896166
371 194 6.44612896166
372 194 6.44612896166
373 194 6.44612896166
374 194 6.44612896166
375 194 6.44612896166
376 194 6.44612896166
377 194 6.44612896166
378 194 6.44612896166
379 194 6.44612896166
380 194 6.44612896166
381 194 6.44612896166
382 194 6.44612896166
383 194 6.44612896166
384 194 6.44612896166
385 194 6.44612896166
386 194 6.44612896166
387 194 6.44612896166
388 194 6.44612896166
389 194 6.44612896166
390 194 6.44612896166
391 194 6.44612896166
392 194 6.44612896166
393 194 6.44612896166
394 194 6.44612896166
395 194 6.44612896166
396 194 6.44612896166
397 194 6.44612896166
398 194 6.44612896166
399 194 6.44612896166
400 194 6.44612896166
401 194 6.44612896166
402 194 6.44612896166
403 194 6.44612896166
404 194 6.44612896166
405 194 6.44612896166
406 194 6.44612896166
407 194 6.44612896166
408 194 6.44612896166
409 194 6.44612896166
410 194 6.44612896166
411 194 6.44612896166
412 194 6.44612896166
413 194 6.44612896166
414 194 6.44612896166
415 194 6.44612896166
416 194 6.44612896166
417 194 6.44612896166
418 194 6.44612896166
419 194 6.44612896166
420 194 6.44612896166
421 194 6.44612896166
422 194 6.44612896166
423 194 6.44612896166
424 194 6.44612896166
425 194 6.44612896166
426 194 6.44612896166
427 194 6.44612896166
428 194 6.44612896166
429 194 6.44612896166
430 194 6.44612896166
431 195 10.4166931247
432 195 10.4166931247
433 195 10.4166931247
434 195 10.4166931247
435 195 10.4166931247
436 195 10.4166931247
437 195 10.4166931247
438 195 10.4166931247
439 195 10.4166931247
440 195 10.4166931247
441 195 10.4166931247
442 195 10.4166931247
443 195 10.4166931247
444 195 10.4166931247
445 195 10.4166931247
446 195 10.4166931247
447 195 10.4166931247
448 195 10.4166931247
449 195 10.4166931247
450 195 10.4166931247
451 195 10.4166931247
452 195 10.4166931247
453 195 10.4166931247
454 195 10.4166931247
455 195 10.4166931247
456 195 10.4166931247
457 195 10.4166931247
458 195 10.4166931247
459 195 10.4166931247
460 195 10.4166931247
461 195 10.4166931247
462 195 10.4166931247
463 195 10.4166931247
464 195 10.4166931247
465 195 10.4166931247
466 195 10.4166931247
467 195 10.4166931247
468 195 10.4166931247
469 195 10.4166931247
470 195 10.4166931247
471 195 10.4166931247
472 195 10.4166931247
473 195 10.4166931247
474 195 10.4166931247
475 195 10.4166931247
476 195 10.4166931247
477 195 10.4166931247
478 195 10.4166931247
479 195 10.4166931247
480 195 10.4166931247
481 195 10.4166931247
482 195 10.4166931247
483 195 10.4166931247
484 195 10.4166931247
485 195 10.4166931247
486 195 10.4166931247
487 195 10.4166931247
488 195 10.4166931247
489 195 10.4166931247
490 195 10.4166931247
491 195 10.4166931247
492 195 10.4166931247
493 195 10.4166931247
494 196 0.442942388168
495 196 0.442942388168
496 196 0.442942388168
497 196 0.442942388168
498 196 0.442942388168
499 196 0.442942388168
500 196 0.442942388168
501 196 0.442942388168
502 196 0.442942388168
503 196 0.442942388168
504 196 0.442942388168
505 196 0.442942388168
506 196 0.442942388168
507 196 0.442942388168
508 196 0.442942388168
509 196 0.442942388168
510 196 0.442942388168
511 196 0.442942388168
512 196 0.442942388168
513 196 0.442942388168
514 196 0.442942388168
515 196 0.442942388168
516 196 0.442942388168
517 196 0.442942388168
518 196 0.442942388168
519 196 0.442942388168
520 196 0.442942388168
521 196 0.442942388168
522 196 0.442942388168
523 196 0.442942388168
524 196 0.442942388168
525 196 0.442942388168
526 196 0.442942388168
527 196 0.442942388168
528 196 0.442942388168
529 196 0.442942388168
530 196 0.442942388168
531 196 0.442942388168
532 196 0.442942388168
533 196 0.442942388168
534 196 0.442942388168
535 196 0.442942388168
536 196 0.442942388168
537 196 0.442942388168
538 196 0.442942388168
539 196 0.442942388168
540 196 0.442942388168
541 196 0.442942388168
542 196 0.442942388168
543 196 0.442942388168
544 196 0.442942388168
545 196 0.442942388168
546 196 0.442942388168
547 196 0.442942388168
548 196 0.442942388168
549 196 0.442942388168
550 196 0.442942388168
551 196 0.442942388168
552 196 0.442942388168
553 196 0.442942388168
554 196 0.442942388168
555 196 0.442942388168
556 196 0.442942388168
557 196 0.442942388168
558 196 0.442942388168
559 196 0.442942388168
560 196 0.442942388168
561 196 0.442942388168
562 196 0.442942388168
563 197 2.81852602263
564 198 2.83575534581
565 199 2.60144015301
566 200 2.4248629924
567 201 2.32053877653
568 202 2.12911870295
569 203 1.9230188735
570 204 1.77473569953
571 205 1.6406204418
572 206 1.82790120426
573 207 1.88520742487
574 208 1.66176765004
575 209 1.67363223789
576 210 1.86628623524
577 211 1.75392809205
578 212 1.58758779201
579 213 1.75558382094
580 214 1.84839065798
581 215 1.64475324927
582 216 1.67213956329
583 217 1.87895327945
584 218 1.96718135544
585 219 2.20047779192
586 220 2.32057271836
587 221 2.40825530115
588 222 2.20346786819
589 223 2.11088386971
590 224 2.28481853159
591 225 2.24838953785
592 226 2.01651755561
593 227 2.02814154266
594 228 2.2327685909
595 229 2.32360361131
596 230 2.52750756392
597 231 2.53186494702
598 232 2.66265629884
599 233 2.50959515379
600 234 2.32711024808
601 235 2.44926443515
602 236 2.52802493384
603 237 2.31820558807
604 238 2.20954099841
605 239 2.37686696317
606 240 2.38601553031
607 241 2.18882741299
608 242 2.28532272758
609 243 2.47637915942
610 244 2.34251173755
611 245 8.13416146939
612 245 8.13416146939
613 245 8.13416146939
614 245 8.13416146939
615 245 8.13416146939
