1 0 9.49697328892
2 1 1.38398345794
3 2 1.2847981215
4 3 1.2652389146
5 4 1.15488180961
6 5 1.09892510957
7 6 1.19226518297
8 7 1.13184641387
9 8 1.03026437507
10 9 1.03317548341
11 10 1.05391518659
12 11 1.1571275968
13 12 1.20569541443
14 13 1.30501016471
15 14 1.36141921087
16 15 1.47590176662
17 16 1.5587246517
18 17 1.67211158686
19 18 1.77302483537
20 19 1.78127701035
21 20 1.6686599512
22 21 1.66964821743
23 22 1.61680092826
24 23 1.5134595916
25 24 1.46118264717
26 25 1.34848306875
27 26 1.30792547454
28 27 1.20327903712
29 28 1.14583618984
30 29 1.15104957813
31 30 1.25991139474
32 31 1.31405325002
33 32 1.38204691663
34 33 1.3792370362
35 34 1.47738250242
36 35 1.47642255172
37 36 1.56763278064
38 37 1.5482169906
39 38 1.62401597688
40 39 1.6083700129
41 40 1.4985184924
42 41 1.49138471558
43 42 1.46504005986
44 43 1.46114971239
45 44 1.41503224208
46 45 1.50722894683
47 46 1.46643098566
48 47 1.39653296538
49 48 1.45351526003
50 49 1.41881145403
51 50 1.47019940475
52 51 1.42055350359
53 52 1.35930290051
54 53 1.28033408826
55 54 1.23480913055
56 55 1.31555345172
57 56 1.31029488627
58 57 1.39664224522
59 58 1.48985095175
60 59 1.59026560744
61 60 1.68249059897
62 61 1.79896493762
63 62 1.88347917675
64 63 1.92662665972
65 64 2.03922330551
66 65 1.99719702724
67 66 1.94191747351
68 67 1.82313430192
69 68 1.77456853377
70 69 1.66651532681
71 70 1.63145535161
72 71 1.5238677489
73 72 1.48057988973
74 73 1.38985100562
75 74 1.33222309569
76 75 1.40851253408
77 76 1.49669787034
78 77 1.56302981549
79 78 1.602662026
80 79 1.62573869169
81 80 1.70400689964
82 81 1.6865787629
83 82 1.7647297602
84 83 1.76559367107
85 84 1.85842970854
86 85 1.85396921876
87 86 1.74251533676
88 87 1.69835472639
89 88 1.66445583231
90 89 1.68507442384
91 90 1.68618167383
92 91 1.80295384559
93 92 1.79772678342
94 93 1.73179422741
95 94 1.73950069558
96 95 1.69359555706
97 96 1.73575133937
98 97 1.62936613305
99 98 1.57657879477
100 99 1.46679956352
101 100 1.40277442304
102 101 1.46180354587
103 102 1.40209818734
104 103 1.48052050507
105 104 1.58505417212
106 105 1.6536759791
107 106 1.76356001045
108 107 1.84412525399
109 108 1.90738243237
110 109 1.98830330702
111 110 2.09139951526
112 111 2.05885040626
113 112 2.06363677507
114 113 1.96168296879
115 114 1.9032189598
116 115 1.790774752
117 116 1.72703191849
118 117 1.64412458095
119 118 1.55395892368
120 119 1.50490217008
121 120 1.42507067004
122 121 1.51887080024
123 122 1.54346814513
124 123 1.63805354884
125 124 1.67575887368
126 125 1.7628918544
127 126 1.84099655245
128 127 1.88342624166
129 128 1.97405909256
130 129 2.01711458129
131 130 2.1271511047
132 131 2.20347571981
133 132 2.17122179382
134 133 2.04957275321
135 134 2.00533221796
136 135 1.97906528828
137 136 2.02196369721
138 137 1.93243966718
139 138 1.92785574158
140 139 1.84291449566
141 140 1.80276564845
142 141 1.71965153097
143 142 1.64932253987
144 143 1.54122905423
145 144 1.49314363757
146 145 1.40264691009
147 146 1.41710514184
148 147 1.45296274809
149 148 1.38417951023
150 149 1.45589323973
151 150 1.56954357838
152 151 1.61918857627
153 152 1.73874790735
154 153 1.78668515346
155 154 1.86551768263
156 155 1.98252045628
157 156 2.04421108046
158 157 2.11202174808
159 158 11.3266085506
160 158 11.3266085506
161 158 11.3266085506
162 158 11.3266085506
163 158 11.3266085506
164 158 11.3266085506
165 158 11.3266085506
166 159 2.24436780039
167 160 2.23368846675
168 161 2.15228847386
169 162 2.12268026931
170 163 2.05948180246
171 164 1.97446364052
172 165 1.8603925519
173 166 1.74861732552
174 167 1.63742791129
175 168 1.55958971421
176 169 1.44424437512
177 170 1.39842130493
178 171 1.30956537057
179 172 1.35286889573
180 173 1.3091818808
181 174 1.41551901125
182 175 1.47714445184
183 176 1.59481453478
184 177 1.69896528995
185 178 1.79647048471
186 179 1.91345623676
187 180 2.0068375276
188 181 2.09620527095
189 182 2.21080050402
190 183 2.2448648633
191 184 2.1413505253
192 185 2.1446742103
193 186 2.02257806177
194 187 1.9256358197
195 188 1.90193054333
196 189 1.80640851876
197 190 1.81363638443
198 191 1.70057151688
199 192 1.59113660388
200 193 1.5002487712
201 194 1.39776670611
202 195 1.30282546621
203 196 1.23399714617
204 197 1.15874160298
205 198 1.15298571544
206 199 1.21815001882
207 200 1.28363595058
208 201 1.26584130663
209 202 1.35311494649
210 203 1.44743605365
211 204 1.51969195197
212 205 1.62399704818
213 206 1.65633279867
214 207 1.76196565271
215 208 1.78614097533
216 209 1.90289813186
217 210 1.89695758081
218 211 1.89946571677
219 212 1.78454858428
220 213 1.74386233438
221 214 1.62960282371
222 215 1.55807307627
223 216 1.44192618833
224 217 1.37124744042
225 218 1.26528128067
226 219 1.18709316282
227 220 1.09541282365
228 221 1.06737338021
229 222 1.05283105952
230 223 1.14026433449
231 224 1.24372734795
232 225 1.32563411692
233 226 1.4280497785
234 227 1.51401946574
235 228 1.61148817626
236 229 1.71766397948
237 230 1.80877595325
238 231 1.88353859387
239 232 1.93007490707
240 233 1.9124428157
241 234 1.82023014848
242 235 1.70009869766
243 236 1.62161705457
244 237 1.53525342414
245 238 1.42236773808
246 239 1.37107373
247 240 1.26636202886
248 241 1.27486089383
249 242 1.18544254396
250 243 1.11277000156
251 244 1.02180628081
252 245 1.00102630834
253 246 1.00705745587
254 247 0.920484858031
255 248 0.946757808226
256 249 1.02823559346
257 250 1.12821986869
258 251 1.18773747872
259 252 1.28643137024
260 253 1.35811566866
261 254 1.45361137757
262 255 1.54836716955
263 256 1.61147847029
264 257 1.72759366965
265 258 1.76015010086
266 259 1.70840349304
267 260 1.64154543954
268 261 1.53945369811
269 262 1.44571706065
270 263 1.36565877442
271 264 1.26575922155
272 265 1.18792961469
273 266 1.08380368353
274 267 0.990558497274
275 268 0.947692801194
276 269 1.02054645079
277 270 1.08215121802
278 271 1.19170184319
279 272 1.23428440099
280 273 1.34609486838
281 274 1.38673758593
282 275 1.48538156693
283 276 1.52015794745
284 277 1.53919581973
285 278 1.60232103263
286 279 1.50853249797
287 280 1.52531425203
288 281 1.41720413216
289 282 1.3808832865
290 283 1.34861997725
291 284 1.33665782496
292 285 1.43874315936
293 286 1.41383945356
294 287 1.34614263079
295 288 1.24176356444
296 289 1.1466445698
297 290 6.91774072194
