1 0 5.76670339826
2 0 5.76670339826
3 0 5.76670339826
4 0 5.76670339826
5 0 5.76670339826
6 0 5.76670339826
7 0 5.76670339826
8 0 5.76670339826
9 0 5.76670339826
10 0 5.76670339826
11 0 5.76670339826
12 0 5.76670339826
13 0 5.76670339826
14 0 5.76670339826
15 0 5.76670339826
16 0 5.76670339826
17 0 5.76670339826
18 0 5.76670339826
19 0 5.76670339826
20 0 5.76670339826
21 0 5.76670339826
22 0 5.76670339826
23 0 5.76670339826
24 0 5.76670339826
25 0 5.76670339826
26 0 5.76670339826
27 0 5.76670339826
28 0 5.76670339826
29 0 5.76670339826
30 0 5.76670339826
31 0 5.76670339826
32 0 5.76670339826
33 0 5.76670339826
34 0 5.76670339826
35 0 5.76670339826
36 0 5.76670339826
37 0 5.76670339826
38 0 5.76670339826
39 0 5.76670339826
40 0 5.76670339826
41 0 5.76670339826
42 0 5.76670339826
43 0 5.76670339826
44 0 5.76670339826
45 0 5.76670339826
46 0 5.76670339826
47 0 5.76670339826
48 0 5.76670339826
49 0 5.76670339826
50 0 5.76670339826
51 0 5.76670339826
52 0 5.76670339826
53 0 5.76670339826
54 0 5.76670339826
55 0 5.76670339826
56 0 5.76670339826
57 0 5.76670339826
58 0 5.76670339826
59 0 5.76670339826
60 0 5.76670339826
61 0 5.76670339826
62 0 5.76670339826
63 0 5.76670339826
64 1 7.07983853336
65 1 7.07983853336
66 1 7.07983853336
67 1 7.07983853336
68 1 7.07983853336
69 1 7.07983853336
70 1 7.07983853336
71 1 7.07983853336
72 1 7.07983853336
73 1 7.07983853336
74 1 7.07983853336
75 1 7.07983853336
76 1 7.07983853336
77 1 7.07983853336
78 1 7.07983853336
79 1 7.07983853336
80 1 7.07983853336
81 1 7.07983853336
82 1 7.07983853336
83 1 7.07983853336
84 1 7.07983853336
85 1 7.07983853336
86 1 7.07983853336
87 1 7.07983853336
88 1 7.07983853336
89 1 7.07983853336
90 1 7.07983853336
91 1 7.07983853336
92 1 7.07983853336
93 1 7.07983853336
94 1 7.07983853336
95 1 7.07983853336
96 1 7.07983853336
97 1 7.07983853336
98 1 7.07983853336
99 1 7.07983853336
100 1 7.07983853336
101 1 7.07983853336
102 1 7.07983853336
103 1 7.07983853336
104 1 7.07983853336
105 1 7.07983853336
106 1 7.07983853336
107 1 7.07983853336
108 1 7.07983853336
109 1 7.07983853336
110 1 7.07983853336
111 1 7.07983853336
112 1 7.07983853336
113 1 7.07983853336
114 1 7.07983853336
115 1 7.07983853336
116 1 7.07983853336
117 1 7.07983853336
118 1 7.07983853336
119 1 7.07983853336
120 1 7.07983853336
121 1 7.07983853336
122 1 7.07983853336
123 1 7.07983853336
124 1 7.07983853336
125 1 7.07983853336
126 1 7.07983853336
127 2 1.60177368904
128 3 1.52721923043
129 4 1.47438833307
130 5 1.42500694193
131 6 1.35456697681
132 7 1.30525508831
133 8 1.25532371189
134 9 1.21621928431
135 10 1.21730640862
136 11 1.1735787246
137 12 1.17068461611
138 13 1.16266304711
139 14 1.18362643765
140 15 1.24735457925
141 16 1.26783228255
142 17 1.32328504964
143 18 1.32871227279
144 19 1.30860464947
145 20 1.3198930818
146 21 1.3059644235
147 22 1.37011036389
148 23 1.34569540294
149 24 1.27617051447
150 25 1.28632865484
151 26 1.23048703799
152 27 1.19965216477
153 28 1.19978042443
154 29 1.19401355694
155 30 1.22996896266
156 31 1.22697865227
157 32 1.23639711788
158 33 1.2499157905
159 34 1.22535249712
160 35 1.22504639583
161 36 1.18892867952
162 37 1.15901641058
163 38 1.180812823
164 39 1.1517678286
165 40 1.15677191561
166 41 1.14183388009
167 42 1.13950644527
168 43 1.17970920452
169 44 1.16973732822
170 45 1.11622007627
171 46 1.11146671965
172 47 1.06513595887
173 48 2.07493632424
174 48 2.07493632424
175 48 2.07493632424
176 48 2.07493632424
177 48 2.07493632424
178 48 2.07493632424
179 48 2.07493632424
180 48 2.07493632424
181 48 2.07493632424
182 48 2.07493632424
183 48 2.07493632424
184 48 2.07493632424
185 48 2.07493632424
186 48 2.07493632424
187 48 2.07493632424
188 48 2.07493632424
189 48 2.07493632424
190 48 2.07493632424
191 48 2.07493632424
192 48 2.07493632424
193 48 2.07493632424
194 48 2.07493632424
195 48 2.07493632424
196 48 2.07493632424
197 48 2.07493632424
198 48 2.07493632424
199 48 2.07493632424
200 48 2.07493632424
201 49 1.0718723014
202 50 1.08541604584
203 51 1.08622926192
204 52 1.10492063473
205 53 1.11850416675
206 54 1.13143954305
207 55 1.18786095205
208 56 1.19799894065
209 57 1.19586679645
210 58 1.25299754112
211 59 1.27156836189
212 60 1.28745266976
213 61 1.34787417063
214 62 1.36174115563
215 63 1.32440855925
216 64 1.35791736985
217 65 1.36877333319
218 66 1.34770173678
219 67 1.31622958856
220 68 1.33399364107
221 69 1.28961574509
222 70 1.31328619256
223 71 1.30442148192
224 72 1.24312823389
225 73 1.25738867648
226 74 1.26581267597
227 75 1.3152469956
228 76 1.3161811426
229 77 1.35492478003
230 78 1.33012661549
231 79 1.34976217441
232 80 1.33318574322
233 81 1.3953702344
234 82 1.36759489017
235 83 1.36863965765
236 84 1.30759215033
237 85 1.28979840875
238 86 1.22676772354
239 87 1.2058124265
240 88 1.15857138661
241 89 1.14303423241
242 90 1.14308807177
243 91 1.10491529073
244 92 1.12406964627
245 93 1.098642057
246 94 1.08480458353
247 95 1.08988343497
248 96 1.14106521822
249 97 1.17227683272
250 98 1.22495928057
251 99 1.27585302193
252 100 1.32546644592
253 101 1.33806198411
254 102 1.4003420388
255 103 1.42921153896
256 104 1.47352148125
257 105 1.50657523397
258 106 1.51198956333
259 107 1.47817227129
260 108 1.43586005237
261 109 1.44145085401
262 110 1.46044487751
263 111 1.4622778772
264 112 1.45344236468
265 113 1.48627655848
266 114 1.46345265148
267 115 1.51134211503
268 116 1.48401962359
269 117 1.53160091386
270 118 1.50796618093
271 119 1.54499845097
272 120 1.49536699024
273 121 1.52538255729
274 122 1.49453600748
275 123 1.53681494068
276 124 1.51315043563
277 125 1.54728964939
278 126 1.53164374586
279 127 1.54286946352
280 128 1.58860205001
281 129 1.64563141833
282 130 1.64856925927
283 131 1.62377528798
284 132 1.60029345035
285 133 1.58599245887
286 134 1.54020111653
287 135 1.53416105962
288 136 1.46920978544
289 137 1.51643696626
290 138 1.55696987346
291 139 1.52728704731
292 140 1.58192750269
293 141 1.60402797109
294 142 1.6567408447
295 143 1.661512653
296 144 1.73575442194
297 145 1.80395544107
298 146 1.86708262961
299 147 1.87590196064
300 148 1.81357818969
301 149 1.7860332976
302 150 1.7111649726
303 151 1.73156999834
304 152 1.75436438228
305 153 1.79553585404
306 154 1.76029803632
307 155 1.74753406518
308 156 1.67176062358
309 157 1.60094350164
310 158 1.60200017153
311 159 1.55555957778
312 160 1.55641281664
313 161 1.5805155559
314 162 1.58596069124
315 163 1.62117586122
316 164 1.66504049969
317 165 1.61819410488
318 166 1.67585323641
319 167 1.73688004568
320 168 2.38970334601
321 168 2.38970334601
322 168 2.38970334601
323 168 2.38970334601
324 168 2.38970334601
325 168 2.38970334601
326 168 2.38970334601
327 168 2.38970334601
328 168 2.38970334601
329 168 2.38970334601
330 168 2.38970334601
331 168 2.38970334601
332 168 2.38970334601
333 168 2.38970334601
334 168 2.38970334601
335 168 2.38970334601
336 168 2.38970334601
337 168 2.38970334601
338 169 1.63411946919
339 170 1.68628714778
340 171 1.73700622591
341 172 1.69160767697
342 173 1.69956985288
343 174 1.66864648563
344 175 1.66465840075
345 176 1.67108724391
346 177 1.66239674244
347 178 1.74067574598
348 179 1.76417330203
349 180 1.79168154042
350 181 1.76614884903
351 182 1.78683123863
352 183 1.79413437018
353 184 1.78861062792
354 185 1.80887822912
355 186 1.77268809963
356 187 1.84671728138
357 188 1.88331115375
358 189 1.87081318054
359 190 1.88626381432
360 191 1.86221697169
361 192 1.91003969899
362 193 1.91802720545
363 194 1.88642156869
364 195 1.87664580199
365 196 1.89455806013
366 197 1.84179082238
367 198 1.87607620913
368 199 1.79489273232
369 200 1.79954844262
370 201 1.71670719552
371 202 1.68854505326
372 203 1.67049746763
373 204 1.58968516815
374 205 1.58939258261
375 206 1.63601660078
376 207 1.62271632552
377 208 1.6659385372
378 209 1.67881576752
379 210 1.65619922699
380 211 1.70970139526
381 212 1.78241712731
382 213 1.8076462658
383 214 1.78700446759
384 215 1.74186032037
385 216 1.7080682031
386 217 1.69171430926
387 218 1.64958028092
388 219 1.65653690597
389 220 1.63705755802
390 221 1.71417654733
391 222 1.68603536141
392 223 1.734583068
393 224 1.71601565475
394 225 1.77953175535
395 226 1.79805897624
396 227 1.84439849265
397 228 1.88587773494
398 229 1.87321417194
399 230 1.94836381999
400 231 1.99647423876
401 232 1.95014790972
402 233 1.97106706071
403 234 1.93465560187
404 235 10.8142555533
405 235 10.8142555533
406 235 10.8142555533
407 235 10.8142555533
408 235 10.8142555533
409 235 10.8142555533
410 235 10.8142555533
411 235 10.8142555533
412 235 10.8142555533
413 235 10.8142555533
414 235 10.8142555533
415 235 10.8142555533
416 235 10.8142555533
417 235 10.8142555533
418 235 10.8142555533
419 235 10.8142555533
420 235 10.8142555533
421 235 10.8142555533
422 235 10.8142555533
423 235 10.8142555533
424 235 10.8142555533
425 235 10.8142555533
426 235 10.8142555533
427 235 10.8142555533
428 235 10.8142555533
429 235 10.8142555533
430 235 10.8142555533
431 235 10.8142555533
432 235 10.8142555533
433 235 10.8142555533
434 236 1.90899395009
435 237 1.88890665263
436 238 1.82816607597
437 239 1.76495947365
438 240 1.74976263708
439 241 1.71295922193
440 242 1.64705526026
441 243 1.63440411595
442 244 1.58127364205
443 245 1.58280931037
444 246 1.57391336894
445 247 1.51514669543
446 248 1.53712792412
447 249 1.57693800188
448 250 1.56635493911
449 251 1.59694609651
450 252 1.54230548242
451 253 1.54583409117
452 254 1.5142408307
453 255 1.57370603794
454 256 1.6519184823
455 257 1.6443212525
456 258 1.68650269323
457 259 1.74838111332
458 260 1.79921719525
459 261 1.72839803314
460 262 1.66419578426
461 263 1.63640722205
462 264 1.59866789053
463 265 1.57587802748
464 266 1.50616093166
465 267 1.4977306661
466 268 1.54284464806
467 269 1.49788976991
468 270 1.50372381691
469 271 1.47712464511
470 272 1.50536892831
471 273 1.44334767183
472 274 1.48973609416
473 275 1.49145450799
474 276 1.56092687095
475 277 1.57693131514
476 278 1.65324215498
477 279 1.69653322754
478 280 1.72221907452
479 281 1.79882375914
480 282 1.81680852147
481 283 1.78589068293
482 284 1.76736923989
483 285 1.69286312352
484 286 1.65456104439
485 287 1.5926468265
486 288 1.56254688864
487 289 1.48588842245
488 290 1.4446951409
489 291 1.37145800614
490 292 1.35741103503
491 293 1.31622017797
492 294 1.35511189839
493 295 1.39620608328
494 296 1.39950432976
495 297 1.3950453059
496 298 1.40144399774
497 299 1.41157200971
498 300 1.39206411499
499 301 1.4110492583
500 302 1.38259032207
501 303 1.43750236263
502 304 1.39729139279
503 305 1.37215915729
504 306 1.4087941325
505 307 1.35299113649
506 308 1.37639345393
507 309 1.33790999256
508 310 1.35169481267
509 311 1.31553789399
510 312 1.31947488072
511 313 1.28840158523
512 314 1.24652385892
513 315 1.23229960276
514 316 1.25609545218
515 317 1.2792870502
516 318 1.28947673621
517 319 1.33749189055
518 320 1.34895093316
519 321 1.42050063099
520 322 1.40440098451
521 323 0.795186613041
522 323 0.795186613041
523 323 0.795186613041
524 323 0.795186613041
525 323 0.795186613041
526 323 0.795186613041
527 323 0.795186613041
528 323 0.795186613041
529 323 0.795186613041
530 323 0.795186613041
531 323 0.795186613041
532 323 0.795186613041
533 323 0.795186613041
534 323 0.795186613041
535 323 0.795186613041
536 323 0.795186613041
537 323 0.795186613041
538 323 0.795186613041
539 323 0.795186613041
540 323 0.795186613041
541 323 0.795186613041
542 323 0.795186613041
543 323 0.795186613041
544 323 0.795186613041
545 323 0.795186613041
546 323 0.795186613041
547 323 0.795186613041
548 323 0.795186613041
549 323 0.795186613041
550 323 0.795186613041
551 323 0.795186613041
552 323 0.795186613041
553 323 0.795186613041
554 323 0.795186613041
555 323 0.795186613041
556 323 0.795186613041
557 323 0.795186613041
558 323 0.795186613041
559 323 0.795186613041
560 323 0.795186613041
561 323 0.795186613041
562 323 0.795186613041
563 323 0.795186613041
564 324 3.45874152944
565 324 3.45874152944
566 324 3.45874152944
567 324 3.45874152944
568 324 3.45874152944
569 324 3.45874152944
570 324 3.45874152944
571 324 3.45874152944
572 324 3.45874152944
573 324 3.45874152944
574 324 3.45874152944
575 324 3.45874152944
576 324 3.45874152944
577 324 3.45874152944
578 324 3.45874152944
579 324 3.45874152944
580 324 3.45874152944
581 324 3.45874152944
582 324 3.45874152944
583 324 3.45874152944
584 324 3.45874152944
585 324 3.45874152944
586 324 3.45874152944
587 324 3.45874152944
588 324 3.45874152944
589 324 3.45874152944
590 324 3.45874152944
591 324 3.45874152944
592 324 3.45874152944
593 324 3.45874152944
594 324 3.45874152944
595 324 3.45874152944
596 324 3.45874152944
597 324 3.45874152944
598 324 3.45874152944
599 324 3.45874152944
600 324 3.45874152944
601 324 3.45874152944
602 324 3.45874152944
603 324 3.45874152944
604 324 3.45874152944
605 324 3.45874152944
606 324 3.45874152944
607 324 3.45874152944
608 324 3.45874152944
609 324 3.45874152944
610 324 3.45874152944
611 324 3.45874152944
612 324 3.45874152944
613 324 3.45874152944
614 324 3.45874152944
615 324 3.45874152944
616 324 3.45874152944
617 324 3.45874152944
618 324 3.45874152944
619 324 3.45874152944
620 324 3.45874152944
621 324 3.45874152944
622 324 3.45874152944
623 324 3.45874152944
624 324 3.45874152944
625 324 3.45874152944
626 324 3.45874152944
627 324 3.45874152944
628 324 3.45874152944
629 324 3.45874152944
630 324 3.45874152944
631 324 3.45874152944
632 324 3.45874152944
633 324 3.45874152944
634 324 3.45874152944
635 324 3.45874152944
636 324 3.45874152944
637 324 3.45874152944
638 324 3.45874152944
639 324 3.45874152944
640 324 3.45874152944
641 324 3.45874152944
642 324 3.45874152944
643 324 3.45874152944
644 324 3.45874152944
645 324 3.45874152944
646 324 3.45874152944
647 324 3.45874152944
648 324 3.45874152944
649 324 3.45874152944
650 324 3.45874152944
651 324 3.45874152944
652 324 3.45874152944
653 324 3.45874152944
654 324 3.45874152944
655 324 3.45874152944
656 324 3.45874152944
657 324 3.45874152944
658 324 3.45874152944
659 324 3.45874152944
660 324 3.45874152944
661 324 3.45874152944
662 324 3.45874152944
663 325 5.01049869226
664 325 5.01049869226
665 325 5.01049869226
666 325 5.01049869226
667 325 5.01049869226
668 325 5.01049869226
669 325 5.01049869226
670 325 5.01049869226
671 325 5.01049869226
672 325 5.01049869226
673 325 5.01049869226
674 325 5.01049869226
675 325 5.01049869226
676 325 5.01049869226
677 325 5.01049869226
678 325 5.01049869226
679 325 5.01049869226
680 325 5.01049869226
681 325 5.01049869226
682 325 5.01049869226
683 325 5.01049869226
684 325 5.01049869226
685 325 5.01049869226
686 325 5.01049869226
687 325 5.01049869226
688 325 5.01049869226
689 325 5.01049869226
690 325 5.01049869226
691 325 5.01049869226
692 325 5.01049869226
693 325 5.01049869226
694 325 5.01049869226
695 325 5.01049869226
696 325 5.01049869226
697 325 5.01049869226
698 325 5.01049869226
699 325 5.01049869226
700 325 5.01049869226
701 325 5.01049869226
702 325 5.01049869226
703 325 5.01049869226
704 325 5.01049869226
705 325 5.01049869226
706 325 5.01049869226
707 325 5.01049869226
708 325 5.01049869226
709 325 5.01049869226
710 325 5.01049869226
711 325 5.01049869226
712 325 5.01049869226
713 325 5.01049869226
714 325 5.01049869226
715 325 5.01049869226
716 325 5.01049869226
717 325 5.01049869226
718 325 5.01049869226
719 325 5.01049869226
720 325 5.01049869226
721 325 5.01049869226
722 325 5.01049869226
723 325 5.01049869226
724 325 5.01049869226
725 325 5.01049869226
726 325 5.01049869226
727 325 5.01049869226
728 325 5.01049869226
729 325 5.01049869226
730 325 5.01049869226
731 325 5.01049869226
732 325 5.01049869226
733 325 5.01049869226
734 325 5.01049869226
735 325 5.01049869226
736 325 5.01049869226
737 325 5.01049869226
738 325 5.01049869226
739 325 5.01049869226
740 325 5.01049869226
741 325 5.01049869226
742 325 5.01049869226
743 325 5.01049869226
744 325 5.01049869226
745 325 5.01049869226
746 325 5.01049869226
747 325 5.01049869226
748 325 5.01049869226
749 325 5.01049869226
750 325 5.01049869226
751 325 5.01049869226
752 325 5.01049869226
753 325 5.01049869226
754 325 5.01049869226
755 325 5.01049869226
756 325 5.01049869226
757 325 5.01049869226
758 325 5.01049869226
759 325 5.01049869226
760 325 5.01049869226
761 325 5.01049869226
762 326 5.22337119986
763 326 5.22337119986
764 326 5.22337119986
765 326 5.22337119986
766 326 5.22337119986
767 326 5.22337119986
768 326 5.22337119986
769 326 5.22337119986
770 326 5.22337119986
771 326 5.22337119986
772 326 5.22337119986
773 326 5.22337119986
774 326 5.22337119986
775 326 5.22337119986
776 326 5.22337119986
777 326 5.22337119986
778 326 5.22337119986
779 326 5.22337119986
780 326 5.22337119986
781 326 5.22337119986
782 326 5.22337119986
783 326 5.22337119986
784 326 5.22337119986
785 326 5.22337119986
786 326 5.22337119986
787 326 5.22337119986
788 326 5.22337119986
789 326 5.22337119986
790 326 5.22337119986
791 326 5.22337119986
792 326 5.22337119986
793 326 5.22337119986
794 326 5.22337119986
795 326 5.22337119986
796 326 5.22337119986
797 326 5.22337119986
798 326 5.22337119986
799 326 5.22337119986
800 326 5.22337119986
801 326 5.22337119986
802 326 5.22337119986
803 326 5.22337119986
804 326 5.22337119986
805 326 5.22337119986
806 326 5.22337119986
807 326 5.22337119986
808 326 5.22337119986
809 326 5.22337119986
810 326 5.22337119986
811 326 5.22337119986
812 326 5.22337119986
813 326 5.22337119986
814 326 5.22337119986
815 326 5.22337119986
816 326 5.22337119986
817 326 5.22337119986
818 326 5.22337119986
819 326 5.22337119986
820 326 5.22337119986
821 326 5.22337119986
822 326 5.22337119986
823 326 5.22337119986
824 326 5.22337119986
825 326 5.22337119986
826 326 5.22337119986
827 326 5.22337119986
828 326 5.22337119986
829 326 5.22337119986
830 326 5.22337119986
831 326 5.22337119986
832 326 5.22337119986
833 326 5.22337119986
834 326 5.22337119986
835 326 5.22337119986
836 326 5.22337119986
837 326 5.22337119986
838 326 5.22337119986
839 326 5.22337119986
840 326 5.22337119986
841 326 5.22337119986
842 326 5.22337119986
843 326 5.22337119986
844 326 5.22337119986
845 326 5.22337119986
846 326 5.22337119986
847 326 5.22337119986
848 326 5.22337119986
849 326 5.22337119986
850 326 5.22337119986
851 326 5.22337119986
852 326 5.22337119986
853 326 5.22337119986
854 326 5.22337119986
855 326 5.22337119986
856 326 5.22337119986
857 326 5.22337119986
858 326 5.22337119986
859 326 5.22337119986
860 326 5.22337119986
861 327 4.35765268682
862 327 4.35765268682
863 327 4.35765268682
864 327 4.35765268682
865 327 4.35765268682
866 327 4.35765268682
867 327 4.35765268682
868 327 4.35765268682
869 327 4.35765268682
870 327 4.35765268682
871 327 4.35765268682
872 327 4.35765268682
873 327 4.35765268682
874 327 4.35765268682
875 327 4.35765268682
876 327 4.35765268682
877 327 4.35765268682
878 327 4.35765268682
879 327 4.35765268682
880 327 4.35765268682
881 327 4.35765268682
882 327 4.35765268682
883 327 4.35765268682
884 327 4.35765268682
885 327 4.35765268682
886 327 4.35765268682
887 327 4.35765268682
888 327 4.35765268682
889 327 4.35765268682
890 327 4.35765268682
891 327 4.35765268682
892 327 4.35765268682
893 327 4.35765268682
894 327 4.35765268682
895 327 4.35765268682
896 327 4.35765268682
897 327 4.35765268682
898 327 4.35765268682
899 327 4.35765268682
900 327 4.35765268682
901 327 4.35765268682
902 327 4.35765268682
903 327 4.35765268682
904 327 4.35765268682
905 327 4.35765268682
906 327 4.35765268682
907 327 4.35765268682
908 327 4.35765268682
909 327 4.35765268682
910 327 4.35765268682
911 327 4.35765268682
912 327 4.35765268682
913 327 4.35765268682
914 327 4.35765268682
915 327 4.35765268682
916 327 4.35765268682
917 327 4.35765268682
918 327 4.35765268682
919 327 4.35765268682
920 327 4.35765268682
921 327 4.35765268682
922 327 4.35765268682
923 327 4.35765268682
924 327 4.35765268682
925 327 4.35765268682
926 327 4.35765268682
927 327 4.35765268682
928 327 4.35765268682
929 327 4.35765268682
930 327 4.35765268682
931 327 4.35765268682
932 327 4.35765268682
933 327 4.35765268682
934 327 4.35765268682
935 327 4.35765268682
936 327 4.35765268682
937 327 4.35765268682
938 327 4.35765268682
939 327 4.35765268682
940 327 4.35765268682
941 327 4.35765268682
942 327 4.35765268682
943 327 4.35765268682
944 327 4.35765268682
945 327 4.35765268682
946 327 4.35765268682
947 327 4.35765268682
948 327 4.35765268682
949 327 4.35765268682
950 327 4.35765268682
951 327 4.35765268682
952 327 4.35765268682
953 327 4.35765268682
954 327 4.35765268682
955 327 4.35765268682
956 327 4.35765268682
957 327 4.35765268682
958 327 4.35765268682
959 327 4.35765268682
960 328 4.00421475915
961 328 4.00421475915
962 328 4.00421475915
963 328 4.00421475915
964 328 4.00421475915
965 328 4.00421475915
966 328 4.00421475915
967 328 4.00421475915
968 328 4.00421475915
969 328 4.00421475915
970 328 4.00421475915
971 328 4.00421475915
972 328 4.00421475915
973 328 4.00421475915
974 328 4.00421475915
975 328 4.00421475915
976 328 4.00421475915
977 328 4.00421475915
978 328 4.00421475915
979 328 4.00421475915
980 328 4.00421475915
981 328 4.00421475915
982 328 4.00421475915
983 328 4.00421475915
984 328 4.00421475915
985 328 4.00421475915
986 328 4.00421475915
987 328 4.00421475915
988 328 4.00421475915
989 328 4.00421475915
990 328 4.00421475915
991 328 4.00421475915
992 328 4.00421475915
993 328 4.00421475915
994 328 4.00421475915
995 328 4.00421475915
996 328 4.00421475915
997 328 4.00421475915
998 328 4.00421475915
999 328 4.00421475915
1000 328 4.00421475915
1001 328 4.00421475915
1002 328 4.00421475915
1003 328 4.00421475915
1004 328 4.00421475915
1005 328 4.00421475915
1006 328 4.00421475915
1007 328 4.00421475915
1008 328 4.00421475915
1009 328 4.00421475915
1010 328 4.00421475915
1011 328 4.00421475915
1012 328 4.00421475915
1013 328 4.00421475915
1014 328 4.00421475915
1015 328 4.00421475915
1016 328 4.00421475915
1017 328 4.00421475915
1018 328 4.00421475915
1019 328 4.00421475915
1020 328 4.00421475915
1021 328 4.00421475915
1022 328 4.00421475915
1023 328 4.00421475915
1024 328 4.00421475915
1025 328 4.00421475915
1026 328 4.00421475915
1027 328 4.00421475915
1028 328 4.00421475915
1029 328 4.00421475915
1030 328 4.00421475915
1031 328 4.00421475915
1032 328 4.00421475915
1033 328 4.00421475915
1034 328 4.00421475915
1035 328 4.00421475915
1036 328 4.00421475915
1037 328 4.00421475915
1038 328 4.00421475915
1039 328 4.00421475915
1040 328 4.00421475915
1041 328 4.00421475915
1042 328 4.00421475915
1043 328 4.00421475915
1044 328 4.00421475915
1045 328 4.00421475915
1046 328 4.00421475915
1047 328 4.00421475915
1048 328 4.00421475915
1049 328 4.00421475915
1050 328 4.00421475915
1051 328 4.00421475915
1052 328 4.00421475915
1053 328 4.00421475915
1054 328 4.00421475915
1055 328 4.00421475915
1056 328 4.00421475915
1057 328 4.00421475915
1058 328 4.00421475915
1059 329 8.38819190216
1060 329 8.38819190216
1061 329 8.38819190216
1062 329 8.38819190216
1063 329 8.38819190216
1064 329 8.38819190216
1065 329 8.38819190216
1066 329 8.38819190216
1067 329 8.38819190216
1068 329 8.38819190216
1069 329 8.38819190216
1070 329 8.38819190216
1071 329 8.38819190216
1072 329 8.38819190216
1073 329 8.38819190216
1074 329 8.38819190216
1075 329 8.38819190216
1076 329 8.38819190216
1077 329 8.38819190216
1078 329 8.38819190216
1079 329 8.38819190216
1080 329 8.38819190216
1081 329 8.38819190216
1082 329 8.38819190216
1083 329 8.38819190216
1084 329 8.38819190216
1085 329 8.38819190216
1086 329 8.38819190216
1087 329 8.38819190216
1088 329 8.38819190216
1089 329 8.38819190216
1090 329 8.38819190216
1091 329 8.38819190216
1092 329 8.38819190216
1093 329 8.38819190216
1094 329 8.38819190216
1095 329 8.38819190216
1096 329 8.38819190216
1097 329 8.38819190216
1098 329 8.38819190216
1099 329 8.38819190216
1100 329 8.38819190216
1101 329 8.38819190216
1102 329 8.38819190216
1103 329 8.38819190216
1104 329 8.38819190216
1105 329 8.38819190216
1106 329 8.38819190216
1107 329 8.38819190216
1108 329 8.38819190216
1109 329 8.38819190216
1110 329 8.38819190216
1111 329 8.38819190216
1112 329 8.38819190216
1113 329 8.38819190216
1114 329 8.38819190216
1115 329 8.38819190216
1116 329 8.38819190216
1117 329 8.38819190216
1118 329 8.38819190216
1119 329 8.38819190216
1120 329 8.38819190216
1121 329 8.38819190216
1122 329 8.38819190216
1123 329 8.38819190216
1124 329 8.38819190216
1125 329 8.38819190216
1126 329 8.38819190216
1127 329 8.38819190216
1128 329 8.38819190216
1129 329 8.38819190216
1130 329 8.38819190216
1131 329 8.38819190216
1132 329 8.38819190216
1133 329 8.38819190216
1134 329 8.38819190216
1135 329 8.38819190216
1136 329 8.38819190216
1137 329 8.38819190216
1138 329 8.38819190216
1139 329 8.38819190216
1140 329 8.38819190216
1141 329 8.38819190216
1142 329 8.38819190216
1143 329 8.38819190216
1144 329 8.38819190216
1145 329 8.38819190216
1146 329 8.38819190216
1147 329 8.38819190216
1148 329 8.38819190216
1149 329 8.38819190216
1150 329 8.38819190216
1151 329 8.38819190216
1152 329 8.38819190216
1153 329 8.38819190216
1154 329 8.38819190216
1155 329 8.38819190216
1156 330 7.57194420072
1157 330 7.57194420072
1158 330 7.57194420072
1159 330 7.57194420072
1160 330 7.57194420072
1161 330 7.57194420072
1162 330 7.57194420072
1163 330 7.57194420072
1164 330 7.57194420072
1165 330 7.57194420072
1166 330 7.57194420072
1167 330 7.57194420072
1168 330 7.57194420072
1169 330 7.57194420072
1170 330 7.57194420072
1171 330 7.57194420072
1172 330 7.57194420072
1173 330 7.57194420072
1174 330 7.57194420072
1175 330 7.57194420072
1176 330 7.57194420072
1177 330 7.57194420072
1178 330 7.57194420072
1179 330 7.57194420072
1180 330 7.57194420072
1181 330 7.57194420072
1182 330 7.57194420072
1183 330 7.57194420072
1184 330 7.57194420072
1185 330 7.57194420072
1186 330 7.57194420072
1187 330 7.57194420072
1188 330 7.57194420072
1189 330 7.57194420072
1190 330 7.57194420072
1191 330 7.57194420072
1192 330 7.57194420072
1193 330 7.57194420072
1194 330 7.57194420072
1195 330 7.57194420072
1196 330 7.57194420072
1197 330 7.57194420072
1198 330 7.57194420072
1199 330 7.57194420072
1200 330 7.57194420072
1201 330 7.57194420072
1202 330 7.57194420072
1203 330 7.57194420072
1204 330 7.57194420072
1205 330 7.57194420072
1206 330 7.57194420072
1207 330 7.57194420072
1208 330 7.57194420072
1209 330 7.57194420072
1210 330 7.57194420072
1211 330 7.57194420072
1212 330 7.57194420072
1213 330 7.57194420072
1214 330 7.57194420072
1215 330 7.57194420072
1216 330 7.57194420072
1217 330 7.57194420072
1218 331 4.98575348243
1219 331 4.98575348243
1220 331 4.98575348243
1221 331 4.98575348243
1222 331 4.98575348243
1223 331 4.98575348243
1224 331 4.98575348243
1225 331 4.98575348243
1226 331 4.98575348243
1227 331 4.98575348243
1228 331 4.98575348243
1229 331 4.98575348243
1230 331 4.98575348243
1231 331 4.98575348243
1232 331 4.98575348243
1233 331 4.98575348243
1234 331 4.98575348243
1235 331 4.98575348243
1236 331 4.98575348243
1237 331 4.98575348243
1238 331 4.98575348243
1239 331 4.98575348243
1240 331 4.98575348243
1241 331 4.98575348243
1242 331 4.98575348243
1243 331 4.98575348243
1244 331 4.98575348243
1245 331 4.98575348243
1246 331 4.98575348243
1247 331 4.98575348243
1248 331 4.98575348243
1249 331 4.98575348243
1250 331 4.98575348243
1251 331 4.98575348243
1252 331 4.98575348243
1253 331 4.98575348243
1254 331 4.98575348243
1255 331 4.98575348243
1256 331 4.98575348243
1257 331 4.98575348243
1258 331 4.98575348243
1259 331 4.98575348243
1260 331 4.98575348243
1261 331 4.98575348243
1262 331 4.98575348243
1263 331 4.98575348243
1264 331 4.98575348243
1265 331 4.98575348243
1266 331 4.98575348243
1267 331 4.98575348243
1268 331 4.98575348243
1269 331 4.98575348243
1270 331 4.98575348243
1271 331 4.98575348243
1272 331 4.98575348243
1273 331 4.98575348243
1274 331 4.98575348243
1275 331 4.98575348243
1276 331 4.98575348243
1277 331 4.98575348243
1278 331 4.98575348243
1279 331 4.98575348243
1280 332 9.0274804748
1281 333 9.18364109255
1282 334 8.39822423053
1283 335 8.17695447716
1284 336 8.00385975563
1285 337 7.59716505564
1286 338 7.04419603482
1287 339 7.21664403222
1288 340 7.18722061542
1289 341 7.81308874258
1290 342 8.34681120133
1291 343 7.95761670992
1292 344 7.33947706506
1293 345 6.89339414303
1294 346 6.11854947527
1295 347 6.03656842635
1296 348 6.52562340405
1297 349 6.27905161616
1298 350 5.585263006
1299 351 5.91259749959
1300 352 6.54231210637
1301 353 6.94940898344
1302 354 7.63537735285
1303 355 7.90399978002
1304 356 8.69876768382
1305 357 9.02123624262
1306 358 9.46685170707
1307 359 10.1238428798
1308 360 10.4484359406
1309 361 11.2368439809
1310 362 10.9931882902
1311 363 10.8349766129
1312 364 10.0237078939
1313 365 9.51516311164
1314 366 8.80809057126
1315 367 8.22716806268
1316 368 8.45095501916
1317 369 7.67335376799
1318 370 7.60690079887
1319 371 8.33360056449
1320 372 8.19220849019
1321 373 7.54890753522
1322 374 7.99123219075
1323 375 8.61692914367
1324 376 8.17153307754
1325 377 7.77336527261
1326 378 8.13778608222
1327 379 8.21097180231
1328 380 8.89296425676
1329 381 9.24940821209
1330 382 9.66853386496
1331 383 9.60636747743
1332 384 8.97946615917
1333 385 9.46718351305
1334 386 9.98872676329
1335 387 10.4734177992
1336 388 10.4308315266
1337 389 10.9190879902
1338 390 10.7121478913
1339 391 10.2389813775
1340 392 10.585508091
1341 393 10.313317193
