1 0 2.19584724145
2 1 2.25541986473
3 2 2.23833079267
4 3 2.34110336908
5 4 2.38933349113
6 5 2.31910453528
7 6 2.45408935111
8 7 2.36937202639
9 8 2.44206214432
10 9 2.31062973691
11 10 2.16615964044
12 11 2.07613913343
13 12 1.93278411336
14 13 1.87782315141
15 14 1.92270454705
16 15 1.88163610958
17 16 1.92177292529
18 17 1.98486975044
19 18 1.94974804526
20 19 2.03914766529
21 20 1.99638277947
22 21 2.14858791768
23 22 2.1491097824
24 23 2.08037201367
25 24 2.07644369684
26 25 2.0842890857
27 26 2.0712051703
28 27 2.12196149044
29 28 2.16337204884
30 29 2.31141709517
31 30 2.24107176594
32 31 2.27997001438
33 32 2.20849162767
34 33 2.27789861714
35 34 2.26114098741
36 35 2.29403510323
37 36 2.34554234972
38 37 2.31830831271
39 38 2.47280843292
40 39 2.47200868442
41 40 2.59434578615
42 41 2.55534093007
43 42 2.38392669147
44 43 2.39731946954
45 44 2.34078138793
46 45 2.46748516535
47 46 2.46759323139
48 47 2.48062690538
49 48 2.48251508967
50 49 2.44338335937
51 50 2.43620590785
52 51 2.38826299268
53 52 2.24661026736
54 53 2.17705414708
55 54 2.22991996636
56 55 2.14656370433
57 56 2.08774679458
58 57 2.01226582087
59 58 1.88458614507
60 59 1.81132923608
61 60 1.86297262556
62 61 1.83643936908
63 62 1.91467090235
64 63 1.90373480824
65 64 1.9295796523
66 65 2.07862689159
67 66 2.10097783151
68 67 2.09247163077
69 68 2.19657755493
70 69 2.1952007892
71 70 2.08320898262
72 71 2.0163932523
73 72 1.91963315504
74 73 1.9199866509
75 74 1.84555008612
76 75 1.92175086648
77 76 1.92369708251
78 77 1.98710369724
79 78 1.84946656887
80 79 1.87713585069
81 80 1.86103815715
82 81 1.98393151684
83 82 2.01793953351
84 83 2.15650299062
85 84 2.24480947675
86 85 2.36388810498
87 86 2.52149112296
88 87 2.60559719319
89 88 2.75596288653
90 89 2.75156387153
91 90 2.80214569743
92 91 2.6748040794
93 92 2.67029090111
94 93 2.74562308363
95 94 2.60947618265
96 95 2.61011175239
97 96 2.53625617801
98 97 2.38501224249
99 98 2.37278167411
100 99 2.24219317276
101 100 2.16962941944
102 101 2.06209498781
103 102 1.98060038599
104 103 1.83708526809
105 104 1.82383353365
106 105 1.69196822151
107 106 1.67659633844
108 107 1.70852630076
109 108 1.72890613909
110 109 1.79315608189
111 110 1.73053692006
112 111 1.69859921082
113 112 1.65201332567
114 113 1.67349170238
115 114 1.64878389202
116 115 1.70397285258
117 116 1.64179189003
118 117 1.67754750292
119 118 1.80452651068
120 119 1.78660282212
121 120 1.72511540237
122 121 1.82425341229
123 122 1.83648925252
124 123 1.70902429119
125 124 1.65799051215
126 125 1.57571171492
127 126 1.59375792683
128 127 1.552197147
129 128 1.6180021509
130 129 1.6423285079
131 130 1.5770977993
132 131 1.49382087577
133 132 1.46342025986
134 133 1.45993058931
135 134 1.51323961197
136 135 1.5487762319
137 136 1.65889638146
138 137 1.73412200449
139 138 1.87348317607
140 139 1.872990871
141 140 2.0229918463
142 141 2.06874283956
143 142 2.21099354634
144 143 2.15696012101
145 144 2.10339280326
146 145 2.07540242438
147 146 1.98285718208
148 147 1.85908519014
149 148 1.74703354985
150 149 1.62818390221
151 150 1.56176190929
152 151 1.46634201836
153 152 1.42791387323
154 153 1.36956909304
155 154 1.37131539517
156 155 1.3717558229
157 156 1.41741340201
158 157 1.42428001269
159 158 1.51682474288
160 159 1.5859406995
161 160 1.70230755867
162 161 1.80038118217
163 162 1.89143820969
164 163 1.83614792872
165 164 1.88462147043
166 165 1.78182023097
167 166 1.68734028719
168 167 1.61400356522
169 168 1.54046198215
170 169 1.5123011278
171 170 1.48730038965
172 171 1.47895935186
173 172 1.48257072605
174 173 1.46379988493
175 174 1.558317812
176 175 1.56283216449
177 176 1.66515821186
178 177 1.65114296575
179 178 1.54409650628
180 179 1.51055763442
181 180 1.49276781913
182 181 1.41454382003
183 182 1.40248261277
184 183 1.36959588257
185 184 1.38956454103
186 185 1.4142193958
187 186 1.45630003961
188 187 1.51306405043
189 188 1.47117380875
190 189 1.39332624733
191 190 1.3521524193
192 191 1.31714059829
193 192 1.31586139973
194 193 1.33394991633
195 194 1.36908108502
196 195 1.42256999217
197 196 1.42449021272
198 197 1.50456375778
199 198 1.466532135
200 199 1.4820617405
201 200 1.40095253436
202 201 1.36381884156
203 202 1.31920706394
204 203 1.29901331673
205 204 1.30918640375
206 205 1.29541286032
207 206 1.29956056908
208 207 1.30729992808
209 208 1.33966862671
210 209 1.38361697415
211 210 1.42248962958
212 211 1.51340111939
213 212 1.56116413994
214 213 1.56145757946
215 214 1.49402162127
216 215 1.56954746828
217 216 1.51813392163
218 217 1.44270869569
219 218 1.45255722454
220 219 1.42303654347
221 220 1.45090069937
222 221 1.52593667013
223 222 1.49755058321
224 223 1.59345294576
225 224 1.59578466671
226 225 1.50133787036
227 226 1.49779158745
228 227 1.40928610605
229 228 1.37892875473
230 229 1.34923340278
231 230 1.35238323841
232 231 1.36800590454
233 232 1.40001898863
234 233 1.47135824486
235 234 1.49606321207
236 235 1.5992021013
237 236 1.57730753204
238 237 1.56376804509
239 238 1.46109325629
240 239 1.40983949647
241 240 1.34740490436
242 241 1.31816210019
243 242 1.29906063506
244 243 1.31013471313
245 244 1.32483522838
246 245 1.37363987113
247 246 1.41530941612
248 247 1.48431235293
249 248 2.4761046121
250 248 2.4761046121
251 248 2.4761046121
252 248 2.4761046121
253 248 2.4761046121
254 248 2.4761046121
255 248 2.4761046121
256 248 2.4761046121
257 248 2.4761046121
258 248 2.4761046121
259 248 2.4761046121
260 248 2.4761046121
261 248 2.4761046121
262 248 2.4761046121
263 248 2.4761046121
264 248 2.4761046121
265 248 2.4761046121
266 248 2.4761046121
267 248 2.4761046121
268 248 2.4761046121
269 248 2.4761046121
270 248 2.4761046121
271 248 2.4761046121
272 248 2.4761046121
273 248 2.4761046121
274 248 2.4761046121
275 248 2.4761046121
276 248 2.4761046121
277 248 2.4761046121
278 248 2.4761046121
279 248 2.4761046121
280 248 2.4761046121
281 248 2.4761046121
282 248 2.4761046121
283 248 2.4761046121
284 248 2.4761046121
285 248 2.4761046121
286 248 2.4761046121
287 248 2.4761046121
288 249 1.36793116682
289 250 1.36859149328
290 251 1.35684455575
291 252 1.40159647948
292 253 1.35224027011
293 254 1.3431569866
294 255 1.30781030952
295 256 1.30644503527
296 257 1.29851471537
297 258 1.2935748381
298 259 1.30773956842
299 260 1.35091412947
300 261 1.39887575749
301 262 1.48422570212
302 263 1.50728956312
303 264 1.58810342327
304 265 1.64597286641
305 266 1.69226975857
306 267 1.65106133572
307 268 1.58249821678
308 269 1.64479944188
309 270 1.61236107973
310 271 1.51973203614
311 272 1.55005999116
312 273 1.53206411974
313 274 1.59343743386
314 275 1.67062005344
315 276 1.61388052168
316 277 1.50948154411
317 278 1.49978287834
318 279 1.49407900828
319 280 1.4649992819
320 281 1.52692185061
321 282 1.53646831741
322 283 1.63875683113
323 284 1.68525862668
324 285 1.78526089194
325 286 1.77460856453
326 287 1.82833024557
327 288 1.72426418238
328 289 1.65581093533
329 290 1.54613759847
330 291 1.50832595499
331 292 1.41904864102
332 293 1.39921209057
333 294 1.3523251532
334 295 1.33087495958
335 296 1.36119588595
336 297 1.33224420541
337 298 1.32239820214
338 299 1.29741234219
339 300 1.31908656344
340 301 1.34168687996
341 302 1.4046249578
342 303 1.44471625538
343 304 1.52861995185
344 305 1.59892192646
345 306 1.71609962233
346 307 1.81593957561
347 308 4.80179155528
348 308 4.80179155528
349 308 4.80179155528
