1 0 11.9881325985
2 0 11.9881325985
3 0 11.9881325985
4 0 11.9881325985
5 0 11.9881325985
6 0 11.9881325985
7 0 11.9881325985
8 0 11.9881325985
9 1 3.15841598164
10 2 3.16654945332
11 3 3.1640499747
12 4 3.16588339294
13 5 3.1686951839
14 6 3.17596335879
15 7 3.16262383999
16 8 3.15316882971
17 9 3.15407529146
18 10 3.16074187707
19 11 3.16548500362
20 12 3.17493945395
21 13 3.19121994522
22 14 3.2027910833
23 15 3.23550400273
24 16 3.24117167828
25 17 3.22819494306
26 18 3.20353443341
27 19 3.17961259995
28 20 3.16834055588
29 21 3.15703723094
30 22 3.15404274313
31 23 3.15256640077
32 24 3.15389236661
33 25 3.15597372659
34 26 3.16391382179
35 27 3.16094754273
36 28 3.17294690185
37 29 3.19300052655
38 30 3.21062812289
39 31 3.22991357271
40 32 3.21725847962
41 33 3.193985377
42 34 3.18178320334
43 35 3.18061487433
44 36 3.20726905763
45 37 3.21482960386
46 38 3.19474019747
47 39 3.20746713464
48 40 3.24080456493
49 41 3.23769934785
50 42 3.22573041549
51 43 3.25949750797
52 44 3.29549040776
53 45 3.34002207294
54 46 3.32760537564
55 47 3.33754916295
56 48 3.33451657615
57 49 3.31370273581
58 50 3.27492681039
59 51 3.26296397946
60 52 3.23792800059
61 53 3.22741276913
62 54 3.20807077851
63 55 3.19829684918
64 56 3.19375777489
65 57 3.18334082944
66 58 3.17373450043
67 59 3.17031106902
68 60 3.16630627322
69 61 3.17807011351
70 62 3.17229604551
71 63 3.18631163042
72 64 3.19098899235
73 65 3.20585460625
74 66 3.21745675062
75 67 3.23944714176
76 68 3.26370335427
77 69 3.28559703322
78 70 3.32538515267
79 71 3.34498246926
80 72 3.33229291843
81 73 3.35874223507
82 74 3.3649798905
83 75 3.33569417153
84 76 3.29962578482
85 77 3.28396267868
86 78 3.27297067759
87 79 3.28450240724
88 80 3.25689380068
89 81 3.22606035782
90 82 3.220379705
91 83 3.19777238827
92 84 3.187126849
93 85 3.17501506284
94 86 3.16742742787
95 87 3.16368912856
96 88 3.16448110822
97 89 3.17902488392
98 90 3.20082216925
99 91 3.21768956633
100 92 3.23728500577
101 93 3.26477248771
102 94 3.24145722802
103 95 3.21698350722
104 96 3.24530367012
105 97 3.26155213358
106 98 3.22859275724
107 99 3.21853659887
108 100 3.24867714981
109 101 3.24231670027
110 102 3.20760955033
111 103 3.21866659722
112 104 3.24141450434
113 105 3.21623722232
114 106 3.19815551497
115 107 3.225105019
116 108 3.22695336661
117 109 3.19461583584
118 110 3.19726970769
119 111 3.17604977839
120 112 3.18877077438
121 113 3.20802836861
122 114 3.18825641044
123 115 3.17674274587
124 116 3.1989129312
125 117 3.20272254397
126 118 3.17823563099
127 119 3.18442295959
128 120 2.06103609428
129 120 2.06103609428
130 120 2.06103609428
131 120 2.06103609428
132 120 2.06103609428
133 120 2.06103609428
134 120 2.06103609428
135 120 2.06103609428
136 120 2.06103609428
137 120 2.06103609428
138 120 2.06103609428
139 120 2.06103609428
140 120 2.06103609428
141 120 2.06103609428
142 120 2.06103609428
143 120 2.06103609428
144 120 2.06103609428
145 120 2.06103609428
146 120 2.06103609428
147 120 2.06103609428
148 120 2.06103609428
149 120 2.06103609428
150 120 2.06103609428
151 120 2.06103609428
152 120 2.06103609428
153 120 2.06103609428
154 120 2.06103609428
155 120 2.06103609428
156 120 2.06103609428
157 120 2.06103609428
158 120 2.06103609428
159 120 2.06103609428
160 120 2.06103609428
161 120 2.06103609428
162 120 2.06103609428
163 120 2.06103609428
164 120 2.06103609428
165 120 2.06103609428
166 120 2.06103609428
167 120 2.06103609428
168 120 2.06103609428
169 120 2.06103609428
170 120 2.06103609428
171 120 2.06103609428
172 120 2.06103609428
173 120 2.06103609428
174 120 2.06103609428
175 120 2.06103609428
176 120 2.06103609428
177 120 2.06103609428
178 120 2.06103609428
179 120 2.06103609428
180 120 2.06103609428
181 120 2.06103609428
182 120 2.06103609428
183 120 2.06103609428
184 120 2.06103609428
185 120 2.06103609428
186 120 2.06103609428
187 120 2.06103609428
188 120 2.06103609428
189 120 2.06103609428
190 120 2.06103609428
191 120 2.06103609428
192 120 2.06103609428
193 121 6.56135777457
194 121 6.56135777457
195 121 6.56135777457
196 121 6.56135777457
197 121 6.56135777457
198 121 6.56135777457
199 121 6.56135777457
200 121 6.56135777457
201 121 6.56135777457
202 121 6.56135777457
203 121 6.56135777457
204 121 6.56135777457
205 121 6.56135777457
206 121 6.56135777457
207 121 6.56135777457
208 121 6.56135777457
209 121 6.56135777457
210 121 6.56135777457
211 121 6.56135777457
212 121 6.56135777457
213 121 6.56135777457
214 121 6.56135777457
215 121 6.56135777457
216 121 6.56135777457
217 121 6.56135777457
218 121 6.56135777457
219 121 6.56135777457
220 121 6.56135777457
221 121 6.56135777457
222 121 6.56135777457
223 121 6.56135777457
224 121 6.56135777457
225 121 6.56135777457
226 121 6.56135777457
227 121 6.56135777457
228 121 6.56135777457
229 121 6.56135777457
230 121 6.56135777457
231 121 6.56135777457
232 121 6.56135777457
233 121 6.56135777457
234 121 6.56135777457
235 121 6.56135777457
236 121 6.56135777457
237 121 6.56135777457
238 121 6.56135777457
239 121 6.56135777457
240 121 6.56135777457
241 121 6.56135777457
242 121 6.56135777457
243 121 6.56135777457
244 121 6.56135777457
245 121 6.56135777457
246 121 6.56135777457
247 121 6.56135777457
248 121 6.56135777457
249 121 6.56135777457
250 121 6.56135777457
251 121 6.56135777457
252 121 6.56135777457
253 121 6.56135777457
254 121 6.56135777457
255 121 6.56135777457
256 121 6.56135777457
257 122 5.66563200479
258 123 5.58454003794
259 124 5.55156356124
260 125 5.48697598203
261 126 5.48321182655
262 127 5.47608676117
263 128 5.54415197952
264 129 5.58132827919
265 130 5.54523774004
266 131 5.566040689
267 132 5.64568207553
268 133 5.65811106098
269 134 5.6048255822
270 135 5.66366191181
271 136 5.70711878442
272 137 5.77026328102
273 138 5.71400432403
274 139 5.63496337989
275 140 5.58313712577
276 141 5.5077713539
277 142 5.48865495744
278 143 5.52823589062
279 144 5.50559926717
280 145 5.43328898355
281 146 5.43741139883
282 147 5.43250706322
283 148 5.36913725942
284 149 5.35464412372
285 150 5.3702818792
286 151 5.34885187171
287 152 5.39417507785
288 153 5.37926128537
289 154 5.39752989411
290 155 5.45430077938
291 156 5.48295548175
292 157 5.47525139192
293 158 5.51091749877
294 159 5.56964213417
295 160 5.57821607213
296 161 5.58415420988
297 162 5.63913363919
298 163 5.6846281634
299 164 5.68339075747
300 165 5.7176735514
301 166 5.77434527004
302 167 5.74985632169
303 168 5.73338698593
304 169 5.77233636205
305 170 5.72771563771
306 171 5.77903622168
307 172 5.81026983252
308 173 5.84148843324
309 174 5.81560586388
310 175 5.73571262187
311 176 5.72599555565
312 177 5.66573798314
313 178 5.62009825953
314 179 5.66828232681
315 180 5.69538355589
316 181 5.76074703607
317 182 5.7755085414
318 183 5.84440091284
319 184 5.90979769248
320 185 5.87179281178
321 186 5.78917297812
322 187 5.82612546842
323 188 5.87402197624
324 189 5.80123166088
325 190 5.75336047199
326 191 5.78629748944
327 192 5.83060930797
328 193 8.24961241666
329 193 8.24961241666
330 193 8.24961241666
331 193 8.24961241666
332 193 8.24961241666
333 193 8.24961241666
334 193 8.24961241666
335 193 8.24961241666
336 193 8.24961241666
337 193 8.24961241666
338 193 8.24961241666
339 193 8.24961241666
340 193 8.24961241666
341 193 8.24961241666
342 193 8.24961241666
343 193 8.24961241666
344 193 8.24961241666
345 193 8.24961241666
346 193 8.24961241666
347 193 8.24961241666
348 193 8.24961241666
349 193 8.24961241666
350 193 8.24961241666
351 193 8.24961241666
352 193 8.24961241666
353 193 8.24961241666
354 193 8.24961241666
355 193 8.24961241666
356 194 9.38669016829
357 194 9.38669016829
358 194 9.38669016829
359 194 9.38669016829
360 194 9.38669016829
361 194 9.38669016829
362 194 9.38669016829
363 194 9.38669016829
364 194 9.38669016829
365 194 9.38669016829
366 194 9.38669016829
367 194 9.38669016829
368 194 9.38669016829
369 194 9.38669016829
370 194 9.38669016829
371 194 9.38669016829
372 194 9.38669016829
373 194 9.38669016829
374 194 9.38669016829
375 194 9.38669016829
376 194 9.38669016829
377 194 9.38669016829
378 194 9.38669016829
379 194 9.38669016829
380 194 9.38669016829
381 194 9.38669016829
382 194 9.38669016829
383 194 9.38669016829
384 194 9.38669016829
385 194 9.38669016829
386 194 9.38669016829
387 194 9.38669016829
388 194 9.38669016829
389 194 9.38669016829
390 194 9.38669016829
391 194 9.38669016829
392 194 9.38669016829
393 194 9.38669016829
394 194 9.38669016829
395 194 9.38669016829
396 194 9.38669016829
397 194 9.38669016829
398 194 9.38669016829
399 194 9.38669016829
400 194 9.38669016829
401 194 9.38669016829
402 194 9.38669016829
403 194 9.38669016829
404 194 9.38669016829
405 194 9.38669016829
406 194 9.38669016829
407 194 9.38669016829
408 194 9.38669016829
409 194 9.38669016829
410 194 9.38669016829
411 194 9.38669016829
412 194 9.38669016829
413 194 9.38669016829
414 194 9.38669016829
415 194 9.38669016829
416 194 9.38669016829
417 194 9.38669016829
418 194 9.38669016829
419 194 9.38669016829
420 194 9.38669016829
421 194 9.38669016829
422 194 9.38669016829
423 194 9.38669016829
424 194 9.38669016829
425 194 9.38669016829
426 194 9.38669016829
427 194 9.38669016829
428 194 9.38669016829
429 194 9.38669016829
430 194 9.38669016829
431 195 3.46222328021
432 195 3.46222328021
433 195 3.46222328021
434 195 3.46222328021
435 195 3.46222328021
436 195 3.46222328021
437 195 3.46222328021
438 195 3.46222328021
439 195 3.46222328021
440 195 3.46222328021
441 195 3.46222328021
442 195 3.46222328021
443 195 3.46222328021
444 195 3.46222328021
445 195 3.46222328021
446 195 3.46222328021
447 195 3.46222328021
448 195 3.46222328021
449 195 3.46222328021
450 195 3.46222328021
451 195 3.46222328021
452 195 3.46222328021
453 195 3.46222328021
454 195 3.46222328021
455 195 3.46222328021
456 195 3.46222328021
457 195 3.46222328021
458 195 3.46222328021
459 195 3.46222328021
460 195 3.46222328021
461 195 3.46222328021
462 195 3.46222328021
463 195 3.46222328021
464 195 3.46222328021
465 195 3.46222328021
466 195 3.46222328021
467 195 3.46222328021
468 195 3.46222328021
469 195 3.46222328021
470 195 3.46222328021
471 195 3.46222328021
472 195 3.46222328021
473 195 3.46222328021
474 195 3.46222328021
475 195 3.46222328021
476 195 3.46222328021
477 195 3.46222328021
478 195 3.46222328021
479 195 3.46222328021
480 195 3.46222328021
481 195 3.46222328021
482 195 3.46222328021
483 195 3.46222328021
484 195 3.46222328021
485 195 3.46222328021
486 195 3.46222328021
487 195 3.46222328021
488 195 3.46222328021
489 195 3.46222328021
490 195 3.46222328021
491 195 3.46222328021
492 195 3.46222328021
493 195 3.46222328021
494 196 3.81132059815
495 196 3.81132059815
496 196 3.81132059815
497 196 3.81132059815
498 196 3.81132059815
499 196 3.81132059815
500 196 3.81132059815
501 196 3.81132059815
502 196 3.81132059815
503 196 3.81132059815
504 196 3.81132059815
505 196 3.81132059815
506 196 3.81132059815
507 196 3.81132059815
508 196 3.81132059815
509 196 3.81132059815
510 196 3.81132059815
511 196 3.81132059815
512 196 3.81132059815
513 196 3.81132059815
514 196 3.81132059815
515 196 3.81132059815
516 196 3.81132059815
517 196 3.81132059815
518 196 3.81132059815
519 196 3.81132059815
520 196 3.81132059815
521 196 3.81132059815
522 196 3.81132059815
523 196 3.81132059815
524 196 3.81132059815
525 196 3.81132059815
526 196 3.81132059815
527 196 3.81132059815
528 196 3.81132059815
529 196 3.81132059815
530 196 3.81132059815
531 196 3.81132059815
532 196 3.81132059815
533 196 3.81132059815
534 196 3.81132059815
535 196 3.81132059815
536 196 3.81132059815
537 196 3.81132059815
538 196 3.81132059815
539 196 3.81132059815
540 196 3.81132059815
541 196 3.81132059815
542 196 3.81132059815
543 196 3.81132059815
544 196 3.81132059815
545 196 3.81132059815
546 196 3.81132059815
547 196 3.81132059815
548 196 3.81132059815
549 196 3.81132059815
550 196 3.81132059815
551 196 3.81132059815
552 196 3.81132059815
553 196 3.81132059815
554 196 3.81132059815
555 196 3.81132059815
556 196 3.81132059815
557 196 3.81132059815
558 196 3.81132059815
559 196 3.81132059815
560 196 3.81132059815
561 196 3.81132059815
562 196 3.81132059815
563 197 4.3493648672
564 198 3.83186832416
565 199 3.89496477259
566 200 4.3108635886
567 201 4.67375456455
568 202 4.66084127364
569 203 4.94199920446
570 204 5.43096747673
571 205 5.16998756188
572 206 4.74887293166
573 207 5.1294028412
574 208 5.47456298137
575 209 5.0967415824
576 210 5.00039301362
577 211 5.58220147779
578 212 5.66039558716
579 213 5.22356913386
580 214 5.45164623352
581 215 5.97281789966
582 216 5.67862156826
583 217 5.49211617438
584 218 4.96708294725
585 219 4.55159844915
586 220 4.189180406
587 221 3.80007618847
588 222 4.04999546747
589 223 4.16439277195
590 224 3.68424659891
591 225 3.51256292534
592 226 3.85996351709
593 227 3.8815980558
594 228 3.4107050842
595 229 3.59037115718
596 230 3.43833606137
597 231 3.64667103484
598 232 3.72506120694
599 233 4.06411527331
600 234 4.27637394579
601 235 4.36603011037
602 236 4.57251821417
603 237 4.92356481605
604 238 5.14399797969
605 239 5.24978193022
606 240 5.51941101116
607 241 5.70017036177
608 242 6.10582781734
609 243 5.71314700914
610 244 5.52730361056
611 245 11.7885843683
612 245 11.7885843683
613 245 11.7885843683
614 245 11.7885843683
615 245 11.7885843683
