1 0 0.0
2 0 0.0
3 0 0.0
4 0 0.0
5 0 0.0
6 0 0.0
7 0 0.0
8 0 0.0
9 0 0.0
10 0 0.0
11 0 0.0
12 0 0.0
13 0 0.0
14 0 0.0
15 0 0.0
16 0 0.0
17 0 0.0
18 0 0.0
19 0 0.0
20 0 0.0
21 0 0.0
22 0 0.0
23 0 0.0
24 0 0.0
25 0 0.0
26 0 0.0
27 0 0.0
28 0 0.0
29 0 0.0
30 0 0.0
31 0 0.0
32 0 0.0
33 0 0.0
34 0 0.0
35 0 0.0
36 0 0.0
37 0 0.0
38 0 0.0
39 0 0.0
40 0 0.0
41 0 0.0
42 0 0.0
43 0 0.0
44 0 0.0
45 0 0.0
46 0 0.0
47 0 0.0
48 0 0.0
49 0 0.0
50 0 0.0
51 1 0.0
52 1 0.0
53 1 0.0
54 1 0.0
55 1 0.0
56 1 0.0
57 1 0.0
58 1 0.0
59 1 0.0
60 1 0.0
61 1 0.0
62 1 0.0
63 1 0.0
64 1 0.0
65 1 0.0
66 1 0.0
67 1 0.0
68 1 0.0
69 1 0.0
70 1 0.0
71 1 0.0
72 1 0.0
73 1 0.0
74 1 0.0
75 1 0.0
76 1 0.0
77 1 0.0
78 1 0.0
79 1 0.0
80 1 0.0
81 1 0.0
82 1 0.0
83 1 0.0
84 1 0.0
85 1 0.0
86 1 0.0
87 1 0.0
88 1 0.0
89 1 0.0
90 1 0.0
91 1 0.0
92 1 0.0
93 1 0.0
94 1 0.0
95 1 0.0
96 1 0.0
97 1 0.0
98 1 0.0
99 1 0.0
100 1 0.0
101 2 0.0
102 3 0.0
103 4 0.0
104 5 0.0
105 6 0.0
106 7 0.0
107 8 0.0
108 9 0.0
109 10 0.0
110 11 0.0
111 12 0.0
112 13 0.0
113 14 0.0
114 15 0.0
115 16 0.0
116 17 0.0
117 18 0.0
118 19 0.0
119 20 0.0
120 21 0.0
121 22 0.0
122 23 0.0
123 24 0.0
124 25 0.0
125 26 0.0
126 27 0.0
127 28 0.0
128 29 0.0
129 30 0.0
130 31 0.0
131 32 0.0
132 33 0.0
133 34 0.0
134 35 0.0
135 36 0.0
136 37 0.0
137 38 0.0
138 39 0.0
139 40 0.0
140 41 0.0
141 42 0.0
142 43 0.0
143 44 0.0
144 45 0.0
145 46 0.0
146 47 0.0
147 48 0.0
148 49 0.0
149 50 0.0
150 51 0.0
151 52 0.0
152 53 0.0
153 54 0.0
154 55 0.0
155 56 0.0
156 57 0.0
157 58 0.0
158 59 0.0
159 60 0.0
160 61 0.0
161 62 0.0
162 63 0.0
163 64 0.0
164 65 0.0
165 66 0.0
166 67 0.0
167 68 0.0
168 69 0.0
169 70 0.0
170 71 0.0
171 72 0.0
172 73 0.0
173 74 0.0
174 75 0.0
175 76 0.0
176 77 0.0
177 78 0.0
178 79 0.0
179 80 0.0
180 81 0.0
181 82 0.0
182 83 0.0
183 84 0.0
184 85 0.0
185 86 0.0
186 87 0.0
187 88 0.0
188 89 0.0
189 90 0.0
190 91 0.0
191 92 0.0
192 93 0.0
193 94 0.0
194 95 0.0
195 96 0.0
196 97 0.0
197 98 0.0
198 99 0.0
199 100 0.0
200 101 0.0
201 102 0.0
202 103 0.0
203 104 0.0
204 105 0.0
205 106 0.0
206 107 0.0
207 108 0.0
208 109 0.0
209 110 0.0
210 111 0.0
211 112 0.0
212 113 0.0
213 114 0.0
214 115 0.0
215 116 0.0
216 117 0.0
217 118 0.0
218 119 0.0
219 120 0.0
220 121 0.0
221 122 0.0
222 123 0.0
223 124 0.0
224 125 0.0
225 126 0.0
226 127 0.0
227 128 0.0
228 129 0.0
229 130 0.0
230 131 0.0
231 132 0.0
232 133 0.0
233 134 0.0
234 135 0.0
235 136 0.0
236 137 0.0
237 138 0.0
238 139 0.0
239 140 0.0
240 141 0.0
241 142 0.0
242 143 0.0
243 144 0.0
244 145 0.0
245 146 0.0
246 147 0.0
247 148 0.0
248 149 0.0
249 150 0.0
250 151 0.0
251 152 0.0
252 153 0.0
253 154 0.0
254 155 0.0
255 156 0.0
256 157 0.0
257 158 0.0
258 159 0.0
259 160 0.0
260 161 0.0
261 162 0.0
262 163 0.0
263 164 0.0
264 165 0.0
265 166 0.0
266 167 0.0
267 168 0.0
268 169 0.0
269 170 0.0
270 171 0.0
271 172 0.0
272 173 0.0
273 174 0.0
274 175 0.0
275 176 0.0
276 177 0.0
277 177 0.0
278 177 0.0
279 178 0.0
280 179 0.0
281 180 0.0
282 181 0.0
283 182 0.0
284 183 0.0
285 184 0.0
286 185 0.0
287 186 0.0
288 187 0.0
289 188 0.0
290 189 0.0
291 190 0.0
292 191 0.0
293 192 0.0
294 193 0.0
295 194 0.0
296 195 0.0
297 196 0.0
298 197 0.0
299 198 0.0
300 199 0.0
301 200 0.0
302 201 0.0
303 202 0.0
304 203 0.0
305 204 0.0
306 205 0.0
307 206 0.0
308 207 0.0
309 208 0.0
310 209 0.0
311 210 0.0
312 211 0.0
313 212 0.0
314 213 0.0
315 214 0.0
316 215 0.0
317 216 0.0
318 217 0.0
319 218 0.0
320 219 0.0
321 220 0.0
322 221 0.0
323 222 0.0
324 223 0.0
325 224 0.0
326 225 0.0
327 226 0.0
328 227 0.0
329 228 0.0
330 229 0.0
331 230 0.0
332 231 0.0
333 231 0.0
334 231 0.0
335 231 0.0
336 231 0.0
337 231 0.0
338 231 0.0
339 231 0.0
340 231 0.0
341 231 0.0
342 231 0.0
343 231 0.0
344 232 0.0
345 233 0.0
346 234 0.0
347 235 0.0
348 236 0.0
349 237 0.0
350 238 0.0
351 239 0.0
352 240 0.0
353 241 0.0
354 242 0.0
355 243 0.0
356 244 0.0
357 245 0.0
358 246 0.0
359 247 0.0
360 248 0.0
361 249 0.0
362 250 0.0
363 251 0.0
364 252 0.0
365 253 0.0
366 254 0.0
367 255 0.0
368 256 0.0
369 257 0.0
370 258 0.0
371 259 0.0
372 260 0.0
373 261 0.0
374 262 0.0
375 263 0.0
376 264 0.0
377 265 0.0
378 265 0.0
379 265 0.0
380 265 0.0
381 265 0.0
382 265 0.0
383 265 0.0
384 265 0.0
385 265 0.0
386 265 0.0
387 265 0.0
388 265 0.0
389 265 0.0
390 265 0.0
391 265 0.0
392 265 0.0
393 265 0.0
394 265 0.0
395 265 0.0
396 265 0.0
397 265 0.0
398 265 0.0
399 265 0.0
400 266 0.0
401 267 0.0
402 268 0.0
403 269 0.0
404 270 0.0
405 271 0.0
406 272 0.0
407 273 0.0
408 274 0.0
409 275 0.0
410 276 0.0
411 277 0.0
412 278 0.0
413 279 0.0
414 280 0.0
415 281 0.0
416 282 0.0
417 283 0.0
418 284 0.0
419 285 0.0
420 286 0.0
421 287 0.0
422 288 0.0
423 289 0.0
424 290 0.0
425 291 0.0
426 292 0.0
427 293 0.0
428 294 0.0
429 295 0.0
430 296 0.0
431 297 0.0
432 298 0.0
433 299 0.0
434 300 0.0
435 301 0.0
436 302 0.0
437 303 0.0
438 304 0.0
439 305 0.0
440 306 0.0
441 307 0.0
442 308 0.0
443 309 0.0
444 310 0.0
445 311 0.0
446 312 0.0
447 313 0.0
448 314 0.0
449 315 0.0
450 316 0.0
451 317 0.0
452 318 0.0
453 319 0.0
454 320 0.0
455 321 0.0
456 322 0.0
457 323 0.0
458 324 0.0
459 325 0.0
460 326 0.0
461 327 0.0
462 328 0.0
463 329 0.0
464 330 0.0
465 331 0.0
466 332 0.0
467 333 0.0
468 334 0.0
469 335 0.0
470 336 0.0
471 337 0.0
472 338 0.0
473 339 0.0
474 340 0.0
475 340 0.0
476 340 0.0
477 340 0.0
478 340 0.0
479 340 0.0
480 340 0.0
481 340 0.0
482 340 0.0
483 340 0.0
484 340 0.0
485 340 0.0
486 340 0.0
487 340 0.0
488 340 0.0
489 340 0.0
490 340 0.0
491 340 0.0
492 340 0.0
493 340 0.0
494 340 0.0
495 340 0.0
496 340 0.0
497 340 0.0
498 340 0.0
499 340 0.0
500 340 0.0
501 340 0.0
502 340 0.0
503 340 0.0
504 340 0.0
505 340 0.0
506 340 0.0
507 340 0.0
508 340 0.0
509 340 0.0
510 340 0.0
511 340 0.0
512 340 0.0
513 340 0.0
514 340 0.0
515 340 0.0
516 340 0.0
517 340 0.0
518 340 0.0
519 340 0.0
520 340 0.0
521 340 0.0
522 340 0.0
523 340 0.0
524 340 0.0
525 340 0.0
526 340 0.0
527 341 0.0
528 341 0.0
529 341 0.0
530 341 0.0
531 341 0.0
532 341 0.0
533 341 0.0
534 341 0.0
535 341 0.0
536 341 0.0
537 341 0.0
538 341 0.0
539 341 0.0
540 341 0.0
541 341 0.0
542 341 0.0
543 341 0.0
544 341 0.0
545 341 0.0
546 341 0.0
547 341 0.0
548 341 0.0
549 341 0.0
550 341 0.0
551 341 0.0
552 341 0.0
553 341 0.0
554 341 0.0
555 341 0.0
556 341 0.0
557 341 0.0
558 341 0.0
559 341 0.0
560 341 0.0
561 341 0.0
562 341 0.0
563 341 0.0
564 341 0.0
565 341 0.0
566 341 0.0
567 341 0.0
568 341 0.0
569 341 0.0
570 341 0.0
571 341 0.0
572 341 0.0
573 341 0.0
574 341 0.0
575 341 0.0
576 341 0.0
577 341 0.0
578 341 0.0
579 341 0.0
580 341 0.0
581 341 0.0
582 341 0.0
583 341 0.0
584 341 0.0
585 341 0.0
586 341 0.0
587 341 0.0
588 341 0.0
589 341 0.0
590 341 0.0
591 341 0.0
592 341 0.0
593 341 0.0
594 341 0.0
595 341 0.0
596 341 0.0
597 341 0.0
598 341 0.0
599 341 0.0
600 341 0.0
601 341 0.0
602 341 0.0
603 341 0.0
604 341 0.0
605 341 0.0
606 341 0.0
607 341 0.0
608 341 0.0
609 341 0.0
610 342 0.0
611 342 0.0
612 342 0.0
613 342 0.0
614 342 0.0
615 342 0.0
616 342 0.0
617 342 0.0
618 342 0.0
619 342 0.0
620 342 0.0
621 342 0.0
622 342 0.0
623 342 0.0
624 342 0.0
625 342 0.0
626 342 0.0
627 342 0.0
628 342 0.0
629 342 0.0
630 342 0.0
631 342 0.0
632 342 0.0
633 342 0.0
634 342 0.0
635 342 0.0
636 342 0.0
637 342 0.0
638 342 0.0
639 342 0.0
640 342 0.0
641 342 0.0
642 342 0.0
643 342 0.0
644 342 0.0
645 342 0.0
646 342 0.0
647 342 0.0
648 342 0.0
649 342 0.0
650 342 0.0
651 342 0.0
652 342 0.0
653 342 0.0
654 342 0.0
655 342 0.0
656 342 0.0
657 342 0.0
658 342 0.0
659 342 0.0
660 342 0.0
661 342 0.0
662 342 0.0
663 342 0.0
664 342 0.0
665 342 0.0
666 342 0.0
667 342 0.0
668 342 0.0
669 342 0.0
670 342 0.0
671 342 0.0
672 342 0.0
673 342 0.0
674 342 0.0
675 342 0.0
676 342 0.0
677 342 0.0
678 342 0.0
679 342 0.0
680 342 0.0
681 342 0.0
682 342 0.0
683 342 0.0
684 342 0.0
685 342 0.0
686 342 0.0
687 342 0.0
688 342 0.0
689 342 0.0
690 342 0.0
691 342 0.0
692 342 0.0
693 343 0.0
694 343 0.0
695 343 0.0
696 343 0.0
697 343 0.0
698 343 0.0
699 343 0.0
700 343 0.0
701 343 0.0
702 343 0.0
703 343 0.0
704 343 0.0
705 343 0.0
706 343 0.0
707 343 0.0
708 343 0.0
709 343 0.0
710 343 0.0
711 343 0.0
712 343 0.0
713 343 0.0
714 343 0.0
715 343 0.0
716 343 0.0
717 343 0.0
718 343 0.0
719 343 0.0
720 343 0.0
721 343 0.0
722 343 0.0
723 343 0.0
724 343 0.0
725 343 0.0
726 343 0.0
727 343 0.0
728 343 0.0
729 343 0.0
730 343 0.0
731 343 0.0
732 343 0.0
733 343 0.0
734 343 0.0
735 343 0.0
736 343 0.0
737 343 0.0
738 343 0.0
739 343 0.0
740 343 0.0
741 343 0.0
742 343 0.0
743 343 0.0
744 343 0.0
745 343 0.0
746 343 0.0
747 343 0.0
748 343 0.0
749 343 0.0
750 343 0.0
751 343 0.0
752 343 0.0
753 343 0.0
754 343 0.0
755 343 0.0
756 343 0.0
757 343 0.0
758 343 0.0
759 343 0.0
760 343 0.0
761 343 0.0
762 343 0.0
763 343 0.0
764 343 0.0
765 343 0.0
766 343 0.0
767 343 0.0
768 343 0.0
769 343 0.0
770 343 0.0
771 343 0.0
772 343 0.0
773 343 0.0
774 343 0.0
775 343 0.0
776 344 0.0
777 344 0.0
778 344 0.0
779 344 0.0
780 344 0.0
781 344 0.0
782 344 0.0
783 344 0.0
784 344 0.0
785 344 0.0
786 344 0.0
787 344 0.0
788 344 0.0
789 344 0.0
790 344 0.0
791 344 0.0
792 344 0.0
793 344 0.0
794 344 0.0
795 344 0.0
796 344 0.0
797 344 0.0
798 344 0.0
799 344 0.0
800 344 0.0
801 344 0.0
802 344 0.0
803 344 0.0
804 344 0.0
805 344 0.0
806 344 0.0
807 344 0.0
808 344 0.0
809 344 0.0
810 344 0.0
811 344 0.0
812 344 0.0
813 344 0.0
814 344 0.0
815 344 0.0
816 344 0.0
817 344 0.0
818 344 0.0
819 344 0.0
820 344 0.0
821 344 0.0
822 344 0.0
823 344 0.0
824 344 0.0
825 344 0.0
826 344 0.0
827 344 0.0
828 344 0.0
829 344 0.0
830 344 0.0
831 344 0.0
832 344 0.0
833 344 0.0
834 344 0.0
835 344 0.0
836 344 0.0
837 344 0.0
838 344 0.0
839 344 0.0
840 344 0.0
841 344 0.0
842 344 0.0
843 344 0.0
844 344 0.0
845 344 0.0
846 344 0.0
847 344 0.0
848 344 0.0
849 344 0.0
850 344 0.0
851 344 0.0
852 344 0.0
853 344 0.0
854 344 0.0
855 344 0.0
856 344 0.0
857 344 0.0
858 344 0.0
859 345 0.0
860 346 0.0
861 346 0.0
862 346 0.0
863 346 0.0
864 346 0.0
865 346 0.0
866 346 0.0
867 346 0.0
868 346 0.0
869 346 0.0
870 346 0.0
871 346 0.0
872 346 0.0
873 346 0.0
874 346 0.0
875 346 0.0
876 346 0.0
877 346 0.0
878 346 0.0
879 346 0.0
880 346 0.0
881 346 0.0
882 346 0.0
883 346 0.0
884 346 0.0
885 346 0.0
886 346 0.0
887 346 0.0
888 346 0.0
889 346 0.0
890 346 0.0
891 346 0.0
892 346 0.0
893 346 0.0
894 346 0.0
895 346 0.0
896 346 0.0
897 346 0.0
898 346 0.0
899 346 0.0
900 346 0.0
901 346 0.0
902 346 0.0
903 346 0.0
904 346 0.0
905 346 0.0
906 346 0.0
907 346 0.0
908 346 0.0
909 346 0.0
910 346 0.0
911 346 0.0
912 346 0.0
913 346 0.0
914 346 0.0
915 346 0.0
916 346 0.0
917 346 0.0
918 346 0.0
919 346 0.0
920 346 0.0
921 346 0.0
922 346 0.0
923 346 0.0
924 346 0.0
925 346 0.0
926 346 0.0
927 346 0.0
928 346 0.0
929 346 0.0
930 346 0.0
931 346 0.0
932 346 0.0
933 346 0.0
934 346 0.0
935 346 0.0
936 346 0.0
937 346 0.0
938 346 0.0
939 346 0.0
940 346 0.0
941 346 0.0
942 346 0.0
943 346 0.0
944 346 0.0
945 346 0.0
946 346 0.0
947 346 0.0
948 346 0.0
949 347 0.0
950 347 0.0
951 347 0.0
952 347 0.0
953 347 0.0
954 347 0.0
955 347 0.0
956 347 0.0
957 347 0.0
958 347 0.0
959 347 0.0
960 347 0.0
961 347 0.0
962 347 0.0
963 347 0.0
964 347 0.0
965 347 0.0
966 347 0.0
967 347 0.0
968 347 0.0
969 347 0.0
970 347 0.0
971 347 0.0
972 347 0.0
973 347 0.0
974 347 0.0
975 347 0.0
976 347 0.0
977 347 0.0
978 347 0.0
979 347 0.0
980 347 0.0
981 347 0.0
982 347 0.0
983 347 0.0
984 347 0.0
985 347 0.0
986 347 0.0
987 347 0.0
988 347 0.0
989 347 0.0
990 347 0.0
991 347 0.0
992 347 0.0
993 347 0.0
994 347 0.0
995 347 0.0
996 347 0.0
997 347 0.0
998 347 0.0
999 347 0.0
1000 347 0.0
1001 347 0.0
1002 347 0.0
1003 347 0.0
1004 347 0.0
1005 347 0.0
1006 347 0.0
1007 347 0.0
1008 347 0.0
1009 347 0.0
1010 347 0.0
1011 347 0.0
1012 347 0.0
1013 347 0.0
1014 347 0.0
1015 347 0.0
1016 347 0.0
1017 347 0.0
1018 347 0.0
1019 347 0.0
1020 347 0.0
1021 347 0.0
1022 347 0.0
1023 347 0.0
1024 347 0.0
1025 347 0.0
1026 347 0.0
1027 347 0.0
1028 347 0.0
1029 347 0.0
1030 347 0.0
1031 347 0.0
1032 347 0.0
1033 347 0.0
1034 347 0.0
1035 347 0.0
1036 347 0.0
1037 347 0.0
1038 348 0.0
1039 348 0.0
1040 348 0.0
1041 348 0.0
1042 348 0.0
1043 348 0.0
1044 348 0.0
1045 348 0.0
1046 348 0.0
1047 348 0.0
1048 348 0.0
1049 348 0.0
1050 348 0.0
1051 348 0.0
1052 348 0.0
1053 348 0.0
1054 348 0.0
1055 348 0.0
1056 348 0.0
1057 348 0.0
1058 348 0.0
1059 348 0.0
1060 348 0.0
1061 348 0.0
1062 348 0.0
1063 348 0.0
1064 348 0.0
1065 348 0.0
1066 348 0.0
1067 348 0.0
1068 348 0.0
1069 348 0.0
1070 348 0.0
1071 348 0.0
1072 348 0.0
1073 348 0.0
1074 348 0.0
1075 348 0.0
1076 348 0.0
1077 348 0.0
1078 348 0.0
1079 348 0.0
1080 348 0.0
1081 348 0.0
1082 348 0.0
1083 348 0.0
1084 348 0.0
1085 348 0.0
1086 348 0.0
1087 348 0.0
1088 348 0.0
1089 348 0.0
1090 348 0.0
1091 348 0.0
1092 348 0.0
1093 348 0.0
1094 348 0.0
1095 348 0.0
1096 348 0.0
1097 348 0.0
1098 348 0.0
1099 348 0.0
1100 348 0.0
1101 348 0.0
1102 348 0.0
1103 348 0.0
1104 348 0.0
1105 348 0.0
1106 348 0.0
1107 348 0.0
1108 348 0.0
1109 348 0.0
1110 348 0.0
1111 348 0.0
1112 348 0.0
1113 348 0.0
1114 348 0.0
1115 348 0.0
1116 348 0.0
1117 348 0.0
1118 348 0.0
1119 348 0.0
1120 348 0.0
1121 348 0.0
1122 348 0.0
1123 348 0.0
1124 348 0.0
1125 348 0.0
1126 348 0.0
1127 349 0.0
1128 349 0.0
1129 349 0.0
1130 349 0.0
1131 349 0.0
1132 349 0.0
1133 349 0.0
1134 349 0.0
1135 349 0.0
1136 349 0.0
1137 349 0.0
1138 349 0.0
1139 349 0.0
1140 349 0.0
1141 349 0.0
1142 349 0.0
1143 349 0.0
1144 349 0.0
1145 349 0.0
1146 349 0.0
1147 349 0.0
1148 349 0.0
1149 349 0.0
1150 349 0.0
1151 349 0.0
1152 349 0.0
1153 349 0.0
1154 349 0.0
1155 349 0.0
1156 349 0.0
1157 349 0.0
1158 349 0.0
1159 349 0.0
1160 349 0.0
1161 349 0.0
1162 349 0.0
1163 349 0.0
1164 349 0.0
1165 349 0.0
1166 349 0.0
1167 349 0.0
1168 349 0.0
1169 349 0.0
1170 349 0.0
1171 349 0.0
1172 349 0.0
1173 349 0.0
1174 349 0.0
1175 349 0.0
1176 349 0.0
1177 349 0.0
1178 350 0.0
1179 351 0.0
1180 352 0.0
1181 353 0.0
1182 354 0.0
1183 355 0.0
1184 356 0.0
1185 357 0.0
1186 358 0.0
1187 359 0.0
1188 360 0.0
1189 361 0.0
1190 362 0.0
1191 363 0.0
1192 364 0.0
1193 365 0.0
1194 366 0.0
1195 367 0.0
1196 368 0.0
1197 369 0.0
1198 370 0.0
1199 371 0.0
1200 372 0.0
1201 373 0.0
1202 374 0.0
1203 375 0.0
1204 376 0.0
1205 377 0.0
1206 378 0.0
1207 379 0.0
1208 380 0.0
1209 381 0.0
1210 382 0.0
1211 383 0.0
1212 384 0.0
1213 385 0.0
1214 386 0.0
1215 387 0.0
1216 388 0.0
1217 389 0.0
1218 390 0.0
1219 391 0.0
1220 392 0.0
1221 393 0.0
1222 394 0.0
1223 395 0.0
1224 396 0.0
1225 397 0.0
1226 398 0.0
1227 399 0.0
1228 400 0.0
1229 401 0.0
1230 402 0.0
1231 403 0.0
1232 404 0.0
1233 405 0.0
1234 406 0.0
1235 407 0.0
1236 408 0.0
1237 409 0.0
1238 410 0.0
1239 411 0.0
1240 412 0.0
1241 413 0.0
1242 414 0.0
1243 415 0.0
1244 416 0.0
1245 417 0.0
1246 418 0.0
1247 419 0.0
1248 420 0.0
1249 421 0.0
1250 422 0.0
1251 423 0.0
1252 424 0.0
1253 425 0.0
1254 426 0.0
1255 427 0.0
1256 428 0.0
1257 429 0.0
1258 430 0.0
1259 431 0.0
1260 432 0.0
1261 433 0.0
1262 434 0.0
1263 435 0.0
1264 436 0.0
1265 437 0.0
1266 438 0.0
1267 439 0.0
1268 440 0.0
1269 441 0.0
1270 442 0.0
1271 443 0.0
1272 444 0.0
1273 445 0.0
1274 446 0.0
1275 446 0.0
1276 446 0.0
1277 446 0.0
1278 446 0.0
1279 446 0.0
1280 446 0.0
1281 446 0.0
1282 446 0.0
1283 446 0.0
1284 446 0.0
1285 446 0.0
1286 446 0.0
1287 446 0.0
1288 446 0.0
1289 446 0.0
1290 446 0.0
1291 446 0.0
1292 446 0.0
1293 446 0.0
1294 446 0.0
1295 446 0.0
1296 446 0.0
1297 446 0.0
1298 446 0.0
1299 446 0.0
1300 446 0.0
1301 446 0.0
1302 446 0.0
1303 446 0.0
1304 446 0.0
1305 446 0.0
1306 446 0.0
1307 446 0.0
1308 446 0.0
1309 446 0.0
1310 446 0.0
1311 446 0.0
1312 446 0.0
1313 446 0.0
1314 446 0.0
1315 446 0.0
1316 446 0.0
1317 446 0.0
1318 446 0.0
1319 446 0.0
1320 446 0.0
1321 446 0.0
1322 446 0.0
1323 446 0.0
1324 446 0.0
1325 446 0.0
1326 446 0.0
1327 446 0.0
1328 446 0.0
1329 446 0.0
1330 446 0.0
1331 446 0.0
1332 446 0.0
1333 446 0.0
1334 446 0.0
1335 446 0.0
1336 446 0.0
1337 446 0.0
1338 446 0.0
1339 446 0.0
1340 446 0.0
1341 447 0.0
1342 447 0.0
1343 447 0.0
1344 447 0.0
1345 447 0.0
1346 447 0.0
1347 447 0.0
1348 447 0.0
1349 447 0.0
1350 447 0.0
1351 447 0.0
1352 447 0.0
1353 447 0.0
1354 447 0.0
1355 447 0.0
1356 447 0.0
1357 447 0.0
1358 447 0.0
1359 447 0.0
1360 447 0.0
1361 447 0.0
1362 447 0.0
1363 447 0.0
1364 447 0.0
1365 447 0.0
1366 447 0.0
1367 447 0.0
1368 447 0.0
1369 447 0.0
1370 447 0.0
1371 447 0.0
1372 447 0.0
1373 447 0.0
1374 447 0.0
1375 447 0.0
1376 447 0.0
1377 447 0.0
1378 447 0.0
1379 447 0.0
1380 447 0.0
1381 447 0.0
1382 447 0.0
1383 447 0.0
1384 447 0.0
1385 447 0.0
1386 447 0.0
1387 447 0.0
1388 447 0.0
1389 447 0.0
1390 447 0.0
1391 447 0.0
1392 447 0.0
1393 447 0.0
1394 447 0.0
1395 447 0.0
1396 447 0.0
1397 447 0.0
1398 447 0.0
1399 447 0.0
1400 447 0.0
1401 447 0.0
1402 447 0.0
1403 447 0.0
1404 447 0.0
1405 447 0.0
1406 447 0.0
1407 447 0.0
1408 447 0.0
1409 447 0.0
1410 447 0.0
1411 447 0.0
1412 447 0.0
1413 447 0.0
1414 447 0.0
1415 447 0.0
1416 447 0.0
1417 447 0.0
1418 447 0.0
1419 447 0.0
1420 447 0.0
1421 447 0.0
1422 448 0.0
1423 448 0.0
1424 448 0.0
1425 448 0.0
1426 448 0.0
1427 448 0.0
1428 448 0.0
1429 448 0.0
1430 448 0.0
1431 448 0.0
1432 448 0.0
1433 448 0.0
1434 448 0.0
1435 448 0.0
1436 448 0.0
1437 448 0.0
1438 448 0.0
1439 448 0.0
1440 448 0.0
1441 448 0.0
1442 448 0.0
1443 448 0.0
1444 448 0.0
1445 448 0.0
1446 448 0.0
1447 448 0.0
1448 448 0.0
1449 448 0.0
1450 448 0.0
1451 448 0.0
1452 448 0.0
1453 448 0.0
1454 448 0.0
1455 448 0.0
1456 448 0.0
1457 448 0.0
1458 448 0.0
1459 448 0.0
1460 448 0.0
1461 448 0.0
1462 448 0.0
1463 448 0.0
1464 448 0.0
1465 448 0.0
1466 448 0.0
1467 448 0.0
1468 448 0.0
1469 448 0.0
1470 448 0.0
1471 448 0.0
1472 448 0.0
1473 448 0.0
1474 448 0.0
1475 448 0.0
1476 448 0.0
1477 448 0.0
1478 448 0.0
1479 448 0.0
1480 448 0.0
1481 448 0.0
1482 448 0.0
1483 448 0.0
1484 448 0.0
1485 448 0.0
1486 448 0.0
1487 448 0.0
1488 448 0.0
1489 448 0.0
1490 448 0.0
1491 448 0.0
1492 448 0.0
1493 448 0.0
1494 448 0.0
1495 448 0.0
1496 448 0.0
1497 448 0.0
1498 448 0.0
1499 448 0.0
1500 448 0.0
1501 448 0.0
1502 448 0.0
1503 449 0.0
1504 449 0.0
1505 449 0.0
1506 449 0.0
1507 449 0.0
1508 449 0.0
1509 449 0.0
1510 449 0.0
1511 449 0.0
1512 449 0.0
1513 449 0.0
1514 449 0.0
1515 449 0.0
1516 449 0.0
1517 449 0.0
1518 449 0.0
1519 449 0.0
1520 449 0.0
1521 449 0.0
1522 449 0.0
1523 449 0.0
1524 449 0.0
1525 449 0.0
1526 449 0.0
1527 449 0.0
1528 449 0.0
1529 449 0.0
1530 449 0.0
1531 449 0.0
1532 449 0.0
1533 449 0.0
1534 449 0.0
1535 449 0.0
1536 449 0.0
1537 449 0.0
1538 449 0.0
1539 449 0.0
1540 449 0.0
1541 449 0.0
1542 449 0.0
1543 449 0.0
1544 449 0.0
1545 449 0.0
1546 449 0.0
1547 449 0.0
1548 449 0.0
1549 449 0.0
1550 449 0.0
1551 449 0.0
1552 449 0.0
1553 449 0.0
1554 449 0.0
1555 449 0.0
1556 449 0.0
1557 449 0.0
1558 449 0.0
1559 449 0.0
1560 449 0.0
1561 449 0.0
1562 449 0.0
1563 449 0.0
1564 449 0.0
1565 449 0.0
1566 449 0.0
1567 449 0.0
1568 449 0.0
1569 449 0.0
1570 449 0.0
1571 449 0.0
1572 449 0.0
1573 449 0.0
1574 449 0.0
1575 449 0.0
1576 449 0.0
1577 449 0.0
1578 449 0.0
1579 449 0.0
1580 449 0.0
1581 449 0.0
1582 449 0.0
1583 449 0.0
1584 450 0.0
