1 0 1.2814273084
2 1 1.3102722661
3 2 1.29425995851
4 3 1.32418519804
5 4 1.33318024354
6 5 1.30029551128
7 6 1.34642117275
8 7 1.30631239453
9 8 1.32099446607
10 9 1.26206710774
11 10 1.20975294316
12 11 1.18826712718
13 12 1.12768780179
14 13 1.11387421396
15 14 1.13790113115
16 15 1.11464729518
17 16 1.12243325699
18 17 1.1321486376
19 18 1.09445269622
20 19 1.12729545224
21 20 1.13607874222
22 21 1.19970321357
23 22 1.20998762341
24 23 1.19495797062
25 24 1.19564539499
26 25 1.20248374276
27 26 1.19321294431
28 27 1.20520749205
29 28 1.20795550577
30 29 1.27008090063
31 30 1.25109918376
32 31 1.27410884066
33 32 1.24985686203
34 33 1.27784118562
35 34 1.26754560695
36 35 1.28128919374
37 36 1.29159541815
38 37 1.28131118966
39 38 1.33427010189
40 39 1.31837923914
41 40 1.3718242082
42 41 1.38028948856
43 42 1.31991609198
44 43 1.33378689096
45 44 1.30864108896
46 45 1.35296931479
47 46 1.35081416103
48 47 1.34705432622
49 48 1.35159229731
50 49 1.3403626402
51 50 1.33791030769
52 51 1.31805192277
53 52 1.26649076666
54 53 1.23450677693
55 54 1.24512923675
56 55 1.20099057264
57 56 1.17680168366
58 57 1.16033584843
59 58 1.10455303417
60 59 1.08129499145
61 60 1.10647309821
62 61 1.08843066274
63 62 1.10958074699
64 63 1.0890279156
65 64 1.07280397148
66 65 1.12415546825
67 66 1.10925940186
68 67 1.13231869865
69 68 1.18552744659
70 69 1.205293374
71 70 1.17582843388
72 71 1.1621386222
73 72 1.12956818417
74 73 1.13350654645
75 74 1.09894652046
76 75 1.12309982965
77 76 1.1069177947
78 77 1.14328266329
79 78 1.09272684589
80 79 1.11905756304
81 80 1.11423489535
82 81 1.16700824071
83 82 1.17426652807
84 83 1.22485582177
85 84 1.2466546806
86 85 1.28753869472
87 86 1.34325947829
88 87 1.36234788869
89 88 1.42132620305
90 89 1.43424328071
91 90 1.45609237768
92 91 1.4145696092
93 92 1.42136979399
94 93 1.4485374014
95 94 1.4017121113
96 95 1.40047955227
97 96 1.36548234853
98 97 1.31148422155
99 98 1.31202823213
100 99 1.26899141322
101 100 1.23792296259
102 101 1.20543480911
103 102 1.17640090189
104 103 1.1164144884
105 104 1.11130497531
106 105 1.05375062871
107 106 1.02834222098
108 107 1.02645205385
109 108 1.01593966605
110 109 1.04730723724
111 110 1.03357925016
112 111 1.01482416502
113 112 1.00445287918
114 113 1.01939212417
115 114 0.999751762707
116 115 1.01296505015
117 116 0.962723340326
118 117 0.949679448463
119 118 0.991464246697
120 119 0.946311250783
121 120 0.945806555149
122 121 1.00966277016
123 122 1.04816065839
124 123 1.00525266723
125 124 0.999290395214
126 125 0.967962209174
127 126 0.981854466147
128 127 0.951238420368
129 128 0.970768231417
130 129 0.955961821634
131 130 0.935883046564
132 131 0.888036767569
133 132 0.898801725277
134 133 0.905114259335
135 134 0.945721297951
136 135 0.955813208916
137 136 1.01289222786
138 137 1.02982539137
139 138 1.08644633024
140 139 1.07126389031
141 140 1.12451093074
142 141 1.13093584325
143 142 1.19331129619
144 143 1.20296920442
145 144 1.18762024009
146 145 1.19839809568
147 146 1.15930945769
148 147 1.11101821035
149 148 1.0671495989
150 149 1.01529200697
151 150 0.962217880309
152 151 0.915256625183
153 152 0.899319778105
154 153 0.844224218207
155 154 0.825082350481
156 155 0.808724291234
157 156 0.801839624878
158 157 0.780650821649
159 158 0.795026547144
160 159 0.846690955215
161 160 0.855930763375
162 161 0.914373791284
163 162 0.929130337376
164 163 0.933440553422
165 164 0.986273025153
166 165 0.944565266076
167 166 0.936841598721
168 167 0.933263329949
169 168 0.919517574552
170 169 0.92192221866
171 170 0.913817260767
172 171 0.902928651306
173 172 0.885649382373
174 173 0.845597960271
175 174 0.886194583236
176 175 0.841835019039
177 176 0.858852524883
178 177 0.800543183671
179 178 0.772143958402
180 179 0.771321619328
181 180 0.818724986683
182 181 0.805014984785
183 182 0.832536464537
184 183 0.821235357059
185 184 0.840061967846
186 185 0.841829246036
187 186 0.845785415887
188 187 0.845039392117
189 188 0.794045478211
190 189 0.764871944262
191 190 0.776075560678
192 191 0.752032722725
193 192 0.75339918303
194 193 0.767674891042
195 194 0.757709665865
196 195 0.784212932279
197 196 0.745556659615
198 197 0.749686669436
199 198 0.78272839277
200 199 0.827335564249
201 200 0.812319219592
202 201 0.79485609227
203 202 0.735206863045
204 203 0.711065336921
205 204 0.676733148655
206 205 0.666321412043
207 206 0.688157774753
208 207 0.70960205443
209 208 0.682375809816
210 209 0.705027295595
211 210 0.760540546713
212 211 0.769901283943
213 212 0.823704097703
214 213 0.866314744566
215 214 0.869803823742
216 215 0.931569602888
217 216 0.926050174029
218 217 0.885975257758
219 218 0.892572922249
220 219 0.854176567304
221 220 0.860198516816
222 221 0.870375922384
223 222 0.812911765635
224 223 0.833686651353
225 224 0.785047912402
226 225 0.743387125739
227 226 0.698474647867
228 227 0.700591562281
229 228 0.746337954092
230 229 0.773733445188
231 230 0.805715531781
232 231 0.834643353396
233 232 0.850077429983
234 233 0.891437379111
235 234 0.870041057453
236 235 0.899259695143
237 236 0.859711709811
238 237 0.895546017122
239 238 0.854881733196
240 239 0.856302497964
241 240 0.799376905312
242 241 0.781296220241
243 242 0.730968008102
244 243 0.700004461737
245 244 0.682412140745
246 245 0.643073607416
247 246 0.62811348255
248 247 0.573689455497
249 248 5.57513816639
250 248 5.57513816639
251 248 5.57513816639
252 248 5.57513816639
253 248 5.57513816639
254 248 5.57513816639
255 248 5.57513816639
256 248 5.57513816639
257 248 5.57513816639
258 248 5.57513816639
259 249 2.97964799367
260 249 2.97964799367
261 249 2.97964799367
262 249 2.97964799367
263 249 2.97964799367
264 249 2.97964799367
265 249 2.97964799367
266 249 2.97964799367
267 249 2.97964799367
268 249 2.97964799367
269 250 0.304779865996
270 250 0.304779865996
271 250 0.304779865996
272 250 0.304779865996
273 250 0.304779865996
274 250 0.304779865996
275 250 0.304779865996
276 250 0.304779865996
277 250 0.304779865996
278 250 0.304779865996
279 251 0.304779865996
280 251 0.304779865996
281 251 0.304779865996
282 251 0.304779865996
283 251 0.304779865996
284 251 0.304779865996
285 251 0.304779865996
286 251 0.304779865996
287 251 0.304779865996
288 252 0.548892021632
289 253 0.574359488226
290 254 0.60009346921
291 255 0.600669794298
292 256 0.625027456227
293 257 0.599942427461
294 258 0.633060790155
295 259 0.639078123127
296 260 0.683657996089
297 261 0.711947232397
298 262 0.759972654743
299 263 0.788826187233
300 264 0.847899907898
301 265 0.882811994876
302 266 0.932833302584
303 267 0.966538410726
304 268 0.955744467575
305 269 0.964773330326
306 270 0.953707320683
307 271 0.952148343045
308 272 0.989147900928
309 273 0.99222007693
310 274 0.947800667803
311 275 0.964735084057
312 276 0.942595017126
313 277 0.961490750743
314 278 0.971086279476
315 279 0.918341580633
316 280 0.887978654102
317 281 0.891819082425
318 282 0.927162182988
319 283 0.921322860836
320 284 0.968030638514
321 285 0.968506004586
322 286 1.01640623076
323 287 1.01728673933
324 288 1.04363029602
325 289 1.05931845435
326 290 1.10133466023
327 291 1.07394584651
328 292 1.04705374961
329 293 0.997422114594
330 294 0.975173807005
331 295 0.91299134075
332 296 0.880874808807
333 297 0.817994627004
334 298 0.791597292419
335 299 0.749145395885
336 300 0.706643997394
337 301 0.729025345932
338 302 0.753917142331
339 303 0.815190954605
340 304 0.86431977216
341 305 0.924594776415
342 306 0.958939752419
343 307 1.01529038678
344 308 1.04651894501
345 309 1.09905876661
346 310 1.13605639598
347 311 0.304779865996
348 311 0.304779865996
349 311 0.304779865996
