1 0 1.7955354121
2 0 1.7955354121
3 0 1.7955354121
4 0 1.7955354121
5 0 1.7955354121
6 0 1.7955354121
7 0 1.7955354121
8 0 1.7955354121
9 0 1.7955354121
10 0 1.7955354121
11 0 1.7955354121
12 0 1.7955354121
13 0 1.7955354121
14 0 1.7955354121
15 0 1.7955354121
16 0 1.7955354121
17 0 1.7955354121
18 0 1.7955354121
19 0 1.7955354121
20 0 1.7955354121
21 0 1.7955354121
22 0 1.7955354121
23 0 1.7955354121
24 0 1.7955354121
25 0 1.7955354121
26 0 1.7955354121
27 0 1.7955354121
28 0 1.7955354121
29 0 1.7955354121
30 0 1.7955354121
31 0 1.7955354121
32 0 1.7955354121
33 0 1.7955354121
34 0 1.7955354121
35 0 1.7955354121
36 0 1.7955354121
37 0 1.7955354121
38 0 1.7955354121
39 0 1.7955354121
40 0 1.7955354121
41 0 1.7955354121
42 0 1.7955354121
43 0 1.7955354121
44 0 1.7955354121
45 0 1.7955354121
46 0 1.7955354121
47 0 1.7955354121
48 0 1.7955354121
49 0 1.7955354121
50 0 1.7955354121
51 0 1.7955354121
52 0 1.7955354121
53 0 1.7955354121
54 1 1.41594933482
55 2 1.38431903114
56 3 1.37734071104
57 4 1.37447063468
58 5 1.38704278255
59 6 1.35973135634
60 7 1.42160315723
61 8 1.40366259952
62 9 1.32714860771
63 10 1.32241402786
64 11 1.25221684186
65 12 1.26067692386
66 13 1.21596142916
67 14 1.18573209175
68 15 1.24532694049
69 16 1.19952271655
70 17 1.27487158042
71 18 1.26948411591
72 19 1.34825525526
73 20 1.3960750676
74 21 1.47887688383
75 22 1.53832973248
76 23 1.62106430544
77 24 1.67981301134
78 25 1.74775098803
79 26 1.70620795809
80 27 1.67847539407
81 28 1.61197615076
82 29 1.53301401653
83 30 1.57332419982
84 31 1.51184979198
85 32 1.49298567125
86 33 1.41316323164
87 34 1.37986186265
88 35 1.30787437878
89 36 1.24559085348
90 37 1.27018056586
91 38 1.34846391601
92 39 1.40151278728
93 40 1.44712984066
94 41 1.47439451665
95 42 1.53762315356
96 43 1.52553058642
97 44 1.57595982696
98 45 1.5089370915
99 46 1.55736297289
100 47 1.59660233588
101 48 1.52206303186
102 49 1.52797917596
103 50 1.51110464678
104 51 1.54037320187
105 52 1.55014567045
106 53 1.54284312214
107 54 1.61907421261
108 55 1.59661250316
109 56 1.53087662001
110 57 1.5258654379
111 58 1.47749228594
112 59 1.4764856307
113 60 1.42048377691
114 61 1.34765339056
115 62 1.30217149941
116 63 1.27922287273
117 64 1.34287289273
118 65 1.31100690066
119 66 1.38466509327
120 67 1.46144849864
121 68 1.52868412799
122 69 1.60656195081
123 70 1.67743882023
124 71 1.73028581065
125 72 1.79545212402
126 73 1.83383666846
127 74 1.7973190762
128 75 1.75567671552
129 76 1.69430890785
130 77 1.60827644925
131 78 1.56600035374
132 79 1.48507857379
133 80 1.42565389539
134 81 1.36568714041
135 82 1.29601199667
136 83 1.352045757
137 84 1.37615751105
138 85 1.45852331053
139 86 1.50758450792
140 87 1.56103161276
141 88 1.62595542899
142 89 1.66412411771
143 90 1.7311732971
144 91 1.70450178537
145 92 1.78577616812
146 93 1.79516510448
147 94 1.7144965482
148 95 1.72090161846
149 96 1.64241723117
150 97 1.68574463705
151 98 1.72650593623
152 99 1.6759729989
153 100 1.60746939364
154 101 1.56867073863
155 102 1.48934971504
156 103 1.47471104162
157 104 1.39437447251
158 105 1.33376860457
159 106 1.28040414554
160 107 1.28065814858
161 108 1.3346355297
162 109 1.29940609195
163 110 1.3706353564
164 111 1.45696529522
165 112 1.51054342915
166 113 1.59746359465
167 114 1.6550554979
168 115 1.70303812978
169 116 1.78026011563
170 117 1.77110537309
171 118 1.75376000179
172 119 1.67523444405
173 120 1.59816551862
174 121 1.51926720013
175 122 1.44897924603
176 123 1.36810580601
177 124 1.30668977386
178 125 1.22731953115
179 126 1.2677401849
180 127 1.25481265707
181 128 1.33994682919
182 129 1.40738157106
183 130 1.4827171636
184 131 1.56481240267
185 132 1.62225608899
186 133 1.70937940631
187 134 1.74457482386
188 135 1.82408099947
189 136 1.80604392776
190 137 1.77801493265
191 138 1.69863671744
192 139 1.68349493498
193 140 1.61092552312
194 141 1.64049517614
195 142 1.56406315907
196 143 1.47782517809
197 144 1.42877298193
198 145 1.35236317733
199 146 1.28708547102
200 147 1.24091794245
201 148 1.15704266233
202 149 1.14513812672
203 150 1.1886142424
204 151 1.25858483541
205 152 1.24639988642
206 153 1.3218239535
207 154 1.40114262842
208 155 1.46114368027
209 156 1.54107888119
210 157 1.56305715931
211 158 1.61838246462
212 159 1.66960647668
213 160 1.66997289544
214 161 1.65446821795
215 162 1.66177164381
216 163 1.57986315408
217 164 1.50855296571
218 165 1.42382734913
219 166 1.35521263405
220 167 1.27807819089
221 168 1.21150186458
222 169 1.12684244274
223 170 1.12721729448
224 171 1.130016926
225 172 1.2087231897
226 173 1.28915578044
227 174 1.34955919169
228 175 1.43402810183
229 176 1.48645089465
230 177 1.5719789961
231 178 1.61697045506
232 179 1.63367276247
233 180 1.57060131207
234 181 1.50181544945
235 182 1.43963609191
236 183 1.42872466936
237 184 1.47518345187
238 185 1.40476795324
239 186 1.32339544372
240 187 1.28470826176
241 188 1.2005079799
242 189 1.1810153518
243 190 1.10257646827
244 191 1.07938284546
245 192 1.00944963976
246 193 1.01349357657
247 194 1.08580140637
248 195 1.16228797391
249 196 1.18117043079
250 197 1.2609851733
251 198 1.32461995607
252 199 1.39607282646
253 200 1.46460026636
254 201 1.49504018072
255 202 1.57866522217
256 203 1.60740152792
257 204 1.58002882143
258 205 1.57558102959
259 206 1.59356594446
260 207 1.56098526341
261 208 1.50742933291
262 209 1.45968018155
263 210 1.39855627693
264 211 1.32390707741
265 212 1.25389404106
266 213 1.18429138202
267 214 1.10758563216
268 215 1.02907752104
269 216 1.00905444571
270 217 1.03522880406
271 218 1.09587983414
272 219 1.18055232206
273 220 1.22958762181
274 221 1.31395421346
275 222 1.34565535844
276 223 1.40854300003
277 224 1.45907024925
278 225 1.4791882573
279 226 4.16568136322
280 226 4.16568136322
281 226 4.16568136322
282 226 4.16568136322
283 226 4.16568136322
284 226 4.16568136322
285 226 4.16568136322
286 226 4.16568136322
287 226 4.16568136322
288 226 4.16568136322
289 226 4.16568136322
290 227 1.41678750127
291 228 1.36221107243
292 229 1.31880431793
293 230 1.28930461983
294 231 1.33285748721
295 232 1.2687152593
296 233 1.19409002071
297 234 1.17289967212
298 235 1.08963991066
299 236 1.08019426357
300 237 1.04399909901
301 238 0.96175724143
302 239 0.976047526728
303 240 1.02733420262
304 241 1.10869273332
305 242 1.15974185926
306 243 1.23380989812
307 244 1.27645227403
308 245 1.36165158632
309 246 1.42309062477
310 247 1.46549895405
311 248 1.55162156083
312 249 1.56257795953
313 250 1.48839308676
314 251 1.46661093959
315 252 2.49130598745
316 252 2.49130598745
317 252 2.49130598745
318 252 2.49130598745
319 252 2.49130598745
320 252 2.49130598745
321 252 2.49130598745
322 252 2.49130598745
323 252 2.49130598745
324 252 2.49130598745
325 253 1.40260394796
326 254 1.35068753973
327 255 1.3059676036
328 256 1.23416777505
329 257 1.17887414583
330 258 1.10400691764
331 259 1.03716178307
332 260 1.00438511418
333 261 1.05899137756
334 262 1.10220495672
335 263 1.1847198414
336 264 1.20339902905
337 265 1.27964880689
338 266 1.28566300353
339 267 1.33570364662
340 268 1.41031116185
341 269 1.42732645261
342 270 1.3518852854
343 271 1.30640697686
344 272 1.23718655936
345 273 0.798983340853
346 273 0.798983340853
347 273 0.798983340853
348 273 0.798983340853
349 273 0.798983340853
350 273 0.798983340853
351 273 0.798983340853
352 273 0.798983340853
353 273 0.798983340853
354 273 0.798983340853
355 273 0.798983340853
356 273 0.798983340853
357 273 0.798983340853
358 273 0.798983340853
359 273 0.798983340853
360 273 0.798983340853
361 273 0.798983340853
362 273 0.798983340853
363 273 0.798983340853
364 273 0.798983340853
365 273 0.798983340853
366 273 0.798983340853
367 273 0.798983340853
368 273 0.798983340853
369 273 0.798983340853
370 273 0.798983340853
371 273 0.798983340853
372 273 0.798983340853
373 273 0.798983340853
374 273 0.798983340853
375 273 0.798983340853
376 273 0.798983340853
377 273 0.798983340853
378 273 0.798983340853
379 273 0.798983340853
380 273 0.798983340853
381 273 0.798983340853
382 273 0.798983340853
383 273 0.798983340853
384 273 0.798983340853
385 273 0.798983340853
386 273 0.798983340853
387 273 0.798983340853
388 273 0.798983340853
389 273 0.798983340853
390 274 1.22964767921
391 275 1.21712491814
392 276 1.21638617884
393 277 1.15726220678
394 278 1.16804930883
395 279 1.1128962849
396 280 1.15825707858
397 281 1.08530150159
398 282 1.11951562761
399 283 1.06203431415
400 284 1.07826997664
401 285 1.15636268556
402 286 1.19277963522
403 287 1.2743400585
404 288 1.33495343545
405 289 1.42037645415
406 290 1.48185849484
407 291 1.50390244444
408 292 1.58893378353
409 293 1.64570080509
410 294 1.60357162134
411 295 1.55457253898
412 296 1.48213014486
413 297 1.42144785375
414 298 1.38362880281
415 299 1.30500236662
416 300 1.26782087086
417 301 1.18541736752
418 302 1.14207510761
419 303 1.15457811496
420 304 1.23385752364
421 305 1.29657213047
422 306 1.31117807778
423 307 1.38795540514
424 308 1.39525284739
425 309 3.15002673304
426 309 3.15002673304
427 309 3.15002673304
428 309 3.15002673304
429 309 3.15002673304
430 310 2.34583400046
431 311 2.42229415078
432 312 2.46504205861
433 313 2.32301900998
434 314 2.28532302632
435 315 2.38684478673
436 316 2.31931779735
437 317 2.18548810169
438 318 2.22965688205
439 319 2.259481334
440 320 2.13604940752
441 321 2.05197456084
442 322 2.11499078794
443 323 2.10775575789
444 324 1.96123253348
445 325 1.88126749268
446 326 1.97967333791
447 327 2.01804598713
448 328 2.10002087687
449 329 2.03905057913
450 330 2.15323447002
451 331 2.28496578236
452 332 2.30134327637
453 333 2.20658625303
454 334 2.21049463043
455 335 2.06639226061
456 336 2.00809323065
457 337 1.87265499198
458 338 1.83249580705
459 339 1.728090215
460 340 1.65195466701
461 341 1.54287111209
462 342 1.46075880325
463 343 1.44904140243
464 344 1.34653216548
465 345 1.21181506348
466 346 1.09274910926
467 347 1.02168095075
468 348 1.10302286402
469 349 1.19147611552
470 350 1.28553977422
471 351 1.24730727376
472 352 1.29411346706
473 353 1.33916064855
474 354 1.4479934357
475 355 1.49633126795
476 356 1.61725885329
477 357 1.69073770914
478 358 1.79948374969
479 359 1.90514321338
480 360 2.00034359255
481 361 2.12028564753
482 362 2.11620481773
483 363 2.23373050601
484 364 2.21056822104
485 365 2.21215840688
486 366 2.22287167751
487 367 2.25627731638
488 368 2.1829137801
489 369 2.12467838261
490 370 2.04892969915
491 371 1.98973424402
492 372 1.97696940833
493 373 1.86677350589
494 374 1.75829328369
495 375 1.6492738983
496 376 1.55758412696
497 377 1.59038646136
498 378 1.47390283587
499 379 1.37654830855
500 380 1.2826373742
501 381 1.16071234106
502 382 1.17791205237
503 383 1.09059036657
504 384 1.13527564664
505 385 1.13015881076
506 386 1.20573982928
507 387 1.30169295305
508 388 1.31399192744
509 389 1.35172632582
510 390 1.4612704297
511 391 1.51252396894
512 392 1.50724509059
513 393 1.59076475181
514 394 1.69847142792
515 395 1.71280348715
516 396 1.75655053039
517 397 1.83966558424
518 398 1.90934523174
519 399 1.91945179948
520 400 1.96731075988
521 401 2.04904604523
522 402 2.17709640349
523 403 2.24170273465
524 404 2.13508611393
525 405 2.25762083285
526 406 2.2818914799
527 407 2.19954500912
528 408 2.07270530585
529 409 2.03617580166
530 410 2.03594965982
531 411 1.96855222566
532 412 1.85951589651
533 413 1.81867340357
534 414 1.82542257011
535 415 1.74069773712
536 416 1.63300467788
537 417 5.01869854027
538 417 5.01869854027
539 417 5.01869854027
540 417 5.01869854027
541 417 5.01869854027
542 417 5.01869854027
543 417 5.01869854027
544 417 5.01869854027
545 417 5.01869854027
546 417 5.01869854027
547 417 5.01869854027
548 417 5.01869854027
549 417 5.01869854027
550 417 5.01869854027
551 417 5.01869854027
552 417 5.01869854027
553 417 5.01869854027
554 417 5.01869854027
555 417 5.01869854027
556 417 5.01869854027
557 417 5.01869854027
558 417 5.01869854027
559 417 5.01869854027
560 417 5.01869854027
561 417 5.01869854027
562 417 5.01869854027
563 417 5.01869854027
564 417 5.01869854027
565 417 5.01869854027
566 417 5.01869854027
567 417 5.01869854027
568 417 5.01869854027
569 417 5.01869854027
570 417 5.01869854027
571 417 5.01869854027
572 417 5.01869854027
573 417 5.01869854027
574 417 5.01869854027
575 417 5.01869854027
576 417 5.01869854027
577 417 5.01869854027
578 417 5.01869854027
579 417 5.01869854027
580 417 5.01869854027
581 417 5.01869854027
582 417 5.01869854027
583 417 5.01869854027
584 417 5.01869854027
585 417 5.01869854027
586 417 5.01869854027
587 417 5.01869854027
588 417 5.01869854027
589 417 5.01869854027
590 417 5.01869854027
591 417 5.01869854027
592 417 5.01869854027
593 417 5.01869854027
594 417 5.01869854027
595 417 5.01869854027
596 417 5.01869854027
597 417 5.01869854027
598 417 5.01869854027
599 417 5.01869854027
600 417 5.01869854027
601 417 5.01869854027
602 417 5.01869854027
603 417 5.01869854027
604 417 5.01869854027
605 417 5.01869854027
606 417 5.01869854027
607 417 5.01869854027
608 417 5.01869854027
609 417 5.01869854027
610 417 5.01869854027
611 417 5.01869854027
612 417 5.01869854027
613 417 5.01869854027
614 417 5.01869854027
615 417 5.01869854027
616 418 1.52741322488
617 418 1.52741322488
618 418 1.52741322488
619 418 1.52741322488
620 418 1.52741322488
621 418 1.52741322488
622 418 1.52741322488
623 418 1.52741322488
624 418 1.52741322488
625 418 1.52741322488
626 418 1.52741322488
627 418 1.52741322488
628 418 1.52741322488
629 418 1.52741322488
630 418 1.52741322488
631 418 1.52741322488
632 418 1.52741322488
633 418 1.52741322488
634 418 1.52741322488
635 418 1.52741322488
636 418 1.52741322488
637 418 1.52741322488
638 418 1.52741322488
639 418 1.52741322488
640 418 1.52741322488
641 418 1.52741322488
642 418 1.52741322488
643 418 1.52741322488
644 418 1.52741322488
645 418 1.52741322488
646 418 1.52741322488
647 418 1.52741322488
648 418 1.52741322488
649 418 1.52741322488
650 418 1.52741322488
651 418 1.52741322488
652 418 1.52741322488
653 418 1.52741322488
654 418 1.52741322488
655 418 1.52741322488
656 418 1.52741322488
657 418 1.52741322488
658 418 1.52741322488
659 418 1.52741322488
660 418 1.52741322488
661 418 1.52741322488
662 418 1.52741322488
663 418 1.52741322488
664 418 1.52741322488
665 418 1.52741322488
666 418 1.52741322488
667 418 1.52741322488
668 418 1.52741322488
669 418 1.52741322488
670 418 1.52741322488
671 418 1.52741322488
672 418 1.52741322488
673 418 1.52741322488
674 418 1.52741322488
675 418 1.52741322488
676 418 1.52741322488
677 418 1.52741322488
678 418 1.52741322488
679 418 1.52741322488
680 418 1.52741322488
681 418 1.52741322488
682 418 1.52741322488
683 418 1.52741322488
684 418 1.52741322488
685 418 1.52741322488
686 418 1.52741322488
687 418 1.52741322488
688 418 1.52741322488
689 418 1.52741322488
690 418 1.52741322488
691 418 1.52741322488
692 418 1.52741322488
693 418 1.52741322488
694 418 1.52741322488
695 419 3.2826060439
696 419 3.2826060439
697 419 3.2826060439
698 419 3.2826060439
699 419 3.2826060439
700 419 3.2826060439
701 419 3.2826060439
702 419 3.2826060439
703 419 3.2826060439
704 419 3.2826060439
705 419 3.2826060439
706 419 3.2826060439
707 419 3.2826060439
708 419 3.2826060439
709 419 3.2826060439
710 419 3.2826060439
711 419 3.2826060439
712 419 3.2826060439
713 419 3.2826060439
714 419 3.2826060439
715 419 3.2826060439
716 419 3.2826060439
717 419 3.2826060439
718 419 3.2826060439
719 419 3.2826060439
720 419 3.2826060439
721 419 3.2826060439
722 419 3.2826060439
723 419 3.2826060439
724 419 3.2826060439
725 419 3.2826060439
726 419 3.2826060439
727 419 3.2826060439
728 419 3.2826060439
729 419 3.2826060439
730 419 3.2826060439
731 419 3.2826060439
732 419 3.2826060439
733 419 3.2826060439
734 419 3.2826060439
735 419 3.2826060439
736 419 3.2826060439
737 419 3.2826060439
738 419 3.2826060439
739 419 3.2826060439
740 419 3.2826060439
741 419 3.2826060439
742 419 3.2826060439
743 419 3.2826060439
744 419 3.2826060439
745 419 3.2826060439
746 419 3.2826060439
747 419 3.2826060439
748 419 3.2826060439
749 419 3.2826060439
750 419 3.2826060439
751 419 3.2826060439
752 419 3.2826060439
753 419 3.2826060439
754 419 3.2826060439
755 419 3.2826060439
756 419 3.2826060439
757 419 3.2826060439
758 419 3.2826060439
759 419 3.2826060439
760 419 3.2826060439
761 419 3.2826060439
762 419 3.2826060439
763 419 3.2826060439
764 419 3.2826060439
765 419 3.2826060439
766 419 3.2826060439
767 419 3.2826060439
768 419 3.2826060439
769 419 3.2826060439
770 419 3.2826060439
771 419 3.2826060439
772 419 3.2826060439
773 420 1.75999646867
774 420 1.75999646867
775 420 1.75999646867
776 420 1.75999646867
777 420 1.75999646867
778 420 1.75999646867
779 420 1.75999646867
780 420 1.75999646867
781 420 1.75999646867
782 420 1.75999646867
783 420 1.75999646867
784 420 1.75999646867
785 420 1.75999646867
786 420 1.75999646867
787 420 1.75999646867
788 420 1.75999646867
789 420 1.75999646867
790 420 1.75999646867
791 420 1.75999646867
792 420 1.75999646867
793 420 1.75999646867
794 420 1.75999646867
795 420 1.75999646867
796 420 1.75999646867
797 420 1.75999646867
798 420 1.75999646867
799 420 1.75999646867
800 420 1.75999646867
801 420 1.75999646867
802 420 1.75999646867
803 420 1.75999646867
804 420 1.75999646867
805 420 1.75999646867
806 420 1.75999646867
807 420 1.75999646867
808 420 1.75999646867
809 420 1.75999646867
810 420 1.75999646867
811 420 1.75999646867
812 420 1.75999646867
813 420 1.75999646867
814 420 1.75999646867
815 420 1.75999646867
816 420 1.75999646867
817 420 1.75999646867
818 420 1.75999646867
819 420 1.75999646867
820 420 1.75999646867
821 420 1.75999646867
822 420 1.75999646867
823 420 1.75999646867
824 420 1.75999646867
825 420 1.75999646867
826 421 4.16058430327
827 421 4.16058430327
828 421 4.16058430327
829 421 4.16058430327
830 421 4.16058430327
831 421 4.16058430327
832 421 4.16058430327
833 421 4.16058430327
834 421 4.16058430327
835 421 4.16058430327
836 421 4.16058430327
837 421 4.16058430327
838 421 4.16058430327
839 421 4.16058430327
840 421 4.16058430327
841 421 4.16058430327
842 421 4.16058430327
843 421 4.16058430327
844 421 4.16058430327
845 421 4.16058430327
846 421 4.16058430327
847 421 4.16058430327
848 421 4.16058430327
849 421 4.16058430327
850 421 4.16058430327
851 421 4.16058430327
852 421 4.16058430327
853 421 4.16058430327
854 421 4.16058430327
855 421 4.16058430327
856 421 4.16058430327
857 421 4.16058430327
858 421 4.16058430327
859 421 4.16058430327
860 421 4.16058430327
861 421 4.16058430327
862 421 4.16058430327
863 421 4.16058430327
864 421 4.16058430327
865 421 4.16058430327
866 421 4.16058430327
867 421 4.16058430327
868 421 4.16058430327
869 421 4.16058430327
870 421 4.16058430327
871 421 4.16058430327
872 421 4.16058430327
873 421 4.16058430327
874 421 4.16058430327
875 421 4.16058430327
876 421 4.16058430327
877 421 4.16058430327
878 421 4.16058430327
879 422 3.72945676652
880 422 3.72945676652
881 422 3.72945676652
882 422 3.72945676652
883 422 3.72945676652
884 422 3.72945676652
885 422 3.72945676652
886 422 3.72945676652
887 422 3.72945676652
888 422 3.72945676652
889 422 3.72945676652
890 422 3.72945676652
891 422 3.72945676652
892 422 3.72945676652
893 422 3.72945676652
894 422 3.72945676652
895 422 3.72945676652
896 422 3.72945676652
897 422 3.72945676652
898 422 3.72945676652
899 422 3.72945676652
900 422 3.72945676652
901 422 3.72945676652
902 422 3.72945676652
903 422 3.72945676652
904 422 3.72945676652
905 422 3.72945676652
906 422 3.72945676652
907 422 3.72945676652
908 422 3.72945676652
909 422 3.72945676652
910 422 3.72945676652
911 422 3.72945676652
912 422 3.72945676652
913 422 3.72945676652
914 422 3.72945676652
915 422 3.72945676652
916 422 3.72945676652
917 422 3.72945676652
918 422 3.72945676652
919 422 3.72945676652
920 422 3.72945676652
921 422 3.72945676652
922 422 3.72945676652
923 422 3.72945676652
924 422 3.72945676652
925 422 3.72945676652
926 422 3.72945676652
927 422 3.72945676652
928 422 3.72945676652
929 422 3.72945676652
930 422 3.72945676652
931 422 3.72945676652
932 422 3.72945676652
933 422 3.72945676652
934 422 3.72945676652
935 422 3.72945676652
936 422 3.72945676652
937 422 3.72945676652
938 423 2.82333411485
939 423 2.82333411485
940 423 2.82333411485
941 423 2.82333411485
942 423 2.82333411485
943 423 2.82333411485
944 423 2.82333411485
945 423 2.82333411485
946 423 2.82333411485
947 423 2.82333411485
948 423 2.82333411485
949 423 2.82333411485
950 423 2.82333411485
951 423 2.82333411485
952 423 2.82333411485
953 423 2.82333411485
954 423 2.82333411485
955 423 2.82333411485
956 423 2.82333411485
957 423 2.82333411485
958 423 2.82333411485
959 423 2.82333411485
960 423 2.82333411485
961 423 2.82333411485
962 423 2.82333411485
963 423 2.82333411485
964 423 2.82333411485
965 423 2.82333411485
966 423 2.82333411485
967 423 2.82333411485
968 423 2.82333411485
969 423 2.82333411485
970 423 2.82333411485
971 423 2.82333411485
972 423 2.82333411485
973 423 2.82333411485
974 423 2.82333411485
975 423 2.82333411485
976 423 2.82333411485
977 423 2.82333411485
978 423 2.82333411485
979 423 2.82333411485
980 423 2.82333411485
981 423 2.82333411485
982 423 2.82333411485
983 423 2.82333411485
984 423 2.82333411485
985 423 2.82333411485
986 423 2.82333411485
987 423 2.82333411485
988 423 2.82333411485
989 423 2.82333411485
990 423 2.82333411485
991 423 2.82333411485
992 423 2.82333411485
993 423 2.82333411485
994 423 2.82333411485
995 423 2.82333411485
996 424 4.06481508353
997 424 4.06481508353
998 424 4.06481508353
999 424 4.06481508353
1000 424 4.06481508353
1001 424 4.06481508353
1002 424 4.06481508353
1003 424 4.06481508353
1004 424 4.06481508353
1005 424 4.06481508353
1006 424 4.06481508353
1007 424 4.06481508353
1008 424 4.06481508353
1009 424 4.06481508353
1010 424 4.06481508353
1011 424 4.06481508353
1012 424 4.06481508353
1013 424 4.06481508353
1014 424 4.06481508353
1015 424 4.06481508353
1016 424 4.06481508353
1017 424 4.06481508353
1018 424 4.06481508353
1019 424 4.06481508353
1020 424 4.06481508353
1021 424 4.06481508353
1022 424 4.06481508353
1023 424 4.06481508353
1024 424 4.06481508353
1025 424 4.06481508353
1026 424 4.06481508353
1027 424 4.06481508353
1028 424 4.06481508353
1029 424 4.06481508353
1030 424 4.06481508353
1031 424 4.06481508353
1032 424 4.06481508353
1033 424 4.06481508353
1034 424 4.06481508353
1035 424 4.06481508353
1036 424 4.06481508353
1037 424 4.06481508353
1038 424 4.06481508353
1039 424 4.06481508353
1040 424 4.06481508353
1041 424 4.06481508353
1042 424 4.06481508353
1043 424 4.06481508353
1044 424 4.06481508353
1045 424 4.06481508353
1046 424 4.06481508353
1047 424 4.06481508353
1048 424 4.06481508353
1049 424 4.06481508353
1050 424 4.06481508353
1051 424 4.06481508353
1052 424 4.06481508353
1053 424 4.06481508353
1054 424 4.06481508353
1055 424 4.06481508353
1056 424 4.06481508353
1057 424 4.06481508353
1058 424 4.06481508353
1059 424 4.06481508353
1060 424 4.06481508353
1061 424 4.06481508353
1062 424 4.06481508353
1063 424 4.06481508353
1064 424 4.06481508353
1065 424 4.06481508353
1066 424 4.06481508353
1067 424 4.06481508353
1068 424 4.06481508353
1069 424 4.06481508353
1070 424 4.06481508353
1071 424 4.06481508353
1072 424 4.06481508353
1073 424 4.06481508353
1074 424 4.06481508353
1075 424 4.06481508353
1076 424 4.06481508353
1077 424 4.06481508353
1078 424 4.06481508353
1079 424 4.06481508353
1080 424 4.06481508353
1081 424 4.06481508353
1082 424 4.06481508353
1083 424 4.06481508353
1084 424 4.06481508353
1085 424 4.06481508353
1086 424 4.06481508353
1087 424 4.06481508353
1088 424 4.06481508353
1089 424 4.06481508353
1090 424 4.06481508353
1091 424 4.06481508353
1092 425 4.6865064052
1093 426 4.84744019133
1094 427 5.00406327358
1095 428 4.80601727666
1096 429 5.04334261954
1097 430 5.15378362446
1098 431 5.10123775948
1099 432 4.81946756838
1100 433 4.9105820486
1101 434 5.23767189043
1102 435 5.18791514626
1103 436 5.53123442387
1104 437 5.65051397308
1105 438 5.70174247262
1106 439 6.03713167318
1107 440 6.18654102301
1108 441 6.17481694653
1109 442 5.94488362148
1110 443 5.61856978258
1111 444 5.34417681003
1112 445 5.11412906738
1113 446 4.7995674225
1114 447 4.59320390609
1115 448 4.375690451
1116 449 4.61591946677
1117 450 4.82092456907
1118 451 5.1456701421
1119 452 5.21678008721
1120 453 5.49601522318
1121 454 5.59555141326
1122 455 5.59915169143
1123 456 5.27461189568
1124 457 5.13550389429
1125 458 5.24416428446
1126 459 5.07302953594
1127 460 4.75920331946
1128 461 4.76337723068
1129 462 4.8030428103
1130 463 4.53146452736
1131 464 4.33719367144
1132 465 4.23092259054
1133 466 4.26215352288
1134 467 4.37474679113
1135 468 4.2078259495
1136 469 4.32376247288
1137 470 4.14086172364
1138 471 3.99847136315
1139 472 3.71712670524
1140 473 7.98958305281
1141 473 7.98958305281
1142 473 7.98958305281
1143 473 7.98958305281
1144 473 7.98958305281
1145 473 7.98958305281
1146 473 7.98958305281
1147 473 7.98958305281
1148 473 7.98958305281
