1 0 1.06982340336
2 1 1.07753835265
3 2 1.06025855247
4 3 1.07552308256
5 4 1.07262719883
6 5 1.05265583018
7 6 1.07347390649
8 7 1.04237547168
9 8 1.04112463748
10 9 1.00305476534
11 10 0.976847382361
12 11 0.973568600371
13 12 0.938875530846
14 13 0.940658154062
15 14 0.964119095068
16 15 0.958740037328
17 16 0.973793492004
18 17 0.985116059016
19 18 0.971635845368
20 19 0.997720416093
21 20 0.996291563066
22 21 1.03415530175
23 22 1.03062983914
24 23 1.01199677309
25 24 1.00333359886
26 25 0.998027320988
27 26 0.98276770488
28 27 0.980688164981
29 28 0.971925203994
30 29 1.00838595515
31 30 0.999898554399
32 31 1.02311802571
33 32 1.0187946751
34 33 1.04284989726
35 34 1.04729047548
36 35 1.06201660352
37 36 1.07835794425
38 37 1.07902416168
39 38 1.11564413279
40 39 1.11654597014
41 40 1.1496777075
42 41 1.14567995983
43 42 1.10779151858
44 43 1.10593201756
45 44 1.08484839338
46 45 1.10724502303
47 46 1.09870287295
48 47 1.10035730314
49 48 1.09342028997
50 49 1.07665024235
51 50 1.06722743472
52 51 1.0455570693
53 52 1.01573484427
54 53 0.987846241444
55 54 0.98337164139
56 55 0.957762191315
57 56 0.949905134912
58 57 0.95027772155
59 58 0.920508261572
60 59 0.916041855422
61 60 0.939641661298
62 61 0.938874730273
63 62 0.960339539315
64 63 0.952270724114
65 64 0.953374964226
66 65 0.989820708607
67 66 0.983869976604
68 67 0.987056053265
69 68 1.01829643096
70 69 1.02485160376
71 70 0.998004586983
72 71 0.9825875738
73 72 0.954422927507
74 73 0.947774045706
75 74 0.918733247776
76 75 0.923601387229
77 76 0.904244648259
78 77 0.921954109716
79 78 0.894110700575
80 79 0.918046615373
81 80 0.926269331675
82 81 0.962472346746
83 82 0.977145403181
84 83 1.01270457557
85 84 1.03517385194
86 85 1.06492324395
87 86 1.09928060655
88 87 1.11993851152
89 88 1.151703141
90 89 1.15167529296
91 90 1.1651637311
92 91 1.13946537623
93 92 1.13381963621
94 93 1.14579648596
95 94 1.11143356739
96 95 1.11375886299
97 96 1.10266973835
98 97 1.06700445
99 98 1.06141732724
100 99 1.02863519359
101 100 1.01352147898
102 101 0.985247690132
103 102 0.959707178176
104 103 0.921353497234
105 104 0.907207737901
106 105 0.87177136722
107 106 0.85652982955
108 107 0.844900886175
109 108 0.841746579628
110 109 0.86651614203
111 110 0.869257754815
112 111 0.864124341983
113 112 0.868030323909
114 113 0.883608626616
115 114 0.882578657412
116 115 0.897474154859
117 116 0.873214167323
118 117 0.876635386577
119 118 0.906076268135
120 119 0.883553977269
121 120 0.872301756015
122 121 0.90748141945
123 122 0.922982969011
124 123 0.890419760153
125 124 0.880788485594
126 125 0.854453339969
127 126 0.853921417885
128 127 0.828146754229
129 128 0.830095880618
130 129 0.811318472755
131 130 0.797103654924
132 131 0.776460461638
133 132 0.787067634466
134 133 0.801795266215
135 134 0.827762171473
136 135 0.84335474589
137 136 0.878403727685
138 137 0.896298817334
139 138 0.933722156087
140 139 0.925618267575
141 140 0.962135535889
142 141 0.974456978471
143 142 1.01046794459
144 143 1.00476541029
145 144 0.995495528578
146 145 0.990309156895
147 146 0.965764661616
148 147 0.934814426681
149 148 0.903497793578
150 149 0.868706277638
151 150 0.84381950118
152 151 0.810908916037
153 152 0.79338506631
154 153 0.760971240237
155 154 0.742120196979
156 155 0.738383954212
157 156 0.725427773424
158 157 0.703726378153
159 158 0.703928982877
160 159 0.735819914968
161 160 0.732240335626
162 161 0.761595550959
163 162 0.770004241021
164 163 0.781946645239
165 164 0.817854160306
166 165 0.799929884515
167 166 0.80213816161
168 167 0.81037808577
169 168 0.809587134862
170 169 0.821587949655
171 170 0.824729325615
172 171 0.828884813376
173 172 0.825326975063
174 173 0.810391960357
175 174 0.842538819012
176 175 0.823802006012
177 176 0.839170369584
178 177 0.808268860075
179 178 0.781993622634
180 179 0.77189266381
181 180 0.792307509656
182 181 0.777514677309
183 182 0.788042782147
184 183 0.775707423947
185 184 0.776550908768
186 185 0.771137283883
187 186 0.763001278942
188 187 0.757087384656
189 188 0.728896294493
190 189 0.71770959071
191 190 0.734344454786
192 191 0.724122467538
193 192 0.733795406175
194 193 0.741614527822
195 194 0.742906543371
196 195 0.758026972599
197 196 0.731918192323
198 197 0.736021605188
199 198 0.744127765751
200 199 0.774803769089
201 200 0.758661606342
202 201 0.750685387231
203 202 0.713511629477
204 203 0.699940262236
205 204 0.6893675709
206 205 0.681560448186
207 206 0.688817503151
208 207 0.70353020442
209 208 0.679487039928
210 209 0.687705654342
211 210 0.716695962042
212 211 0.712326780129
213 212 0.742101802787
214 213 0.770723178071
215 214 0.782857661444
216 215 0.821116414051
217 216 0.827925654855
218 217 0.812104106783
219 218 0.826003371896
220 219 0.811214864207
221 220 0.823816096222
222 221 0.839463850075
223 222 0.810700638122
224 223 0.832994913891
225 224 0.810539851425
226 225 0.778118061889
227 226 0.749474004692
228 227 0.740228881633
229 228 0.759583360734
230 229 0.769312057101
231 230 0.779054931871
232 231 0.78976773589
233 232 0.788617871515
234 233 0.806508377779
235 234 0.784397842533
236 235 0.792480243461
237 236 0.766838556985
238 237 0.793918733297
239 238 0.778005088828
240 239 0.789094666814
241 240 0.759658041596
242 241 0.759199231188
243 242 0.731821266727
244 243 0.722993706654
245 244 0.713348846793
246 245 0.697635884375
247 246 0.688998952755
248 247 0.661030524902
249 248 5.6713829551
250 248 5.6713829551
251 248 5.6713829551
252 248 5.6713829551
253 248 5.6713829551
254 248 5.6713829551
255 248 5.6713829551
256 248 5.6713829551
257 248 5.6713829551
258 248 5.6713829551
259 248 5.6713829551
260 248 5.6713829551
261 248 5.6713829551
262 248 5.6713829551
263 248 5.6713829551
264 248 5.6713829551
265 248 5.6713829551
266 248 5.6713829551
267 248 5.6713829551
268 248 5.6713829551
269 248 5.6713829551
270 248 5.6713829551
271 248 5.6713829551
272 248 5.6713829551
273 248 5.6713829551
274 248 5.6713829551
275 248 5.6713829551
276 248 5.6713829551
277 248 5.6713829551
278 248 5.6713829551
279 248 5.6713829551
280 248 5.6713829551
281 248 5.6713829551
282 248 5.6713829551
283 248 5.6713829551
284 248 5.6713829551
285 248 5.6713829551
286 248 5.6713829551
287 248 5.6713829551
288 249 0.605478300976
289 250 0.624040309528
290 251 0.648852288953
291 252 0.660189598941
292 253 0.674810227635
293 254 0.660104508542
294 255 0.674185695273
295 256 0.678093798885
296 257 0.698263041195
297 258 0.720676630077
298 259 0.741976189403
299 260 0.749192966155
300 261 0.781401854685
301 262 0.792896421007
302 263 0.825639310046
303 264 0.842852686411
304 265 0.826387452606
305 266 0.829834923745
306 267 0.827450656376
307 268 0.836572784422
308 269 0.859073751795
309 270 0.870932462878
310 271 0.852404828812
311 272 0.871988725883
312 273 0.869010308101
313 274 0.889871447399
314 275 0.902337461761
315 276 0.876831351938
316 277 0.850096565013
317 278 0.854941816784
318 279 0.866827290975
319 280 0.853457031099
320 281 0.873499593264
321 282 0.863343814185
322 283 0.884383956414
323 284 0.87476139007
324 285 0.881314812431
325 286 0.893112703111
326 287 0.923741344628
327 288 0.915841220317
328 289 0.908848442403
329 290 0.883896580666
330 291 0.880883688036
331 292 0.846378984213
332 293 0.836712169733
333 294 0.801178943126
334 295 0.785553132884
335 296 0.768546559331
336 297 0.735493132661
337 298 0.748012831718
338 299 0.751964269349
339 300 0.786778013541
340 301 0.813346093039
341 302 0.845758224961
342 303 0.874155067554
343 304 0.902264253259
344 305 0.91223655129
345 306 0.943814427937
346 307 0.957159606539
347 308 3.03244075745
348 308 3.03244075745
349 308 3.03244075745
