1 0 2.00215429806
2 0 2.00215429806
3 0 2.00215429806
4 0 2.00215429806
5 0 2.00215429806
6 0 2.00215429806
7 0 2.00215429806
8 0 2.00215429806
9 0 2.00215429806
10 0 2.00215429806
11 0 2.00215429806
12 0 2.00215429806
13 0 2.00215429806
14 0 2.00215429806
15 0 2.00215429806
16 0 2.00215429806
17 0 2.00215429806
18 0 2.00215429806
19 0 2.00215429806
20 0 2.00215429806
21 0 2.00215429806
22 0 2.00215429806
23 0 2.00215429806
24 0 2.00215429806
25 0 2.00215429806
26 0 2.00215429806
27 0 2.00215429806
28 0 2.00215429806
29 0 2.00215429806
30 0 2.00215429806
31 0 2.00215429806
32 0 2.00215429806
33 0 2.00215429806
34 0 2.00215429806
35 0 2.00215429806
36 0 2.00215429806
37 0 2.00215429806
38 0 2.00215429806
39 0 2.00215429806
40 0 2.00215429806
41 0 2.00215429806
42 0 2.00215429806
43 0 2.00215429806
44 0 2.00215429806
45 1 2.66785121413
46 2 2.73724681627
47 3 2.59968733164
48 4 2.64025150104
49 5 2.76338821369
50 6 2.77673036653
51 7 2.92088691144
52 8 2.83818301031
53 9 2.85302957302
54 10 2.80515316902
55 11 2.60829953975
56 12 2.52690962815
57 13 2.33633431926
58 14 2.24939968262
59 15 2.07493655098
60 16 1.99245018797
61 17 1.82245732818
62 18 1.68823996015
63 19 1.6250993512
64 20 1.81618268443
65 21 1.9624923885
66 22 2.14629106387
67 23 2.07179325092
68 24 2.13208428956
69 25 2.12443480157
70 26 2.29661430639
71 27 2.32851220251
72 28 2.52028126164
73 29 2.6383205879
74 30 2.65528084278
75 31 2.44900747076
76 32 2.41720739309
77 33 2.27483231608
78 34 2.28588032052
79 35 2.17147851153
80 36 2.26864288363
81 37 2.21910251576
82 38 2.3441655631
83 39 2.324716173
84 40 2.35096755626
85 41 2.49789618476
86 42 2.42347788449
87 43 2.24439015104
88 44 3.18113179334
89 44 3.18113179334
90 44 3.18113179334
91 44 3.18113179334
92 44 3.18113179334
93 44 3.18113179334
94 44 3.18113179334
95 44 3.18113179334
96 44 3.18113179334
97 44 3.18113179334
98 44 3.18113179334
99 44 3.18113179334
100 44 3.18113179334
101 44 3.18113179334
102 44 3.18113179334
103 44 3.18113179334
104 44 3.18113179334
105 44 3.18113179334
106 44 3.18113179334
107 44 3.18113179334
108 44 3.18113179334
109 44 3.18113179334
110 44 3.18113179334
111 44 3.18113179334
112 44 3.18113179334
113 44 3.18113179334
114 44 3.18113179334
115 44 3.18113179334
116 44 3.18113179334
117 44 3.18113179334
118 44 3.18113179334
119 44 3.18113179334
120 44 3.18113179334
121 44 3.18113179334
122 44 3.18113179334
123 44 3.18113179334
124 45 2.35244686098
125 46 2.20269203534
126 47 2.3033840768
127 48 2.19871038167
128 49 2.28766455081
129 50 2.17907437777
130 51 2.30919456399
131 52 3.9656569841
132 52 3.9656569841
133 52 3.9656569841
134 52 3.9656569841
135 52 3.9656569841
136 52 3.9656569841
137 52 3.9656569841
138 52 3.9656569841
139 52 3.9656569841
140 52 3.9656569841
141 52 3.9656569841
142 52 3.9656569841
143 52 3.9656569841
144 52 3.9656569841
145 52 3.9656569841
146 52 3.9656569841
147 52 3.9656569841
148 52 3.9656569841
149 53 2.56695554488
150 54 2.4886374564
151 55 2.50293531205
152 56 2.31946910267
153 57 2.34328859068
154 58 2.15960923376
155 59 2.03913649277
156 60 1.88073059338
157 61 1.74095704954
158 62 1.53699249856
159 63 1.49584509147
160 64 1.31504161108
161 65 1.36001010841
162 66 1.56225647346
163 67 1.73902801312
164 68 1.76061338951
165 69 1.93694254667
166 70 2.03052265519
167 71 2.20911431448
168 72 2.37378207347
169 73 2.57986720985
170 74 2.6821534569
171 75 2.48375774424
172 76 2.28499608399
173 77 2.15315881172
174 78 2.05178983348
175 79 1.89019749386
176 80 1.80151981156
177 81 1.77127945482
178 82 1.67350679687
179 83 1.71156628461
180 84 1.63749549608
181 85 1.78838098099
182 86 1.74818184946
183 87 1.73358704848
184 88 1.87519495482
185 89 1.74745692626
186 90 1.75933427096
187 91 1.64207964495
188 92 1.64555892739
189 93 1.5732905295
190 94 1.71292501539
191 95 1.59002725036
192 96 1.62259399391
193 97 1.45819975531
194 98 1.468917872
195 99 1.59570473087
196 100 1.61302370084
197 101 1.76219141409
198 102 1.77245446814
199 103 1.93439302118
200 104 2.06879261895
201 105 2.22568658916
202 106 2.28311820625
203 107 2.15868904489
204 108 2.27849478108
205 109 2.14057127443
206 110 1.93932464204
207 111 1.83097374513
208 112 1.6333973317
209 113 1.50449663205
210 114 1.42626789985
211 115 1.23162987425
212 116 1.24312689816
213 117 1.29888059763
214 118 1.47825873301
215 119 1.65793396768
216 120 1.87242745091
217 121 2.0478334705
218 122 2.16340190479
219 123 2.24108036946
220 124 2.30932619924
221 125 2.11438970655
222 126 1.98063341242
223 127 1.79205424814
224 128 1.61484575973
225 129 1.47685022937
226 130 1.28783589635
227 131 1.19730445472
228 132 1.0355498767
229 133 1.1026592375
230 134 1.29098908831
231 135 1.42415096033
232 136 1.59743933138
233 137 1.79119360736
234 138 1.95943707416
235 139 2.1300784437
236 140 2.32025583766
237 141 2.42747371571
238 142 2.58599992499
239 143 2.57976016313
240 144 2.47187823435
241 145 2.34483528952
242 146 2.41517306989
243 147 2.27056907584
244 148 2.08837913612
245 149 1.99957518244
246 150 1.83020764884
247 151 1.86207670923
248 152 1.74798262754
249 153 1.72675843095
250 154 1.66533672885
251 155 1.59692266744
252 156 1.59964608645
253 157 1.80390205252
254 158 1.91313239668
255 159 2.11612376725
256 160 2.21681304771
257 161 2.41289402364
258 162 2.52365553663
259 163 2.70918076795
260 164 2.7275233819
261 165 2.79796170609
262 166 2.64780935746
263 167 2.46610480999
264 168 2.31889762158
265 169 2.15717464054
266 170 1.99219519835
267 171 1.81331206188
268 172 1.63946147159
269 173 1.59926284575
270 174 1.80289510134
271 175 1.8862269176
272 176 2.07619232732
273 177 5.15193224285
274 177 5.15193224285
275 177 5.15193224285
276 177 5.15193224285
277 177 5.15193224285
278 177 5.15193224285
279 177 5.15193224285
280 177 5.15193224285
281 177 5.15193224285
282 177 5.15193224285
283 177 5.15193224285
284 177 5.15193224285
285 178 2.10473300159
286 179 2.26979481738
287 180 2.36941286942
288 181 2.48811927419
289 182 2.61634259776
290 183 2.8076105364
291 184 2.8352387493
292 185 3.04440795682
293 186 3.02442409277
294 187 3.12665231508
295 188 3.09981236998
296 189 3.14806777816
297 190 3.31700906686
298 191 3.37091677334
299 192 3.33684755676
300 193 3.28683294899
301 194 3.08814204298
302 195 3.02968272831
303 196 2.88493379518
304 197 2.70220489251
305 198 2.65380103487
306 199 2.49294115553
307 200 2.38338384276
308 201 2.26023670837
309 202 2.15184639893
310 203 2.15105673291
311 204 1.95842999395
312 205 1.9811764296
313 206 2.14892997754
314 207 2.19934287252
315 208 2.18107077831
316 209 2.31552765836
317 210 2.38836093174
318 211 2.49791374568
319 212 2.62631287634
320 213 2.75703120581
321 214 2.89211149239
322 215 3.05250799601
323 216 3.17189679972
324 217 3.15915129319
325 218 3.07754940855
326 219 2.88660813138
327 220 2.81970318596
328 221 2.65971028463
329 222 2.59524467656
330 223 2.47584489063
331 224 2.37387332251
332 225 2.48545440461
333 226 2.43808028352
334 227 4.79849818968
335 227 4.79849818968
336 227 4.79849818968
337 227 4.79849818968
338 227 4.79849818968
339 227 4.79849818968
340 227 4.79849818968
341 227 4.79849818968
342 227 4.79849818968
343 227 4.79849818968
344 227 4.79849818968
345 227 4.79849818968
346 227 4.79849818968
347 227 4.79849818968
348 227 4.79849818968
349 227 4.79849818968
350 227 4.79849818968
351 227 4.79849818968
352 227 4.79849818968
353 227 4.79849818968
354 227 4.79849818968
355 227 4.79849818968
356 228 2.69118835931
357 229 2.80885373169
358 230 2.81781457196
359 231 2.77619912467
360 232 2.9140191746
361 233 3.00026233755
362 234 3.0312208898
363 235 3.20873080396
364 236 3.29262959713
365 237 3.23027782601
366 238 3.38857878312
367 239 3.27898870694
368 240 3.08727813256
369 241 2.93509840844
370 242 2.7646399116
371 243 2.62762242073
372 244 2.59331727378
373 245 2.41083394837
374 246 2.33225878421
375 247 2.27966299019
376 248 2.08176266729
377 249 2.11830018693
378 250 2.32441745786
379 251 2.37021088358
380 252 2.55742657809
381 253 2.69883530159
382 254 2.74046600463
383 255 2.72113457002
384 256 2.54395244441
385 257 2.59529643229
386 258 2.74146167372
387 259 2.82395214511
388 260 2.99956158264
389 261 3.08113570241
390 262 3.25869634661
391 263 3.15911620033
392 264 3.13703412204
393 265 2.97062463116
394 266 3.00670014776
395 267 2.93064594985
396 268 2.80293529316
397 269 2.77220882724
398 270 2.71960425117
399 271 2.84524416337
400 272 2.98844232731
401 273 3.02353332685
402 274 2.82993302084
403 275 2.70019015446
404 276 2.51516857127
405 277 2.42052396322
406 278 2.23012276875
407 279 2.13946748995
408 280 1.96127652603
409 281 1.80727117071
410 282 1.77329151174
411 283 1.92094385764
412 284 2.04652881118
413 285 2.21998817222
414 286 2.37809301547
415 287 2.40287954918
416 288 2.54242245193
417 289 2.60409139745
418 290 2.81089046703
419 291 2.9350924996
420 292 3.00449485024
421 293 2.83862326078
422 294 2.65825814854
423 295 2.56320402557
424 296 2.67284637572
425 297 2.58809419471
426 298 2.67608652617
427 299 5.60875234613
428 299 5.60875234613
429 299 5.60875234613
430 299 5.60875234613
431 299 5.60875234613
432 299 5.60875234613
433 299 5.60875234613
434 299 5.60875234613
435 299 5.60875234613
436 299 5.60875234613
437 299 5.60875234613
438 299 5.60875234613
439 299 5.60875234613
440 299 5.60875234613
441 299 5.60875234613
442 299 5.60875234613
443 299 5.60875234613
444 299 5.60875234613
445 299 5.60875234613
446 299 5.60875234613
447 299 5.60875234613
448 299 5.60875234613
449 299 5.60875234613
450 299 5.60875234613
451 299 5.60875234613
452 299 5.60875234613
453 299 5.60875234613
454 299 5.60875234613
455 299 5.60875234613
456 299 5.60875234613
457 299 5.60875234613
458 299 5.60875234613
459 299 5.60875234613
460 299 5.60875234613
461 299 5.60875234613
462 299 5.60875234613
463 299 5.60875234613
464 299 5.60875234613
465 299 5.60875234613
466 299 5.60875234613
467 299 5.60875234613
468 299 5.60875234613
469 299 5.60875234613
470 299 5.60875234613
471 299 5.60875234613
472 299 5.60875234613
473 299 5.60875234613
474 299 5.60875234613
475 299 5.60875234613
476 299 5.60875234613
477 299 5.60875234613
478 299 5.60875234613
479 299 5.60875234613
480 299 5.60875234613
481 299 5.60875234613
482 299 5.60875234613
483 299 5.60875234613
484 299 5.60875234613
485 299 5.60875234613
486 299 5.60875234613
487 299 5.60875234613
488 299 5.60875234613
489 299 5.60875234613
490 299 5.60875234613
491 300 3.29457762362
492 300 3.29457762362
493 300 3.29457762362
494 300 3.29457762362
495 300 3.29457762362
496 300 3.29457762362
497 300 3.29457762362
498 300 3.29457762362
499 300 3.29457762362
500 300 3.29457762362
501 300 3.29457762362
502 300 3.29457762362
503 300 3.29457762362
504 300 3.29457762362
505 300 3.29457762362
506 300 3.29457762362
507 300 3.29457762362
508 300 3.29457762362
509 300 3.29457762362
510 300 3.29457762362
511 300 3.29457762362
512 300 3.29457762362
513 300 3.29457762362
514 300 3.29457762362
515 300 3.29457762362
516 300 3.29457762362
517 300 3.29457762362
518 300 3.29457762362
519 300 3.29457762362
520 300 3.29457762362
521 300 3.29457762362
522 300 3.29457762362
523 300 3.29457762362
524 300 3.29457762362
525 300 3.29457762362
526 300 3.29457762362
527 300 3.29457762362
528 300 3.29457762362
529 300 3.29457762362
530 300 3.29457762362
531 300 3.29457762362
532 300 3.29457762362
533 300 3.29457762362
534 300 3.29457762362
535 300 3.29457762362
536 300 3.29457762362
537 300 3.29457762362
538 300 3.29457762362
539 300 3.29457762362
540 300 3.29457762362
541 300 3.29457762362
542 300 3.29457762362
543 300 3.29457762362
544 300 3.29457762362
545 300 3.29457762362
546 300 3.29457762362
547 300 3.29457762362
548 300 3.29457762362
549 300 3.29457762362
550 300 3.29457762362
551 300 3.29457762362
552 300 3.29457762362
553 300 3.29457762362
554 300 3.29457762362
555 300 3.29457762362
556 300 3.29457762362
557 300 3.29457762362
558 300 3.29457762362
559 300 3.29457762362
560 300 3.29457762362
561 300 3.29457762362
562 300 3.29457762362
563 300 3.29457762362
564 300 3.29457762362
565 300 3.29457762362
566 300 3.29457762362
567 300 3.29457762362
568 300 3.29457762362
569 300 3.29457762362
570 300 3.29457762362
571 300 3.29457762362
572 300 3.29457762362
573 300 3.29457762362
574 300 3.29457762362
575 301 3.76252519166
576 301 3.76252519166
577 301 3.76252519166
578 301 3.76252519166
579 301 3.76252519166
580 301 3.76252519166
581 301 3.76252519166
582 301 3.76252519166
583 301 3.76252519166
584 301 3.76252519166
585 301 3.76252519166
586 301 3.76252519166
587 301 3.76252519166
588 301 3.76252519166
589 301 3.76252519166
590 301 3.76252519166
591 301 3.76252519166
592 301 3.76252519166
593 301 3.76252519166
594 301 3.76252519166
595 301 3.76252519166
596 301 3.76252519166
597 301 3.76252519166
598 301 3.76252519166
599 301 3.76252519166
600 301 3.76252519166
601 301 3.76252519166
602 301 3.76252519166
603 301 3.76252519166
604 301 3.76252519166
605 301 3.76252519166
606 301 3.76252519166
607 301 3.76252519166
608 301 3.76252519166
609 301 3.76252519166
610 301 3.76252519166
611 301 3.76252519166
612 301 3.76252519166
613 301 3.76252519166
614 301 3.76252519166
615 301 3.76252519166
616 301 3.76252519166
617 301 3.76252519166
618 301 3.76252519166
619 301 3.76252519166
620 301 3.76252519166
621 301 3.76252519166
622 301 3.76252519166
623 301 3.76252519166
624 301 3.76252519166
625 301 3.76252519166
626 301 3.76252519166
627 301 3.76252519166
628 301 3.76252519166
629 301 3.76252519166
630 301 3.76252519166
631 301 3.76252519166
632 301 3.76252519166
633 301 3.76252519166
634 301 3.76252519166
635 301 3.76252519166
636 301 3.76252519166
637 301 3.76252519166
638 301 3.76252519166
639 301 3.76252519166
640 301 3.76252519166
641 301 3.76252519166
642 301 3.76252519166
643 301 3.76252519166
644 301 3.76252519166
645 301 3.76252519166
646 301 3.76252519166
647 301 3.76252519166
648 301 3.76252519166
649 301 3.76252519166
650 301 3.76252519166
651 301 3.76252519166
652 301 3.76252519166
653 301 3.76252519166
654 301 3.76252519166
655 301 3.76252519166
656 301 3.76252519166
657 301 3.76252519166
658 301 3.76252519166
659 302 3.56332187732
660 303 3.52620087413
661 304 3.67396946139
662 305 3.62110366782
663 306 3.68967050313
664 307 3.87992975432
665 308 3.9185036858
666 309 3.89871819924
667 310 4.04614575496
668 311 4.21068594449
669 312 4.20208515766
670 313 4.25610333857
671 314 4.45245028585
672 315 4.52548659878
673 316 4.53050739561
674 317 4.37481449588
675 318 4.22723476949
676 319 4.11612920224
677 320 4.04716953258
678 321 3.95788494987
679 322 3.80813195959
680 323 3.72569883052
681 324 3.69367243807
682 325 3.59111295854
683 326 3.4662122839
684 327 3.41677354282
685 328 3.32724896339
686 329 3.19044594719
687 330 3.35975715573
688 331 3.33236222876
689 332 3.21894517341
690 333 3.21525262005
691 334 3.37048137331
692 335 3.45829932316
693 336 3.43285796816
694 337 3.52908832399
695 338 3.69555021921
696 339 3.68665618215
697 340 3.70414459201
698 341 3.87141615493
699 342 3.993413282
700 343 3.96860414803
701 344 4.03565998481
702 345 4.21877407411
703 346 4.31486457462
704 347 4.5446484628
705 348 4.70906670649
706 349 4.49662575109
707 350 4.40986824331
708 351 4.28077712549
709 352 4.1732501305
710 353 4.04577908623
711 354 4.00548741184
712 355 3.87998910453
713 356 3.7194823096
714 357 3.56099504527
715 358 3.57578182483
716 359 3.49571093542
717 360 3.36404261064
718 361 3.28592746735
719 362 3.28735949974
720 363 3.20559074432
721 364 3.06232384346
722 365 2.99794867149
723 366 3.11197563925
724 367 3.09976053434
725 368 3.10904973679
726 369 3.16335377099
727 370 3.35150921819
728 371 3.32011425962
729 372 3.21256036748
730 373 3.36202879989
731 374 3.50685908512
732 375 3.40596440779
733 376 3.39959217878
734 377 3.60825408808
735 378 3.67370007765
736 379 3.55559984267
737 380 3.64747115312
738 381 3.46803894234
739 382 3.42043914775
740 383 3.34213810564
741 384 3.15984175025
742 385 3.10672425351
743 386 3.19658689578
744 387 3.14814263705
745 388 2.97393885501
746 389 2.96490434651
747 390 3.08674523771
748 391 3.03817979402
749 392 3.20300164973
750 393 3.34492516757
751 394 3.41683986522
752 395 3.62236821049
753 396 3.5847294033
754 397 3.43470733609
755 398 3.57338359826
756 399 3.74600685076
757 400 3.63012303812
758 401 3.58573539971
759 402 3.79719916956
760 403 3.88836191628
761 404 3.77009756735
762 405 3.74129503418
763 406 3.95662114036
764 407 3.91938227696
765 408 3.70181038167
766 409 3.51415875366
767 410 3.56728257492
768 411 3.47284676805
769 412 3.29299304627
770 413 3.28191229341
771 414 3.36007172797
772 415 3.22155488599
773 416 3.09464397014
774 417 3.17101941867
775 418 3.19763774196
776 419 3.01796296053
777 420 2.99250192309
778 421 3.12981561309
779 422 3.0454570662
780 423 2.93449854876
781 424 3.06973263891
782 425 3.24302086679
783 426 8.81446883121
784 426 8.81446883121
785 426 8.81446883121
786 426 8.81446883121
787 426 8.81446883121
788 426 8.81446883121
789 426 8.81446883121
790 426 8.81446883121
791 426 8.81446883121
792 426 8.81446883121
793 426 8.81446883121
794 426 8.81446883121
795 426 8.81446883121
796 426 8.81446883121
797 426 8.81446883121
798 426 8.81446883121
799 426 8.81446883121
800 426 8.81446883121
801 426 8.81446883121
802 426 8.81446883121
803 426 8.81446883121
804 426 8.81446883121
805 426 8.81446883121
806 426 8.81446883121
807 426 8.81446883121
808 426 8.81446883121
809 427 3.18338682412
810 428 3.30767080177
811 429 3.51091248759
812 430 3.48410138899
813 431 3.32667403068
814 432 3.43844514346
815 433 3.60612978457
816 434 3.4866547158
817 435 3.40609053917
818 436 3.60108022509
819 437 3.67705748122
820 438 3.51049583643
821 439 3.48567019801
822 440 3.57967781529
823 441 3.53503587123
824 442 3.47546699685
825 443 3.27336959811
826 444 3.15698048559
827 445 3.15189803934
828 446 3.126350663
829 447 3.30024659108
830 448 3.23557316432
831 449 3.08415995135
832 450 3.19802797869
833 451 3.28230663896
834 452 3.46200588929
835 453 3.47611828882
836 454 2.46461460412
837 454 2.46461460412
838 454 2.46461460412
839 454 2.46461460412
840 454 2.46461460412
841 454 2.46461460412
842 454 2.46461460412
843 454 2.46461460412
844 454 2.46461460412
845 454 2.46461460412
846 454 2.46461460412
847 454 2.46461460412
848 454 2.46461460412
849 454 2.46461460412
850 454 2.46461460412
851 454 2.46461460412
852 454 2.46461460412
853 454 2.46461460412
854 454 2.46461460412
855 454 2.46461460412
856 454 2.46461460412
857 454 2.46461460412
858 454 2.46461460412
859 454 2.46461460412
860 454 2.46461460412
861 454 2.46461460412
862 454 2.46461460412
863 454 2.46461460412
864 454 2.46461460412
865 454 2.46461460412
866 454 2.46461460412
867 454 2.46461460412
868 454 2.46461460412
869 454 2.46461460412
870 454 2.46461460412
871 454 2.46461460412
872 454 2.46461460412
873 454 2.46461460412
874 454 2.46461460412
875 454 2.46461460412
876 454 2.46461460412
877 454 2.46461460412
878 454 2.46461460412
879 454 2.46461460412
880 454 2.46461460412
881 454 2.46461460412
882 454 2.46461460412
883 454 2.46461460412
884 454 2.46461460412
885 454 2.46461460412
886 454 2.46461460412
887 454 2.46461460412
888 454 2.46461460412
889 455 8.1905252103
890 455 8.1905252103
891 455 8.1905252103
892 455 8.1905252103
893 455 8.1905252103
894 455 8.1905252103
895 455 8.1905252103
896 455 8.1905252103
897 455 8.1905252103
898 455 8.1905252103
899 455 8.1905252103
900 455 8.1905252103
901 455 8.1905252103
902 455 8.1905252103
903 455 8.1905252103
904 455 8.1905252103
905 455 8.1905252103
906 455 8.1905252103
907 455 8.1905252103
908 455 8.1905252103
909 455 8.1905252103
910 455 8.1905252103
911 455 8.1905252103
912 455 8.1905252103
913 455 8.1905252103
914 455 8.1905252103
915 455 8.1905252103
916 455 8.1905252103
917 455 8.1905252103
918 455 8.1905252103
919 455 8.1905252103
920 455 8.1905252103
921 455 8.1905252103
922 455 8.1905252103
923 455 8.1905252103
924 455 8.1905252103
925 455 8.1905252103
926 455 8.1905252103
927 455 8.1905252103
928 455 8.1905252103
929 455 8.1905252103
930 455 8.1905252103
931 455 8.1905252103
932 455 8.1905252103
933 455 8.1905252103
934 455 8.1905252103
935 455 8.1905252103
936 455 8.1905252103
937 455 8.1905252103
938 455 8.1905252103
939 455 8.1905252103
940 455 8.1905252103
941 455 8.1905252103
942 456 3.77300591694
943 457 3.72992637125
944 458 3.77942054037
945 459 3.69268836768
946 460 3.63003726197
947 461 3.67534201467
948 462 3.611676284
949 463 3.65331054901
950 464 3.62216598796
951 465 3.52642221707
952 466 3.44481657846
953 467 3.48120572115
954 468 3.44226475307
955 469 3.37984166991
956 470 3.33506344355
957 471 3.33050275152
958 472 3.2723248109
959 473 3.19456730906
960 474 3.21260942266
961 475 3.22800893319
962 476 3.32249462672
963 477 3.27591733894
964 478 10.6815379959
965 478 10.6815379959
966 478 10.6815379959
967 478 10.6815379959
968 478 10.6815379959
969 478 10.6815379959
970 478 10.6815379959
971 478 10.6815379959
972 478 10.6815379959
973 478 10.6815379959
974 478 10.6815379959
975 478 10.6815379959
976 478 10.6815379959
977 478 10.6815379959
978 478 10.6815379959
979 478 10.6815379959
980 478 10.6815379959
981 478 10.6815379959
982 478 10.6815379959
983 478 10.6815379959
984 478 10.6815379959
985 478 10.6815379959
986 478 10.6815379959
987 478 10.6815379959
988 478 10.6815379959
989 478 10.6815379959
990 478 10.6815379959
991 478 10.6815379959
992 478 10.6815379959
993 478 10.6815379959
994 478 10.6815379959
995 478 10.6815379959
996 478 10.6815379959
997 478 10.6815379959
998 478 10.6815379959
999 478 10.6815379959
1000 479 3.30684819234
1001 480 3.39580350807
1002 481 3.4763172044
1003 482 3.58474082586
1004 483 3.63948051437
1005 484 3.74320423221
1006 485 3.82187657975
1007 486 3.91813496601
1008 487 3.96009014066
1009 488 3.91358217929
1010 489 3.85853987373
1011 490 3.75273978954
1012 491 3.68266101324
1013 492 3.57689983136
1014 493 3.53136856305
1015 494 3.46722904165
1016 495 3.55006213037
1017 496 3.62021430452
1018 497 3.54741987891
1019 498 3.53638510833
1020 499 3.64517454956
1021 500 3.66852980987
1022 501 3.61185250111
1023 502 3.6837631061
1024 503 3.76861294852
1025 504 3.77827641129
1026 505 3.87021748176
1027 506 3.86530307956
1028 507 3.86659303022
1029 508 3.92762060068
1030 509 4.03407944277
1031 510 4.08886998167
1032 511 4.02216927404
1033 512 12.2197189462
1034 512 12.2197189462
1035 512 12.2197189462
1036 512 12.2197189462
1037 512 12.2197189462
1038 512 12.2197189462
